Photo_2018-11-11T150458.jpg [[144, 37], [520, 29], [138, 456], [546, 446]]
Photo_2018-11-11T135414.jpg [[157, 23], [531, 24], [136, 431], [546, 442]]
Photo_2018-11-11T122950.jpg [[112, 21], [512, 31], [120, 436], [492, 439]]
Photo_2018-11-11T112513.jpg [[139, 58], [490, 48], [134, 442], [507, 440]]
Photo_2018-11-11T102320.jpg [[147, 72], [478, 56], [150, 446], [514, 427]]
Photo_2018-11-10T203321.jpg [[157, 47], [538, 49], [164, 447], [530, 448]]
Photo_2018-11-10T181949.jpg [[140, 44], [498, 42], [124, 438], [510, 443]]
Photo_2018-11-10T172922.jpg [[132, 34], [494, 42], [106, 445], [508, 447]]
Photo_2018-11-10T162648.jpg [[144, 63], [494, 65], [156, 426], [484, 423]]
Photo_2018-11-10T153753.jpg [[170, 44], [534, 45], [153, 443], [546, 455]]
Photo_2018-11-10T134757.jpg [[147, 47], [520, 51], [156, 439], [511, 440]]
Photo_2018-11-10T124448.jpg [[156, 59], [498, 58], [148, 430], [508, 434]]
Photo_2018-11-10T114245.jpg [[152, 55], [500, 47], [145, 425], [506, 431]]
Photo_2018-11-10T105013.jpg [[53, 67], [434, 49], [70, 461], [438, 463]]
Photo_2018-11-10T104019.jpg [[148, 55], [503, 59], [155, 427], [496, 425]]
Photo_2018-11-09T203551.jpg [[122, 27], [513, 20], [106, 461], [539, 461]]
Photo_2018-11-09T194309.jpg [[122, 34], [502, 33], [93, 457], [520, 465]]
Photo_2018-11-09T185419.jpg [[131, 41], [507, 37], [125, 463], [531, 452]]
Photo_2018-11-03T173707.jpg [[92, 25], [506, 23], [84, 456], [500, 473]]
Photo_2018-11-03T173612.jpg [[110, 31], [492, 31], [92, 458], [513, 455]]
Photo_2018-11-03T163850.jpg [[105, 67], [452, 51], [93, 447], [478, 444]]
Photo_2018-11-03T153502.jpg [[190, 16], [568, 47], [160, 441], [560, 451]]
Photo_2018-11-03T153251.jpg [[140, 27], [496, 41], [137, 427], [501, 413]]
Photo_2018-11-03T153209.jpg [[122, 36], [482, 39], [114, 430], [485, 431]]
Photo_2018-11-03T144202.jpg [[112, 26], [497, 33], [103, 441], [495, 444]]
Photo_2018-11-03T143827.jpg [[99, 51], [457, 43], [100, 427], [457, 429]]
Photo_2018-11-03T134148.jpg [[60, 50], [423, 30], [59, 441], [444, 437]]
Photo_2018-11-03T133513.jpg [[180, 55], [532, 47], [170, 433], [545, 439]]
Photo_2018-11-03T124302.jpg [[153, 49], [524, 45], [146, 458], [542, 453]]
Photo_2018-11-03T114356.jpg [[119, 65], [486, 61], [127, 468], [506, 449]]
Photo_2018-11-03T114011.jpg [[158, 39], [518, 39], [144, 434], [534, 436]]
Photo_2018-11-03T113858.jpg [[129, 35], [510, 33], [116, 461], [534, 459]]
Photo_2018-11-03T105249.jpg [[120, 46], [467, 50], [109, 433], [484, 428]]
Photo_2018-11-03T105241.jpg [[98, 53], [465, 45], [83, 459], [486, 459]]
Photo_2018-10-25T174516.jpg [[114, 55], [466, 54], [100, 447], [484, 442]]
Photo_2018-10-25T165123.jpg [[130, 55], [523, 45], [156, 447], [516, 445]]
Photo_2018-10-07T200927.jpg [[130, 36], [508, 33], [126, 453], [527, 445]]
Photo_2018-10-06T174431.jpg [[140, 56], [497, 38], [140, 447], [520, 443]]
Photo_2018-10-06T164748.jpg [[100, 25], [486, 40], [88, 449], [486, 447]]
Photo_2018-10-06T164408.jpg [[102, 32], [485, 31], [94, 459], [506, 453]]
Photo_2018-10-06T155029.jpg [[94, 43], [469, 21], [104, 437], [486, 433]]
Photo_2018-10-06T154900.jpg [[154, 23], [512, 19], [139, 419], [530, 419]]
Photo_2018-10-06T145304.jpg [[132, 23], [546, 19], [150, 451], [536, 449]]
Photo_2018-10-06T135436.jpg [[144, 45], [514, 42], [128, 446], [522, 460]]
Photo_2018-10-06T125221.jpg [[110, 36], [483, 34], [96, 453], [506, 444]]
Photo_2018-10-06T123047.jpg [[126, 27], [496, 20], [124, 437], [522, 426]]
Photo_2018-10-06T113933.jpg [[172, 21], [552, 29], [147, 437], [560, 453]]
Photo_2018-10-06T105411.jpg [[132, 46], [512, 45], [121, 475], [540, 468]]
Photo_2018-09-29T172556.jpg [[194, 47], [560, 52], [182, 444], [560, 448]]
Photo_2018-09-29T172335.jpg [[118, 40], [462, 39], [98, 413], [466, 428]]
Photo_2018-09-29T162903.jpg [[81, 28], [463, 31], [61, 448], [471, 453]]
Photo_2018-09-29T153415.jpg [[103, 47], [477, 39], [92, 459], [494, 459]]
Photo_2018-09-29T144802.jpg [[162, 19], [535, 33], [157, 439], [537, 429]]
Photo_2018-09-29T144039.jpg [[89, 25], [463, 16], [61, 441], [486, 447]]
Photo_2018-09-29T135217.jpg [[140, 43], [509, 29], [135, 439], [523, 442]]
Photo_2018-09-29T125424.jpg [[126, 35], [517, 43], [120, 463], [514, 455]]
Photo_2018-09-29T115058.jpg [[144, 37], [545, 44], [158, 454], [526, 444]]
Photo_2018-09-29T110122.jpg [[112, 37], [472, 30], [103, 431], [490, 433]]
Photo_2018-08-10T140613.jpg [[73, 23], [458, 19], [70, 423], [448, 438]]
Photo_2018-08-10T140543.jpg [[90, 45], [477, 21], [100, 452], [495, 450]]
Photo_2018-08-10T140534.jpg [[138, 46], [540, 47], [134, 461], [526, 479]]
Photo_2018-08-10T140527.jpg [[115, 38], [502, 27], [113, 453], [511, 456]]
Photo_2018-07-25T210036.jpg [[106, 39], [494, 31], [107, 459], [510, 454]]
Photo_2018-07-22T161500.jpg [[111, 25], [509, 19], [113, 465], [530, 453]]
Photo_2018-07-21T174748.jpg [[166, 31], [561, 18], [165, 458], [582, 458]]
Photo_2018-07-21T165634.jpg [[157, 33], [522, 49], [138, 441], [521, 443]]
Photo_2018-07-21T165423.jpg [[145, 35], [540, 25], [140, 457], [553, 463]]
Photo_2018-07-21T160247.jpg [[106, 46], [492, 32], [114, 457], [503, 452]]
Photo_2018-07-21T150521.jpg [[108, 17], [498, 34], [108, 461], [508, 436]]
Photo_2018-07-21T145744.jpg [[114, 25], [502, 60], [84, 471], [492, 468]]
Photo_2018-07-21T140729.jpg [[58, 49], [448, 24], [70, 459], [466, 455]]
Photo_2018-07-21T140713.jpg [[112, 71], [466, 42], [130, 445], [491, 436]]
Photo_2018-07-21T140513.jpg [[115, 45], [493, 39], [100, 466], [514, 464]]
Photo_2018-07-21T124154.jpg [[124, 21], [539, 25], [137, 453], [524, 449]]
Photo_2018-07-21T114014.jpg [[141, 37], [539, 29], [162, 476], [559, 444]]
Photo_2018-07-21T113806.jpg [[110, 57], [489, 36], [122, 454], [504, 447]]
Photo_2018-07-21T113309.jpg [[89, 21], [501, 15], [106, 445], [494, 446]]
Photo_2018-07-21T104254.jpg [[228, 50], [575, 65], [217, 428], [564, 435]]
Photo_2018-07-21T104208.jpg [[198, 67], [530, 53], [226, 431], [553, 398]]
Photo_2018-07-21T103918.jpg [[123, 46], [504, 37], [114, 468], [527, 465]]
Photo_2018-07-20T202000.jpg [[138, 40], [528, 34], [128, 463], [541, 469]]
Photo_2018-07-16T203340.jpg [[108, 37], [490, 33], [88, 458], [504, 467]]
Photo_2018-07-15T175653.jpg [[92, 41], [472, 32], [82, 465], [492, 457]]
Photo_2018-07-14T160657.jpg [[56, 30], [454, 17], [54, 463], [468, 457]]
Photo_2018-07-10T204512.jpg [[113, 47], [490, 39], [139, 439], [494, 423]]
Photo_2018-07-08T153755.jpg [[131, 47], [512, 41], [124, 455], [517, 466]]
Photo_2018-07-02T074624.jpg [[110, 18], [516, 17], [108, 449], [514, 457]]
Photo_2018-06-22T184800.jpg [[92, 18], [490, 14], [85, 453], [499, 453]]
Photo_2018-07-04T143625.jpg [[157, 52], [530, 40], [152, 449], [540, 456]]
Photo_2018-06-25T210638.jpg [[90, 33], [473, 31], [75, 451], [478, 459]]
Photo_2018-06-23T165317.jpg [[124, 28], [521, 19], [119, 464], [542, 458]]
Photo_2018-06-16T172015.jpg [[118, 7], [543, 17], [127, 454], [528, 451]]
Photo_2018-06-16T162629.jpg [[105, 48], [471, 30], [120, 419], [470, 429]]
Photo_2018-06-16T161837.jpg [[101, 37], [506, 29], [120, 452], [498, 447]]
Photo_2018-06-16T153548.jpg [[168, 77], [501, 85], [166, 449], [504, 437]]
Photo_2018-06-16T152230.jpg [[167, 20], [562, 20], [151, 458], [586, 459]]
Photo_2018-06-16T143128.jpg [[150, 35], [527, 33], [134, 453], [548, 457]]
Photo_2018-06-16T125245.jpg [[122, 31], [523, 30], [112, 469], [529, 469]]
Photo_2018-06-16T120321.jpg [[134, 36], [525, 35], [122, 469], [539, 469]]
Photo_2018-06-16T115632.jpg [[87, 114], [372, 102], [110, 410], [379, 407]]
Photo_2018-06-16T110601.jpg [[115, 58], [510, 35], [146, 452], [511, 446]]
Photo_2018-06-16T110117.jpg [[144, 52], [497, 47], [130, 443], [516, 443]]
Photo_2018-06-16T100926.jpg [[134, 67], [478, 65], [143, 424], [470, 428]]
Photo_2018-06-16T100857.jpg [[94, 7], [536, 15], [105, 468], [518, 466]]
Photo_2018-06-13T191722.jpg [[178, 43], [550, 39], [169, 445], [562, 448]]
Photo_2018-06-13T182633.jpg [[127, 36], [507, 27], [110, 447], [516, 455]]
Photo_2018-06-09T174901.jpg [[124, 12], [576, 13], [158, 457], [542, 445]]
Photo_2018-06-09T165852.jpg [[111, 13], [532, 12], [125, 451], [522, 451]]
Photo_2018-06-02T222153.jpg [[150, 30], [532, 31], [137, 455], [551, 455]]
Photo_2018-06-02T202919.jpg [[120, 19], [535, 11], [116, 467], [554, 468]]
Photo_2018-06-01T211600.jpg [[150, 52], [520, 51], [136, 455], [529, 461]]
Photo_2018-05-28T161554.jpg [[122, 20], [529, 19], [115, 463], [537, 462]]
Photo_2018-05-26T172549.jpg [[159, 41], [534, 40], [163, 456], [554, 445]]
Photo_2018-05-26T163511.jpg [[135, 8], [516, 13], [115, 435], [536, 431]]
Photo_2018-05-26T154151.jpg [[110, 34], [500, 37], [98, 475], [519, 465]]
Photo_2018-05-26T144844.jpg [[192, 54], [543, 62], [176, 448], [552, 451]]
Photo_2018-05-26T140511.jpg [[143, 35], [529, 37], [138, 457], [538, 453]]
