~ 0.0000 0.0000 0.0667 0.0667
~ 0.0667 0.0000 0.1333 0.0667
~ 0.1333 0.0000 0.2000 0.0667
~ 0.2000 0.0000 0.2667 0.0667
~ 0.2667 0.0000 0.3333 0.0667
~ 0.3333 0.0000 0.4000 0.0667
~ 0.4000 0.0000 0.4667 0.0667
~ 0.4667 0.0000 0.5333 0.0667
~ 0.5333 0.0000 0.6000 0.0667
~ 0.6000 0.0000 0.6667 0.0667
~ 0.6667 0.0000 0.7333 0.0667
H 0.7333 0.0000 0.8000 0.0667
E 0.8000 0.0000 0.8667 0.0667
B 0.8667 0.0000 0.9333 0.0667
E 0.9333 0.0000 1.0000 0.0667
~ 0.0000 0.0667 0.0667 0.1333
~ 0.0667 0.0667 0.1333 0.1333
~ 0.1333 0.0667 0.2000 0.1333
~ 0.2000 0.0667 0.2667 0.1333
J 0.2667 0.0667 0.3333 0.1333
~ 0.3333 0.0667 0.4000 0.1333
~ 0.4000 0.0667 0.4667 0.1333
~ 0.4667 0.0667 0.5333 0.1333
~ 0.5333 0.0667 0.6000 0.1333
M 0.6000 0.0667 0.6667 0.1333
O 0.6667 0.0667 0.7333 0.1333
A 0.7333 0.0667 0.8000 0.1333
N 0.8000 0.0667 0.8667 0.1333
E 0.8667 0.0667 0.9333 0.1333
R 0.9333 0.0667 1.0000 0.1333
~ 0.0000 0.1333 0.0667 0.2000
~ 0.0667 0.1333 0.1333 0.2000
~ 0.1333 0.1333 0.2000 0.2000
L 0.2000 0.1333 0.2667 0.2000
A 0.2667 0.1333 0.3333 0.2000
L 0.3333 0.1333 0.4000 0.2000
L 0.4000 0.1333 0.4667 0.2000
~ 0.4667 0.1333 0.5333 0.2000
H 0.5333 0.1333 0.6000 0.2000
O 0.6000 0.1333 0.6667 0.2000
~ 0.6667 0.1333 0.7333 0.2000
E 0.7333 0.1333 0.8000 0.2000
D 0.8000 0.1333 0.8667 0.2000
~ 0.8667 0.1333 0.9333 0.2000
~ 0.9333 0.1333 1.0000 0.2000
~ 0.0000 0.2000 0.0667 0.2667
~ 0.0667 0.2000 0.1333 0.2667
G 0.1333 0.2000 0.2000 0.2667
I 0.2000 0.2000 0.2667 0.2667
N 0.2667 0.2000 0.3333 0.2667
~ 0.3333 0.2000 0.4000 0.2667
O 0.4000 0.2000 0.4667 0.2667
P 0.4667 0.2000 0.5333 0.2667
I 0.5333 0.2000 0.6000 0.2667
O 0.6000 0.2000 0.6667 0.2667
I 0.6667 0.2000 0.7333 0.2667
D 0.7333 0.2000 0.8000 0.2667
~ 0.8000 0.2000 0.8667 0.2667
~ 0.8667 0.2000 0.9333 0.2667
~ 0.9333 0.2000 1.0000 0.2667
~ 0.0000 0.2667 0.0667 0.3333
K 0.0667 0.2667 0.1333 0.3333
I 0.1333 0.2667 0.2000 0.3333
T 0.2000 0.2667 0.2667 0.3333
E 0.2667 0.2667 0.3333 0.3333
~ 0.3333 0.2667 0.4000 0.3333
W 0.4000 0.2667 0.4667 0.3333
A 0.4667 0.2667 0.5333 0.3333
D 0.5333 0.2667 0.6000 0.3333
~ 0.6000 0.2667 0.6667 0.3333
A 0.6667 0.2667 0.7333 0.3333
~ 0.7333 0.2667 0.8000 0.3333
~ 0.8000 0.2667 0.8667 0.3333
~ 0.8667 0.2667 0.9333 0.3333
~ 0.9333 0.2667 1.0000 0.3333
~ 0.0000 0.3333 0.0667 0.4000
~ 0.0667 0.3333 0.1333 0.4000
R 0.1333 0.3333 0.2000 0.4000
~ 0.2000 0.3333 0.2667 0.4000
~ 0.2667 0.3333 0.3333 0.4000
~ 0.3333 0.3333 0.4000 0.4000
~ 0.4000 0.3333 0.4667 0.4000
~ 0.4667 0.3333 0.5333 0.4000
~ 0.5333 0.3333 0.6000 0.4000
~ 0.6000 0.3333 0.6667 0.4000
T 0.6667 0.3333 0.7333 0.4000
~ 0.7333 0.3333 0.8000 0.4000
~ 0.8000 0.3333 0.8667 0.4000
~ 0.8667 0.3333 0.9333 0.4000
~ 0.9333 0.3333 1.0000 0.4000
~ 0.0000 0.4000 0.0667 0.4667
~ 0.0667 0.4000 0.1333 0.4667
O 0.1333 0.4000 0.2000 0.4667
~ 0.2000 0.4000 0.2667 0.4667
~ 0.2667 0.4000 0.3333 0.4667
G 0.3333 0.4000 0.4000 0.4667
U 0.4000 0.4000 0.4667 0.4667
Y 0.4667 0.4000 0.5333 0.4667
~ 0.5333 0.4000 0.6000 0.4667
F 0.6000 0.4000 0.6667 0.4667
E 0.6667 0.4000 0.7333 0.4667
Z 0.7333 0.4000 0.8000 0.4667
~ 0.8000 0.4000 0.8667 0.4667
~ 0.8667 0.4000 0.9333 0.4667
~ 0.9333 0.4000 1.0000 0.4667
~ 0.0000 0.4667 0.0667 0.5333
~ 0.0667 0.4667 0.1333 0.5333
~ 0.1333 0.4667 0.2000 0.5333
~ 0.2000 0.4667 0.2667 0.5333
~ 0.2667 0.4667 0.3333 0.5333
I 0.3333 0.4667 0.4000 0.5333
~ 0.4000 0.4667 0.4667 0.5333
A 0.4667 0.4667 0.5333 0.5333
V 0.5333 0.4667 0.6000 0.5333
O 0.6000 0.4667 0.6667 0.5333
S 0.6667 0.4667 0.7333 0.5333
~ 0.7333 0.4667 0.8000 0.5333
~ 0.8000 0.4667 0.8667 0.5333
~ 0.8667 0.4667 0.9333 0.5333
~ 0.9333 0.4667 1.0000 0.5333
~ 0.0000 0.5333 0.0667 0.6000
~ 0.0667 0.5333 0.1333 0.6000
X 0.1333 0.5333 0.2000 0.6000
~ 0.2000 0.5333 0.2667 0.6000
~ 0.2667 0.5333 0.3333 0.6000
E 0.3333 0.5333 0.4000 0.6000
~ 0.4000 0.5333 0.4667 0.6000
R 0.4667 0.5333 0.5333 0.6000
I 0.5333 0.5333 0.6000 0.6000
N 0.6000 0.5333 0.6667 0.6000
~ 0.6667 0.5333 0.7333 0.6000
~ 0.7333 0.5333 0.8000 0.6000
~ 0.8000 0.5333 0.8667 0.6000
~ 0.8667 0.5333 0.9333 0.6000
~ 0.9333 0.5333 1.0000 0.6000
~ 0.0000 0.6000 0.0667 0.6667
C 0.0667 0.6000 0.1333 0.6667
U 0.1333 0.6000 0.2000 0.6667
R 0.2000 0.6000 0.2667 0.6667
L 0.2667 0.6000 0.3333 0.6667
~ 0.3333 0.6000 0.4000 0.6667
~ 0.4000 0.6000 0.4667 0.6667
~ 0.4667 0.6000 0.5333 0.6667
G 0.5333 0.6000 0.6000 0.6667
~ 0.6000 0.6000 0.6667 0.6667
~ 0.6667 0.6000 0.7333 0.6667
~ 0.7333 0.6000 0.8000 0.6667
~ 0.8000 0.6000 0.8667 0.6667
~ 0.8667 0.6000 0.9333 0.6667
~ 0.9333 0.6000 1.0000 0.6667
~ 0.0000 0.6667 0.0667 0.7333
~ 0.0667 0.6667 0.1333 0.7333
~ 0.1333 0.6667 0.2000 0.7333
~ 0.2000 0.6667 0.2667 0.7333
A 0.2667 0.6667 0.3333 0.7333
N 0.3333 0.6667 0.4000 0.7333
T 0.4000 0.6667 0.4667 0.7333
I 0.4667 0.6667 0.5333 0.7333
A 0.5333 0.6667 0.6000 0.7333
R 0.6000 0.6667 0.6667 0.7333
S 0.6667 0.6667 0.7333 0.7333
~ 0.7333 0.6667 0.8000 0.7333
~ 0.8000 0.6667 0.8667 0.7333
~ 0.8667 0.6667 0.9333 0.7333
~ 0.9333 0.6667 1.0000 0.7333
~ 0.0000 0.7333 0.0667 0.8000
~ 0.0667 0.7333 0.1333 0.8000
P 0.1333 0.7333 0.2000 0.8000
A 0.2000 0.7333 0.2667 0.8000
V 0.2667 0.7333 0.3333 0.8000
E 0.3333 0.7333 0.4000 0.8000
~ 0.4000 0.7333 0.4667 0.8000
~ 0.4667 0.7333 0.5333 0.8000
~ 0.5333 0.7333 0.6000 0.8000
~ 0.6000 0.7333 0.6667 0.8000
U 0.6667 0.7333 0.7333 0.8000
~ 0.7333 0.7333 0.8000 0.8000
~ 0.8000 0.7333 0.8667 0.8000
~ 0.8667 0.7333 0.9333 0.8000
~ 0.9333 0.7333 1.0000 0.8000
~ 0.0000 0.8000 0.0667 0.8667
F 0.0667 0.8000 0.1333 0.8667
I 0.1333 0.8000 0.2000 0.8667
R 0.2000 0.8000 0.2667 0.8667
S 0.2667 0.8000 0.3333 0.8667
~ 0.3333 0.8000 0.4000 0.8667
O 0.4000 0.8000 0.4667 0.8667
O 0.4667 0.8000 0.5333 0.8667
T 0.5333 0.8000 0.6000 0.8667
~ 0.6000 0.8000 0.6667 0.8667
Q 0.6667 0.8000 0.7333 0.8667
~ 0.7333 0.8000 0.8000 0.8667
~ 0.8000 0.8000 0.8667 0.8667
~ 0.8667 0.8000 0.9333 0.8667
~ 0.9333 0.8000 1.0000 0.8667
W 0.0000 0.8667 0.0667 0.9333
A 0.0667 0.8667 0.1333 0.9333
T 0.1333 0.8667 0.2000 0.9333
T 0.2000 0.8667 0.2667 0.9333
~ 0.2667 0.8667 0.3333 0.9333
~ 0.3333 0.8667 0.4000 0.9333
~ 0.4000 0.8667 0.4667 0.9333
B 0.4667 0.8667 0.5333 0.9333
E 0.5333 0.8667 0.6000 0.9333
Y 0.6000 0.8667 0.6667 0.9333
~ 0.6667 0.8667 0.7333 0.9333
~ 0.7333 0.8667 0.8000 0.9333
~ 0.8000 0.8667 0.8667 0.9333
~ 0.8667 0.8667 0.9333 0.9333
~ 0.9333 0.8667 1.0000 0.9333
E 0.0000 0.9333 0.0667 1.0000
N 0.0667 0.9333 0.1333 1.0000
~ 0.1333 0.9333 0.2000 1.0000
S 0.2000 0.9333 0.2667 1.0000
U 0.2667 0.9333 0.3333 1.0000
I 0.3333 0.9333 0.4000 1.0000
C 0.4000 0.9333 0.4667 1.0000
~ 0.4667 0.9333 0.5333 1.0000
D 0.5333 0.9333 0.6000 1.0000
E 0.6000 0.9333 0.6667 1.0000
~ 0.6667 0.9333 0.7333 1.0000
~ 0.7333 0.9333 0.8000 1.0000
~ 0.8000 0.9333 0.8667 1.0000
~ 0.8667 0.9333 0.9333 1.0000
~ 0.9333 0.9333 1.0000 1.0000
