Photo_2018-05-25T180418.jpg 0.1641 0.0708 0.7656 0.0583 0.1547 0.9438 0.7797 0.9396
Photo_2018-05-25T191723.jpg 0.1484 0.0583 0.7688 0.0438 0.1375 0.9500 0.7797 0.9604
Photo_2018-05-26T135501.jpg 0.2281 0.1417 0.7688 0.1458 0.1922 0.9625 0.8031 0.9688
Photo_2018-05-26T140511.jpg 0.2234 0.0729 0.8266 0.0771 0.2156 0.9521 0.8406 0.9438
Photo_2018-05-26T144844.jpg 0.3000 0.1125 0.8484 0.1292 0.2750 0.9333 0.8625 0.9396
Photo_2018-05-26T154151.jpg 0.1719 0.0708 0.7812 0.0771 0.1531 0.9896 0.8109 0.9688
Photo_2018-05-26T163511.jpg 0.2109 0.0167 0.8062 0.0271 0.1797 0.9062 0.8375 0.8979
Photo_2018-05-26T172549.jpg 0.2484 0.0854 0.8344 0.0833 0.2547 0.9500 0.8656 0.9271
Photo_2018-05-28T161554.jpg 0.1906 0.0417 0.8266 0.0396 0.1797 0.9646 0.8391 0.9625
Photo_2018-06-01T211600.jpg 0.2344 0.1083 0.8125 0.1062 0.2125 0.9479 0.8266 0.9604
Photo_2018-06-02T202919.jpg 0.1875 0.0396 0.8359 0.0229 0.1812 0.9729 0.8656 0.9750
Photo_2018-06-02T222153.jpg 0.2344 0.0625 0.8312 0.0646 0.2141 0.9479 0.8609 0.9479
Photo_2018-06-09T165852.jpg 0.1734 0.0271 0.8312 0.0250 0.1953 0.9396 0.8156 0.9396
Photo_2018-06-09T174901.jpg 0.1938 0.0250 0.9000 0.0271 0.2469 0.9521 0.8469 0.9271
Photo_2018-06-13T182633.jpg 0.1984 0.0750 0.7922 0.0562 0.1719 0.9312 0.8062 0.9479
Photo_2018-06-13T191722.jpg 0.2781 0.0896 0.8594 0.0812 0.2641 0.9271 0.8781 0.9333
Photo_2018-06-16T100857.jpg 0.1469 0.0146 0.8375 0.0312 0.1641 0.9750 0.8094 0.9708
Photo_2018-06-16T100926.jpg 0.2094 0.1396 0.7469 0.1354 0.2234 0.8833 0.7344 0.8917
Photo_2018-06-16T110117.jpg 0.2250 0.1083 0.7766 0.0979 0.2031 0.9229 0.8062 0.9229
Photo_2018-06-16T110601.jpg 0.1797 0.1208 0.7969 0.0729 0.2281 0.9417 0.7984 0.9292
Photo_2018-06-16T115632.jpg 0.1359 0.2375 0.5812 0.2125 0.1719 0.8542 0.5922 0.8479
Photo_2018-06-16T120321.jpg 0.2094 0.0750 0.8203 0.0729 0.1906 0.9771 0.8422 0.9771
Photo_2018-06-16T125245.jpg 0.1906 0.0646 0.8172 0.0625 0.1750 0.9771 0.8266 0.9771
Photo_2018-06-16T143128.jpg 0.2344 0.0729 0.8234 0.0688 0.2094 0.9438 0.8562 0.9521
Photo_2018-06-16T152230.jpg 0.2609 0.0417 0.8781 0.0417 0.2359 0.9542 0.9156 0.9562
Photo_2018-06-16T153548.jpg 0.2625 0.1604 0.7828 0.1771 0.2594 0.9354 0.7875 0.9104
Photo_2018-06-16T161837.jpg 0.1578 0.0771 0.7906 0.0604 0.1875 0.9417 0.7781 0.9312
Photo_2018-06-16T162629.jpg 0.1641 0.1000 0.7359 0.0625 0.1875 0.8729 0.7344 0.8938
Photo_2018-06-16T172015.jpg 0.1844 0.0146 0.8484 0.0354 0.1984 0.9458 0.8250 0.9396
Photo_2018-06-22T184800.jpg 0.1438 0.0375 0.7656 0.0292 0.1328 0.9438 0.7797 0.9438
Photo_2018-06-23T165317.jpg 0.1938 0.0583 0.8141 0.0396 0.1859 0.9667 0.8469 0.9542
Photo_2018-06-25T210638.jpg 0.1406 0.0688 0.7391 0.0646 0.1172 0.9396 0.7469 0.9562
Photo_2018-07-02T074624.jpg 0.1719 0.0375 0.8062 0.0354 0.1688 0.9354 0.8031 0.9521
Photo_2018-07-04T143625.jpg 0.2453 0.1083 0.8281 0.0833 0.2375 0.9354 0.8438 0.9500
Photo_2018-07-08T153755.jpg 0.2047 0.0979 0.8000 0.0854 0.1938 0.9479 0.8078 0.9708
Photo_2018-07-10T204512.jpg 0.1766 0.0979 0.7656 0.0812 0.2172 0.9146 0.7719 0.8812
Photo_2018-07-14T160657.jpg 0.0875 0.0625 0.7094 0.0354 0.0844 0.9646 0.7312 0.9521
Photo_2018-07-15T175653.jpg 0.1438 0.0854 0.7375 0.0667 0.1281 0.9688 0.7688 0.9521
Photo_2018-07-16T203340.jpg 0.1688 0.0771 0.7656 0.0688 0.1375 0.9542 0.7875 0.9729
Photo_2018-07-20T202000.jpg 0.2156 0.0833 0.8250 0.0708 0.2000 0.9646 0.8453 0.9771
Photo_2018-07-21T103918.jpg 0.1922 0.0958 0.7875 0.0771 0.1781 0.9750 0.8234 0.9688
Photo_2018-07-21T104208.jpg 0.3094 0.1396 0.8281 0.1104 0.3531 0.8979 0.8641 0.8292
Photo_2018-07-21T104254.jpg 0.3562 0.1042 0.8984 0.1354 0.3391 0.8917 0.8812 0.9062
Photo_2018-07-21T113309.jpg 0.1391 0.0438 0.7828 0.0312 0.1656 0.9271 0.7719 0.9292
Photo_2018-07-21T113806.jpg 0.1719 0.1188 0.7641 0.0750 0.1906 0.9458 0.7875 0.9312
Photo_2018-07-21T114014.jpg 0.2203 0.0771 0.8422 0.0604 0.2531 0.9917 0.8734 0.9250
Photo_2018-07-21T124154.jpg 0.1938 0.0438 0.8422 0.0521 0.2141 0.9438 0.8188 0.9354
Photo_2018-07-21T140513.jpg 0.1797 0.0938 0.7703 0.0812 0.1562 0.9708 0.8031 0.9667
Photo_2018-07-21T140713.jpg 0.1750 0.1479 0.7281 0.0875 0.2031 0.9271 0.7672 0.9083
Photo_2018-07-21T140729.jpg 0.0906 0.1021 0.7000 0.0500 0.1094 0.9562 0.7281 0.9479
Photo_2018-07-21T145744.jpg 0.1781 0.0521 0.7844 0.1250 0.1312 0.9812 0.7688 0.9750
Photo_2018-07-21T150521.jpg 0.1688 0.0354 0.7781 0.0708 0.1688 0.9604 0.7938 0.9083
Photo_2018-07-21T160247.jpg 0.1656 0.0958 0.7688 0.0667 0.1781 0.9521 0.7859 0.9417
Photo_2018-07-21T165423.jpg 0.2266 0.0729 0.8438 0.0521 0.2188 0.9521 0.8641 0.9646
Photo_2018-07-21T165634.jpg 0.2453 0.0688 0.8156 0.1021 0.2156 0.9188 0.8141 0.9229
Photo_2018-07-21T174748.jpg 0.2594 0.0646 0.8766 0.0375 0.2578 0.9542 0.9094 0.9542
Photo_2018-07-22T161500.jpg 0.1734 0.0521 0.7953 0.0396 0.1766 0.9688 0.8281 0.9438
Photo_2018-07-25T210036.jpg 0.1656 0.0812 0.7719 0.0646 0.1672 0.9562 0.7969 0.9458
Photo_2018-08-10T140527.jpg 0.1797 0.0792 0.7844 0.0562 0.1766 0.9438 0.7984 0.9500
Photo_2018-08-10T140534.jpg 0.2156 0.0958 0.8438 0.0979 0.2094 0.9604 0.8219 0.9979
Photo_2018-08-10T140543.jpg 0.1406 0.0938 0.7453 0.0438 0.1562 0.9417 0.7734 0.9375
Photo_2018-08-10T140613.jpg 0.1141 0.0479 0.7156 0.0396 0.1094 0.8812 0.7000 0.9125
Photo_2018-09-29T110122.jpg 0.1750 0.0771 0.7375 0.0625 0.1609 0.8979 0.7656 0.9021
Photo_2018-09-29T115058.jpg 0.2250 0.0771 0.8516 0.0917 0.2469 0.9458 0.8219 0.9250
Photo_2018-09-29T125424.jpg 0.1969 0.0729 0.8078 0.0896 0.1875 0.9646 0.8031 0.9479
Photo_2018-09-29T135217.jpg 0.2188 0.0896 0.7953 0.0604 0.2109 0.9146 0.8172 0.9208
Photo_2018-09-29T144039.jpg 0.1391 0.0521 0.7234 0.0333 0.0953 0.9188 0.7594 0.9312
Photo_2018-09-29T144802.jpg 0.2531 0.0396 0.8359 0.0688 0.2453 0.9146 0.8391 0.8938
Photo_2018-09-29T153415.jpg 0.1609 0.0979 0.7453 0.0812 0.1438 0.9562 0.7719 0.9562
Photo_2018-09-29T162903.jpg 0.1266 0.0583 0.7234 0.0646 0.0953 0.9333 0.7359 0.9438
Photo_2018-09-29T172335.jpg 0.1844 0.0833 0.7219 0.0812 0.1531 0.8604 0.7281 0.8917
Photo_2018-09-29T172556.jpg 0.3031 0.0979 0.8750 0.1083 0.2844 0.9250 0.8750 0.9333
Photo_2018-10-06T105411.jpg 0.2062 0.0958 0.8000 0.0938 0.1891 0.9896 0.8438 0.9750
Photo_2018-10-06T113933.jpg 0.2688 0.0438 0.8625 0.0604 0.2297 0.9104 0.8750 0.9438
Photo_2018-10-06T123047.jpg 0.1969 0.0562 0.7750 0.0417 0.1938 0.9104 0.8156 0.8875
Photo_2018-10-06T125221.jpg 0.1719 0.0750 0.7547 0.0708 0.1500 0.9438 0.7906 0.9250
Photo_2018-10-06T135436.jpg 0.2250 0.0938 0.8031 0.0875 0.2000 0.9292 0.8156 0.9583
Photo_2018-10-06T145304.jpg 0.2062 0.0479 0.8531 0.0396 0.2344 0.9396 0.8375 0.9354
Photo_2018-10-06T154900.jpg 0.2406 0.0479 0.8000 0.0396 0.2172 0.8729 0.8281 0.8729
Photo_2018-10-06T155029.jpg 0.1469 0.0896 0.7328 0.0438 0.1625 0.9104 0.7594 0.9021
Photo_2018-10-06T164408.jpg 0.1594 0.0667 0.7578 0.0646 0.1469 0.9562 0.7906 0.9438
Photo_2018-10-06T164748.jpg 0.1562 0.0521 0.7594 0.0833 0.1375 0.9354 0.7594 0.9312
Photo_2018-10-06T174431.jpg 0.2188 0.1167 0.7766 0.0792 0.2188 0.9312 0.8125 0.9229
Photo_2018-10-07T200927.jpg 0.2031 0.0750 0.7938 0.0688 0.1969 0.9438 0.8234 0.9271
Photo_2018-10-25T165123.jpg 0.2031 0.1146 0.8172 0.0938 0.2438 0.9312 0.8062 0.9271
Photo_2018-10-25T174516.jpg 0.1781 0.1146 0.7281 0.1125 0.1562 0.9312 0.7562 0.9208
Photo_2018-11-03T105241.jpg 0.1531 0.1104 0.7266 0.0938 0.1297 0.9562 0.7594 0.9562
Photo_2018-11-03T105249.jpg 0.1875 0.0958 0.7297 0.1042 0.1703 0.9021 0.7562 0.8917
Photo_2018-11-03T113858.jpg 0.2016 0.0729 0.7969 0.0688 0.1812 0.9604 0.8344 0.9562
Photo_2018-11-03T114011.jpg 0.2469 0.0812 0.8094 0.0812 0.2250 0.9042 0.8344 0.9083
Photo_2018-11-03T114356.jpg 0.1859 0.1354 0.7594 0.1271 0.1984 0.9750 0.7906 0.9354
Photo_2018-11-03T124302.jpg 0.2391 0.1021 0.8188 0.0938 0.2281 0.9542 0.8469 0.9438
Photo_2018-11-03T133513.jpg 0.2812 0.1146 0.8312 0.0979 0.2656 0.9021 0.8516 0.9146
Photo_2018-11-03T134148.jpg 0.0938 0.1042 0.6609 0.0625 0.0922 0.9188 0.6938 0.9104
Photo_2018-11-03T143827.jpg 0.1547 0.1062 0.7141 0.0896 0.1562 0.8896 0.7141 0.8938
Photo_2018-11-03T144202.jpg 0.1750 0.0542 0.7766 0.0688 0.1609 0.9188 0.7734 0.9250
Photo_2018-11-03T153209.jpg 0.1906 0.0750 0.7531 0.0812 0.1781 0.8958 0.7578 0.8979
Photo_2018-11-03T153251.jpg 0.2188 0.0562 0.7750 0.0854 0.2141 0.8896 0.7828 0.8604
Photo_2018-11-03T153502.jpg 0.2969 0.0333 0.8875 0.0979 0.2500 0.9188 0.8750 0.9396
Photo_2018-11-03T163850.jpg 0.1641 0.1396 0.7062 0.1062 0.1453 0.9312 0.7469 0.9250
Photo_2018-11-03T173612.jpg 0.1719 0.0646 0.7688 0.0646 0.1438 0.9542 0.8016 0.9479
Photo_2018-11-03T173707.jpg 0.1438 0.0521 0.7906 0.0479 0.1312 0.9500 0.7812 0.9854
Photo_2018-11-09T185419.jpg 0.2047 0.0854 0.7922 0.0771 0.1953 0.9646 0.8297 0.9417
Photo_2018-11-09T194309.jpg 0.1906 0.0708 0.7844 0.0688 0.1453 0.9521 0.8125 0.9688
Photo_2018-11-09T203551.jpg 0.1906 0.0562 0.8016 0.0417 0.1656 0.9604 0.8422 0.9604
Photo_2018-11-10T104019.jpg 0.2312 0.1146 0.7859 0.1229 0.2422 0.8896 0.7750 0.8854
Photo_2018-11-10T105013.jpg 0.0828 0.1396 0.6781 0.1021 0.1094 0.9604 0.6844 0.9646
Photo_2018-11-10T114245.jpg 0.2375 0.1146 0.7812 0.0979 0.2266 0.8854 0.7906 0.8979
Photo_2018-11-10T124448.jpg 0.2438 0.1229 0.7781 0.1208 0.2312 0.8958 0.7938 0.9042
Photo_2018-11-10T134757.jpg 0.2297 0.0979 0.8125 0.1062 0.2438 0.9146 0.7984 0.9167
Photo_2018-11-10T153753.jpg 0.2656 0.0917 0.8344 0.0938 0.2391 0.9229 0.8531 0.9479
Photo_2018-11-10T162648.jpg 0.2250 0.1312 0.7719 0.1354 0.2438 0.8875 0.7562 0.8812
Photo_2018-11-10T172922.jpg 0.2062 0.0708 0.7719 0.0875 0.1656 0.9271 0.7938 0.9312
Photo_2018-11-10T181949.jpg 0.2188 0.0917 0.7781 0.0875 0.1938 0.9125 0.7969 0.9229
Photo_2018-11-10T203321.jpg 0.2453 0.0979 0.8406 0.1021 0.2562 0.9312 0.8281 0.9333
Photo_2018-11-11T102320.jpg 0.2297 0.1500 0.7469 0.1167 0.2344 0.9292 0.8031 0.8896
Photo_2018-11-11T112513.jpg 0.2172 0.1208 0.7656 0.1000 0.2094 0.9208 0.7922 0.9167
Photo_2018-11-11T122950.jpg 0.1750 0.0438 0.8000 0.0646 0.1875 0.9083 0.7688 0.9146
Photo_2018-11-11T135414.jpg 0.2453 0.0479 0.8297 0.0500 0.2125 0.8979 0.8531 0.9208
Photo_2018-11-11T150458.jpg 0.2250 0.0771 0.8125 0.0604 0.2156 0.9500 0.8531 0.9292
