P 0.0000 0.0000 0.0667 0.0667
O 0.0667 0.0000 0.1333 0.0667
T 0.1333 0.0000 0.2000 0.0667
~ 0.2000 0.0000 0.2667 0.0667
~ 0.2667 0.0000 0.3333 0.0667
L 0.3333 0.0000 0.4000 0.0667
~ 0.4000 0.0000 0.4667 0.0667
B 0.4667 0.0000 0.5333 0.0667
U 0.5333 0.0000 0.6000 0.0667
M 0.6000 0.0000 0.6667 0.0667
~ 0.6667 0.0000 0.7333 0.0667
~ 0.7333 0.0000 0.8000 0.0667
~ 0.8000 0.0000 0.8667 0.0667
~ 0.8667 0.0000 0.9333 0.0667
Q 0.9333 0.0000 1.0000 0.0667
~ 0.0000 0.0667 0.0667 0.1333
S 0.0667 0.0667 0.1333 0.1333
A 0.1333 0.0667 0.2000 0.1333
L 0.2000 0.0667 0.2667 0.1333
T 0.2667 0.0667 0.3333 0.1333
I 0.3333 0.0667 0.4000 0.1333
N 0.4000 0.0667 0.4667 0.1333
E 0.4667 0.0667 0.5333 0.1333
~ 0.5333 0.0667 0.6000 0.1333
A 0.6000 0.0667 0.6667 0.1333
D 0.6667 0.0667 0.7333 0.1333
~ 0.7333 0.0667 0.8000 0.1333
~ 0.8000 0.0667 0.8667 0.1333
~ 0.8667 0.0667 0.9333 0.1333
U 0.9333 0.0667 1.0000 0.1333
V 0.0000 0.1333 0.0667 0.2000
I 0.0667 0.1333 0.1333 0.2000
D 0.1333 0.1333 0.2000 0.2000
~ 0.2000 0.1333 0.2667 0.2000
~ 0.2667 0.1333 0.3333 0.2000
~ 0.3333 0.1333 0.4000 0.2000
~ 0.4000 0.1333 0.4667 0.2000
~ 0.4667 0.1333 0.5333 0.2000
~ 0.5333 0.1333 0.6000 0.2000
N 0.6000 0.1333 0.6667 0.2000
A 0.6667 0.1333 0.7333 0.2000
W 0.7333 0.1333 0.8000 0.2000
~ 0.8000 0.1333 0.8667 0.2000
H 0.8667 0.1333 0.9333 0.2000
I 0.9333 0.1333 1.0000 0.2000
~ 0.0000 0.2000 0.0667 0.2667
~ 0.0667 0.2000 0.1333 0.2667
~ 0.1333 0.2000 0.2000 0.2667
~ 0.2000 0.2000 0.2667 0.2667
C 0.2667 0.2000 0.3333 0.2667
R 0.3333 0.2000 0.4000 0.2667
E 0.4000 0.2000 0.4667 0.2667
A 0.4667 0.2000 0.5333 0.2667
T 0.5333 0.2000 0.6000 0.2667
~ 0.6000 0.2000 0.6667 0.2667
~ 0.6667 0.2000 0.7333 0.2667
O 0.7333 0.2000 0.8000 0.2667
~ 0.8000 0.2000 0.8667 0.2667
~ 0.8667 0.2000 0.9333 0.2667
R 0.9333 0.2000 1.0000 0.2667
~ 0.0000 0.2667 0.0667 0.3333
~ 0.0667 0.2667 0.1333 0.3333
~ 0.1333 0.2667 0.2000 0.3333
~ 0.2000 0.2667 0.2667 0.3333
~ 0.2667 0.2667 0.3333 0.3333
~ 0.3333 0.2667 0.4000 0.3333
~ 0.4000 0.2667 0.4667 0.3333
~ 0.4667 0.2667 0.5333 0.3333
~ 0.5333 0.2667 0.6000 0.3333
~ 0.6000 0.2667 0.6667 0.3333
~ 0.6667 0.2667 0.7333 0.3333
N 0.7333 0.2667 0.8000 0.3333
I 0.8000 0.2667 0.8667 0.3333
T 0.8667 0.2667 0.9333 0.3333
E 0.9333 0.2667 1.0000 0.3333
~ 0.0000 0.3333 0.0667 0.4000
~ 0.0667 0.3333 0.1333 0.4000
~ 0.1333 0.3333 0.2000 0.4000
~ 0.2000 0.3333 0.2667 0.4000
~ 0.2667 0.3333 0.3333 0.4000
~ 0.3333 0.3333 0.4000 0.4000
~ 0.4000 0.3333 0.4667 0.4000
~ 0.4667 0.3333 0.5333 0.4000
~ 0.5333 0.3333 0.6000 0.4000
~ 0.6000 0.3333 0.6667 0.4000
~ 0.6667 0.3333 0.7333 0.4000
~ 0.7333 0.3333 0.8000 0.4000
F 0.8000 0.3333 0.8667 0.4000
E 0.8667 0.3333 0.9333 0.4000
~ 0.9333 0.3333 1.0000 0.4000
~ 0.0000 0.4000 0.0667 0.4667
~ 0.0667 0.4000 0.1333 0.4667
~ 0.1333 0.4000 0.2000 0.4667
~ 0.2000 0.4000 0.2667 0.4667
~ 0.2667 0.4000 0.3333 0.4667
~ 0.3333 0.4000 0.4000 0.4667
~ 0.4000 0.4000 0.4667 0.4667
~ 0.4667 0.4000 0.5333 0.4667
~ 0.5333 0.4000 0.6000 0.4667
~ 0.6000 0.4000 0.6667 0.4667
~ 0.6667 0.4000 0.7333 0.4667
~ 0.7333 0.4000 0.8000 0.4667
~ 0.8000 0.4000 0.8667 0.4667
A 0.8667 0.4000 0.9333 0.4667
G 0.9333 0.4000 1.0000 0.4667
~ 0.0000 0.4667 0.0667 0.5333
~ 0.0667 0.4667 0.1333 0.5333
~ 0.1333 0.4667 0.2000 0.5333
~ 0.2000 0.4667 0.2667 0.5333
~ 0.2667 0.4667 0.3333 0.5333
~ 0.3333 0.4667 0.4000 0.5333
Y 0.4000 0.4667 0.4667 0.5333
E 0.4667 0.4667 0.5333 0.5333
T 0.5333 0.4667 0.6000 0.5333
~ 0.6000 0.4667 0.6667 0.5333
~ 0.6667 0.4667 0.7333 0.5333
~ 0.7333 0.4667 0.8000 0.5333
~ 0.8000 0.4667 0.8667 0.5333
~ 0.8667 0.4667 0.9333 0.5333
O 0.9333 0.4667 1.0000 0.5333
~ 0.0000 0.5333 0.0667 0.6000
~ 0.0667 0.5333 0.1333 0.6000
~ 0.1333 0.5333 0.2000 0.6000
~ 0.2000 0.5333 0.2667 0.6000
~ 0.2667 0.5333 0.3333 0.6000
D 0.3333 0.5333 0.4000 0.6000
A 0.4000 0.5333 0.4667 0.6000
R 0.4667 0.5333 0.5333 0.6000
E 0.5333 0.5333 0.6000 0.6000
~ 0.6000 0.5333 0.6667 0.6000
~ 0.6667 0.5333 0.7333 0.6000
~ 0.7333 0.5333 0.8000 0.6000
V 0.8000 0.5333 0.8667 0.6000
~ 0.8667 0.5333 0.9333 0.6000
E 0.9333 0.5333 1.0000 0.6000
~ 0.0000 0.6000 0.0667 0.6667
~ 0.0667 0.6000 0.1333 0.6667
~ 0.1333 0.6000 0.2000 0.6667
~ 0.2000 0.6000 0.2667 0.6667
~ 0.2667 0.6000 0.3333 0.6667
J 0.3333 0.6000 0.4000 0.6667
~ 0.4000 0.6000 0.4667 0.6667
R 0.4667 0.6000 0.5333 0.6667
E 0.5333 0.6000 0.6000 0.6667
X 0.6000 0.6000 0.6667 0.6667
~ 0.6667 0.6000 0.7333 0.6667
K 0.7333 0.6000 0.8000 0.6667
I 0.8000 0.6000 0.8667 0.6667
R 0.8667 0.6000 0.9333 0.6667
S 0.9333 0.6000 1.0000 0.6667
O 0.0000 0.6667 0.0667 0.7333
Y 0.0667 0.6667 0.1333 0.7333
~ 0.1333 0.6667 0.2000 0.7333
~ 0.2000 0.6667 0.2667 0.7333
Z 0.2667 0.6667 0.3333 0.7333
I 0.3333 0.6667 0.4000 0.7333
P 0.4000 0.6667 0.4667 0.7333
~ 0.4667 0.6667 0.5333 0.7333
~ 0.5333 0.6667 0.6000 0.7333
I 0.6000 0.6667 0.6667 0.7333
C 0.6667 0.6667 0.7333 0.7333
E 0.7333 0.6667 0.8000 0.7333
D 0.8000 0.6667 0.8667 0.7333
~ 0.8667 0.6667 0.9333 0.7333
~ 0.9333 0.6667 1.0000 0.7333
I 0.0000 0.7333 0.0667 0.8000
~ 0.0667 0.7333 0.1333 0.8000
L 0.1333 0.7333 0.2000 0.8000
O 0.2000 0.7333 0.2667 0.8000
A 0.2667 0.7333 0.3333 0.8000
N 0.3333 0.7333 0.4000 0.8000
~ 0.4000 0.7333 0.4667 0.8000
~ 0.4667 0.7333 0.5333 0.8000
~ 0.5333 0.7333 0.6000 0.8000
S 0.6000 0.7333 0.6667 0.8000
~ 0.6667 0.7333 0.7333 0.8000
G 0.7333 0.7333 0.8000 0.8000
E 0.8000 0.7333 0.8667 0.8000
~ 0.8667 0.7333 0.9333 0.8000
~ 0.9333 0.7333 1.0000 0.8000
L 0.0000 0.8000 0.0667 0.8667
O 0.0667 0.8000 0.1333 0.8667
~ 0.1333 0.8000 0.2000 0.8667
~ 0.2000 0.8000 0.2667 0.8667
~ 0.2667 0.8000 0.3333 0.8667
~ 0.3333 0.8000 0.4000 0.8667
~ 0.4000 0.8000 0.4667 0.8667
~ 0.4667 0.8000 0.5333 0.8667
~ 0.5333 0.8000 0.6000 0.8667
~ 0.6000 0.8000 0.6667 0.8667
~ 0.6667 0.8000 0.7333 0.8667
~ 0.7333 0.8000 0.8000 0.8667
O 0.8000 0.8000 0.8667 0.8667
M 0.8667 0.8000 0.9333 0.8667
~ 0.9333 0.8000 1.0000 0.8667
~ 0.0000 0.8667 0.0667 0.9333
R 0.0667 0.8667 0.1333 0.9333
U 0.1333 0.8667 0.2000 0.9333
I 0.2000 0.8667 0.2667 0.9333
N 0.2667 0.8667 0.3333 0.9333
S 0.3333 0.8667 0.4000 0.9333
~ 0.4000 0.8667 0.4667 0.9333
~ 0.4667 0.8667 0.5333 0.9333
~ 0.5333 0.8667 0.6000 0.9333
~ 0.6000 0.8667 0.6667 0.9333
H 0.6667 0.8667 0.7333 0.9333
O 0.7333 0.8667 0.8000 0.9333
~ 0.8000 0.8667 0.8667 0.9333
A 0.8667 0.8667 0.9333 0.9333
T 0.9333 0.8667 1.0000 0.9333
F 0.0000 0.9333 0.0667 1.0000
E 0.0667 0.9333 0.1333 1.0000
~ 0.1333 0.9333 0.2000 1.0000
N 0.2000 0.9333 0.2667 1.0000
~ 0.2667 0.9333 0.3333 1.0000
~ 0.3333 0.9333 0.4000 1.0000
~ 0.4000 0.9333 0.4667 1.0000
~ 0.4667 0.9333 0.5333 1.0000
~ 0.5333 0.9333 0.6000 1.0000
~ 0.6000 0.9333 0.6667 1.0000
~ 0.6667 0.9333 0.7333 1.0000
W 0.7333 0.9333 0.8000 1.0000
A 0.8000 0.9333 0.8667 1.0000
B 0.8667 0.9333 0.9333 1.0000
E 0.9333 0.9333 1.0000 1.0000
