F 0.0000 0.0000 0.0667 0.0667
I 0.0667 0.0000 0.1333 0.0667
L 0.1333 0.0000 0.2000 0.0667
M 0.2000 0.0000 0.2667 0.0667
~ 0.2667 0.0000 0.3333 0.0667
~ 0.3333 0.0000 0.4000 0.0667
~ 0.4000 0.0000 0.4667 0.0667
~ 0.4667 0.0000 0.5333 0.0667
~ 0.5333 0.0000 0.6000 0.0667
~ 0.6000 0.0000 0.6667 0.0667
~ 0.6667 0.0000 0.7333 0.0667
~ 0.7333 0.0000 0.8000 0.0667
~ 0.8000 0.0000 0.8667 0.0667
~ 0.8667 0.0000 0.9333 0.0667
~ 0.9333 0.0000 1.0000 0.0667
R 0.0000 0.0667 0.0667 0.1333
~ 0.0667 0.0667 0.1333 0.1333
~ 0.1333 0.0667 0.2000 0.1333
A 0.2000 0.0667 0.2667 0.1333
L 0.2667 0.0667 0.3333 0.1333
I 0.3333 0.0667 0.4000 0.1333
~ 0.4000 0.0667 0.4667 0.1333
N 0.4667 0.0667 0.5333 0.1333
E 0.5333 0.0667 0.6000 0.1333
E 0.6000 0.0667 0.6667 0.1333
~ 0.6667 0.0667 0.7333 0.1333
J 0.7333 0.0667 0.8000 0.1333
~ 0.8000 0.0667 0.8667 0.1333
~ 0.8667 0.0667 0.9333 0.1333
~ 0.9333 0.0667 1.0000 0.1333
O 0.0000 0.1333 0.0667 0.2000
~ 0.0667 0.1333 0.1333 0.2000
F 0.1333 0.1333 0.2000 0.2000
R 0.2000 0.1333 0.2667 0.2000
E 0.2667 0.1333 0.3333 0.2000
T 0.3333 0.1333 0.4000 0.2000
~ 0.4000 0.1333 0.4667 0.2000
~ 0.4667 0.1333 0.5333 0.2000
~ 0.5333 0.1333 0.6000 0.2000
~ 0.6000 0.1333 0.6667 0.2000
L 0.6667 0.1333 0.7333 0.2000
A 0.7333 0.1333 0.8000 0.2000
G 0.8000 0.1333 0.8667 0.2000
~ 0.8667 0.1333 0.9333 0.2000
~ 0.9333 0.1333 1.0000 0.2000
W 0.0000 0.2000 0.0667 0.2667
~ 0.0667 0.2000 0.1333 0.2667
R 0.1333 0.2000 0.2000 0.2667
A 0.2000 0.2000 0.2667 0.2667
G 0.2667 0.2000 0.3333 0.2667
~ 0.3333 0.2000 0.4000 0.2667
V 0.4000 0.2000 0.4667 0.2667
~ 0.4667 0.2000 0.5333 0.2667
~ 0.5333 0.2000 0.6000 0.2667
N 0.6000 0.2000 0.6667 0.2667
O 0.6667 0.2000 0.7333 0.2667
B 0.7333 0.2000 0.8000 0.2667
~ 0.8000 0.2000 0.8667 0.2667
~ 0.8667 0.2000 0.9333 0.2667
~ 0.9333 0.2000 1.0000 0.2667
~ 0.0000 0.2667 0.0667 0.3333
~ 0.0667 0.2667 0.1333 0.3333
O 0.1333 0.2667 0.2000 0.3333
~ 0.2000 0.2667 0.2667 0.3333
E 0.2667 0.2667 0.3333 0.3333
~ 0.3333 0.2667 0.4000 0.3333
I 0.4000 0.2667 0.4667 0.3333
~ 0.4667 0.2667 0.5333 0.3333
~ 0.5333 0.2667 0.6000 0.3333
A 0.6000 0.2667 0.6667 0.3333
B 0.6667 0.2667 0.7333 0.3333
S 0.7333 0.2667 0.8000 0.3333
~ 0.8000 0.2667 0.8667 0.3333
~ 0.8667 0.2667 0.9333 0.3333
~ 0.9333 0.2667 1.0000 0.3333
~ 0.0000 0.3333 0.0667 0.4000
W 0.0667 0.3333 0.1333 0.4000
~ 0.1333 0.3333 0.2000 0.4000
~ 0.2000 0.3333 0.2667 0.4000
N 0.2667 0.3333 0.3333 0.4000
A 0.3333 0.3333 0.4000 0.4000
G 0.4000 0.3333 0.4667 0.4000
~ 0.4667 0.3333 0.5333 0.4000
~ 0.5333 0.3333 0.6000 0.4000
R 0.6000 0.3333 0.6667 0.4000
E 0.6667 0.3333 0.7333 0.4000
~ 0.7333 0.3333 0.8000 0.4000
~ 0.8000 0.3333 0.8667 0.4000
~ 0.8667 0.3333 0.9333 0.4000
~ 0.9333 0.3333 1.0000 0.4000
N 0.0000 0.4000 0.0667 0.4667
I 0.0667 0.4000 0.1333 0.4667
X 0.1333 0.4000 0.2000 0.4667
~ 0.2000 0.4000 0.2667 0.4667
D 0.2667 0.4000 0.3333 0.4667
I 0.3333 0.4000 0.4000 0.4667
~ 0.4000 0.4000 0.4667 0.4667
M 0.4667 0.4000 0.5333 0.4667
Y 0.5333 0.4000 0.6000 0.4667
C 0.6000 0.4000 0.6667 0.4667
~ 0.6667 0.4000 0.7333 0.4667
~ 0.7333 0.4000 0.8000 0.4667
~ 0.8000 0.4000 0.8667 0.4667
~ 0.8667 0.4000 0.9333 0.4667
~ 0.9333 0.4000 1.0000 0.4667
U 0.0000 0.4667 0.0667 0.5333
N 0.0667 0.4667 0.1333 0.5333
I 0.1333 0.4667 0.2000 0.5333
T 0.2000 0.4667 0.2667 0.5333
~ 0.2667 0.4667 0.3333 0.5333
~ 0.3333 0.4667 0.4000 0.5333
~ 0.4000 0.4667 0.4667 0.5333
O 0.4667 0.4667 0.5333 0.5333
I 0.5333 0.4667 0.6000 0.5333
~ 0.6000 0.4667 0.6667 0.5333
~ 0.6667 0.4667 0.7333 0.5333
~ 0.7333 0.4667 0.8000 0.5333
~ 0.8000 0.4667 0.8667 0.5333
~ 0.8667 0.4667 0.9333 0.5333
~ 0.9333 0.4667 1.0000 0.5333
~ 0.0000 0.5333 0.0667 0.6000
D 0.0667 0.5333 0.1333 0.6000
~ 0.1333 0.5333 0.2000 0.6000
~ 0.2000 0.5333 0.2667 0.6000
~ 0.2667 0.5333 0.3333 0.6000
~ 0.3333 0.5333 0.4000 0.6000
D 0.4000 0.5333 0.4667 0.6000
A 0.4667 0.5333 0.5333 0.6000
P 0.5333 0.5333 0.6000 0.6000
~ 0.6000 0.5333 0.6667 0.6000
~ 0.6667 0.5333 0.7333 0.6000
~ 0.7333 0.5333 0.8000 0.6000
~ 0.8000 0.5333 0.8667 0.6000
~ 0.8667 0.5333 0.9333 0.6000
~ 0.9333 0.5333 1.0000 0.6000
~ 0.0000 0.6000 0.0667 0.6667
E 0.0667 0.6000 0.1333 0.6667
~ 0.1333 0.6000 0.2000 0.6667
~ 0.2000 0.6000 0.2667 0.6667
~ 0.2667 0.6000 0.3333 0.6667
Q 0.3333 0.6000 0.4000 0.6667
I 0.4000 0.6000 0.4667 0.6667
N 0.4667 0.6000 0.5333 0.6667
S 0.5333 0.6000 0.6000 0.6667
~ 0.6000 0.6000 0.6667 0.6667
~ 0.6667 0.6000 0.7333 0.6667
~ 0.7333 0.6000 0.8000 0.6667
~ 0.8000 0.6000 0.8667 0.6667
~ 0.8667 0.6000 0.9333 0.6667
~ 0.9333 0.6000 1.0000 0.6667
~ 0.0000 0.6667 0.0667 0.7333
R 0.0667 0.6667 0.1333 0.7333
~ 0.1333 0.6667 0.2000 0.7333
K 0.2000 0.6667 0.2667 0.7333
A 0.2667 0.6667 0.3333 0.7333
~ 0.3333 0.6667 0.4000 0.7333
T 0.4000 0.6667 0.4667 0.7333
~ 0.4667 0.6667 0.5333 0.7333
~ 0.5333 0.6667 0.6000 0.7333
~ 0.6000 0.6667 0.6667 0.7333
~ 0.6667 0.6667 0.7333 0.7333
~ 0.7333 0.6667 0.8000 0.7333
~ 0.8000 0.6667 0.8667 0.7333
~ 0.8667 0.6667 0.9333 0.7333
~ 0.9333 0.6667 1.0000 0.7333
O 0.0000 0.7333 0.0667 0.8000
S 0.0667 0.7333 0.1333 0.8000
~ 0.1333 0.7333 0.2000 0.8000
A 0.2000 0.7333 0.2667 0.8000
Z 0.2667 0.7333 0.3333 0.8000
O 0.3333 0.7333 0.4000 0.8000
T 0.4000 0.7333 0.4667 0.8000
E 0.4667 0.7333 0.5333 0.8000
~ 0.5333 0.7333 0.6000 0.8000
~ 0.6000 0.7333 0.6667 0.8000
~ 0.6667 0.7333 0.7333 0.8000
~ 0.7333 0.7333 0.8000 0.8000
~ 0.8000 0.7333 0.8667 0.8000
~ 0.8667 0.7333 0.9333 0.8000
~ 0.9333 0.7333 1.0000 0.8000
U 0.0000 0.8000 0.0667 0.8667
~ 0.0667 0.8000 0.1333 0.8667
V 0.1333 0.8000 0.2000 0.8667
~ 0.2000 0.8000 0.2667 0.8667
O 0.2667 0.8000 0.3333 0.8667
~ 0.3333 0.8000 0.4000 0.8667
O 0.4000 0.8000 0.4667 0.8667
Y 0.4667 0.8000 0.5333 0.8667
~ 0.5333 0.8000 0.6000 0.8667
~ 0.6000 0.8000 0.6667 0.8667
~ 0.6667 0.8000 0.7333 0.8667
~ 0.7333 0.8000 0.8000 0.8667
~ 0.8000 0.8000 0.8667 0.8667
~ 0.8667 0.8000 0.9333 0.8667
~ 0.9333 0.8000 1.0000 0.8667
D 0.0000 0.8667 0.0667 0.9333
U 0.0667 0.8667 0.1333 0.9333
E 0.1333 0.8667 0.2000 0.9333
T 0.2000 0.8667 0.2667 0.9333
~ 0.2667 0.8667 0.3333 0.9333
E 0.3333 0.8667 0.4000 0.9333
~ 0.4000 0.8667 0.4667 0.9333
E 0.4667 0.8667 0.5333 0.9333
H 0.5333 0.8667 0.6000 0.9333
~ 0.6000 0.8667 0.6667 0.9333
~ 0.6667 0.8667 0.7333 0.9333
~ 0.7333 0.8667 0.8000 0.9333
~ 0.8000 0.8667 0.8667 0.9333
~ 0.8667 0.8667 0.9333 0.9333
~ 0.9333 0.8667 1.0000 0.9333
~ 0.0000 0.9333 0.0667 1.0000
S 0.0667 0.9333 0.1333 1.0000
T 0.1333 0.9333 0.2000 1.0000
I 0.2000 0.9333 0.2667 1.0000
C 0.2667 0.9333 0.3333 1.0000
H 0.3333 0.9333 0.4000 1.0000
E 0.4000 0.9333 0.4667 1.0000
R 0.4667 0.9333 0.5333 1.0000
A 0.5333 0.9333 0.6000 1.0000
~ 0.6000 0.9333 0.6667 1.0000
~ 0.6667 0.9333 0.7333 1.0000
~ 0.7333 0.9333 0.8000 1.0000
~ 0.8000 0.9333 0.8667 1.0000
~ 0.8667 0.9333 0.9333 1.0000
~ 0.9333 0.9333 1.0000 1.0000
