~ 0.0000 0.0000 0.0667 0.0667
~ 0.0667 0.0000 0.1333 0.0667
~ 0.1333 0.0000 0.2000 0.0667
~ 0.2000 0.0000 0.2667 0.0667
~ 0.2667 0.0000 0.3333 0.0667
~ 0.3333 0.0000 0.4000 0.0667
B 0.4000 0.0000 0.4667 0.0667
E 0.4667 0.0000 0.5333 0.0667
A 0.5333 0.0000 0.6000 0.0667
D 0.6000 0.0000 0.6667 0.0667
~ 0.6667 0.0000 0.7333 0.0667
~ 0.7333 0.0000 0.8000 0.0667
~ 0.8000 0.0000 0.8667 0.0667
~ 0.8667 0.0000 0.9333 0.0667
~ 0.9333 0.0000 1.0000 0.0667
~ 0.0000 0.0667 0.0667 0.1333
~ 0.0667 0.0667 0.1333 0.1333
~ 0.1333 0.0667 0.2000 0.1333
~ 0.2000 0.0667 0.2667 0.1333
~ 0.2667 0.0667 0.3333 0.1333
F 0.3333 0.0667 0.4000 0.1333
O 0.4000 0.0667 0.4667 0.1333
R 0.4667 0.0667 0.5333 0.1333
G 0.5333 0.0667 0.6000 0.1333
E 0.6000 0.0667 0.6667 0.1333
T 0.6667 0.0667 0.7333 0.1333
S 0.7333 0.0667 0.8000 0.1333
~ 0.8000 0.0667 0.8667 0.1333
~ 0.8667 0.0667 0.9333 0.1333
~ 0.9333 0.0667 1.0000 0.1333
~ 0.0000 0.1333 0.0667 0.2000
~ 0.0667 0.1333 0.1333 0.2000
~ 0.1333 0.1333 0.2000 0.2000
~ 0.2000 0.1333 0.2667 0.2000
~ 0.2667 0.1333 0.3333 0.2000
~ 0.3333 0.1333 0.4000 0.2000
~ 0.4000 0.1333 0.4667 0.2000
~ 0.4667 0.1333 0.5333 0.2000
~ 0.5333 0.1333 0.6000 0.2000
~ 0.6000 0.1333 0.6667 0.2000
~ 0.6667 0.1333 0.7333 0.2000
E 0.7333 0.1333 0.8000 0.2000
A 0.8000 0.1333 0.8667 0.2000
U 0.8667 0.1333 0.9333 0.2000
~ 0.9333 0.1333 1.0000 0.2000
~ 0.0000 0.2000 0.0667 0.2667
~ 0.0667 0.2000 0.1333 0.2667
N 0.1333 0.2000 0.2000 0.2667
I 0.2000 0.2000 0.2667 0.2667
P 0.2667 0.2000 0.3333 0.2667
~ 0.3333 0.2000 0.4000 0.2667
~ 0.4000 0.2000 0.4667 0.2667
R 0.4667 0.2000 0.5333 0.2667
I 0.5333 0.2000 0.6000 0.2667
D 0.6000 0.2000 0.6667 0.2667
D 0.6667 0.2000 0.7333 0.2667
L 0.7333 0.2000 0.8000 0.2667
I 0.8000 0.2000 0.8667 0.2667
N 0.8667 0.2000 0.9333 0.2667
G 0.9333 0.2000 1.0000 0.2667
~ 0.0000 0.2667 0.0667 0.3333
~ 0.0667 0.2667 0.1333 0.3333
U 0.1333 0.2667 0.2000 0.3333
N 0.2000 0.2667 0.2667 0.3333
I 0.2667 0.2667 0.3333 0.3333
T 0.3333 0.2667 0.4000 0.3333
I 0.4000 0.2667 0.4667 0.3333
E 0.4667 0.2667 0.5333 0.3333
~ 0.5333 0.2667 0.6000 0.3333
~ 0.6000 0.2667 0.6667 0.3333
E 0.6667 0.2667 0.7333 0.3333
~ 0.7333 0.2667 0.8000 0.3333
~ 0.8000 0.2667 0.8667 0.3333
~ 0.8667 0.2667 0.9333 0.3333
~ 0.9333 0.2667 1.0000 0.3333
~ 0.0000 0.3333 0.0667 0.4000
~ 0.0667 0.3333 0.1333 0.4000
~ 0.1333 0.3333 0.2000 0.4000
~ 0.2000 0.3333 0.2667 0.4000
~ 0.2667 0.3333 0.3333 0.4000
~ 0.3333 0.3333 0.4000 0.4000
~ 0.4000 0.3333 0.4667 0.4000
~ 0.4667 0.3333 0.5333 0.4000
~ 0.5333 0.3333 0.6000 0.4000
H 0.6000 0.3333 0.6667 0.4000
E 0.6667 0.3333 0.7333 0.4000
L 0.7333 0.3333 0.8000 0.4000
O 0.8000 0.3333 0.8667 0.4000
T 0.8667 0.3333 0.9333 0.4000
~ 0.9333 0.3333 1.0000 0.4000
~ 0.0000 0.4000 0.0667 0.4667
~ 0.0667 0.4000 0.1333 0.4667
~ 0.1333 0.4000 0.2000 0.4667
~ 0.2000 0.4000 0.2667 0.4667
~ 0.2667 0.4000 0.3333 0.4667
~ 0.3333 0.4000 0.4000 0.4667
~ 0.4000 0.4000 0.4667 0.4667
Q 0.4667 0.4000 0.5333 0.4667
U 0.5333 0.4000 0.6000 0.4667
I 0.6000 0.4000 0.6667 0.4667
P 0.6667 0.4000 0.7333 0.4667
~ 0.7333 0.4000 0.8000 0.4667
W 0.8000 0.4000 0.8667 0.4667
O 0.8667 0.4000 0.9333 0.4667
E 0.9333 0.4000 1.0000 0.4667
L 0.0000 0.4667 0.0667 0.5333
A 0.0667 0.4667 0.1333 0.5333
V 0.1333 0.4667 0.2000 0.5333
A 0.2000 0.4667 0.2667 0.5333
S 0.2667 0.4667 0.3333 0.5333
~ 0.3333 0.4667 0.4000 0.5333
H 0.4000 0.4667 0.4667 0.5333
I 0.4667 0.4667 0.5333 0.5333
~ 0.5333 0.4667 0.6000 0.5333
~ 0.6000 0.4667 0.6667 0.5333
~ 0.6667 0.4667 0.7333 0.5333
B 0.7333 0.4667 0.8000 0.5333
E 0.8000 0.4667 0.8667 0.5333
F 0.8667 0.4667 0.9333 0.5333
F 0.9333 0.4667 1.0000 0.5333
~ 0.0000 0.5333 0.0667 0.6000
~ 0.0667 0.5333 0.1333 0.6000
I 0.1333 0.5333 0.2000 0.6000
~ 0.2000 0.5333 0.2667 0.6000
~ 0.2667 0.5333 0.3333 0.6000
M 0.3333 0.5333 0.4000 0.6000
Y 0.4000 0.5333 0.4667 0.6000
~ 0.4667 0.5333 0.5333 0.6000
C 0.5333 0.5333 0.6000 0.6000
~ 0.6000 0.5333 0.6667 0.6000
~ 0.6667 0.5333 0.7333 0.6000
~ 0.7333 0.5333 0.8000 0.6000
~ 0.8000 0.5333 0.8667 0.6000
~ 0.8667 0.5333 0.9333 0.6000
~ 0.9333 0.5333 1.0000 0.6000
~ 0.0000 0.6000 0.0667 0.6667
Z 0.0667 0.6000 0.1333 0.6667
A 0.1333 0.6000 0.2000 0.6667
~ 0.2000 0.6000 0.2667 0.6667
~ 0.2667 0.6000 0.3333 0.6667
O 0.3333 0.6000 0.4000 0.6667
N 0.4000 0.6000 0.4667 0.6667
~ 0.4667 0.6000 0.5333 0.6667
R 0.5333 0.6000 0.6000 0.6667
~ 0.6000 0.6000 0.6667 0.6667
R 0.6667 0.6000 0.7333 0.6667
I 0.7333 0.6000 0.8000 0.6667
G 0.8000 0.6000 0.8667 0.6667
S 0.8667 0.6000 0.9333 0.6667
~ 0.9333 0.6000 1.0000 0.6667
~ 0.0000 0.6667 0.0667 0.7333
E 0.0667 0.6667 0.1333 0.7333
~ 0.1333 0.6667 0.2000 0.7333
~ 0.2000 0.6667 0.2667 0.7333
T 0.2667 0.6667 0.3333 0.7333
O 0.3333 0.6667 0.4000 0.7333
K 0.4000 0.6667 0.4667 0.7333
A 0.4667 0.6667 0.5333 0.7333
Y 0.5333 0.6667 0.6000 0.7333
~ 0.6000 0.6667 0.6667 0.7333
A 0.6667 0.6667 0.7333 0.7333
~ 0.7333 0.6667 0.8000 0.7333
~ 0.8000 0.6667 0.8667 0.7333
~ 0.8667 0.6667 0.9333 0.7333
~ 0.9333 0.6667 1.0000 0.7333
~ 0.0000 0.7333 0.0667 0.8000
S 0.0667 0.7333 0.1333 0.8000
~ 0.1333 0.7333 0.2000 0.8000
M 0.2000 0.7333 0.2667 0.8000
A 0.2667 0.7333 0.3333 0.8000
T 0.3333 0.7333 0.4000 0.8000
~ 0.4000 0.7333 0.4667 0.8000
X 0.4667 0.7333 0.5333 0.8000
~ 0.5333 0.7333 0.6000 0.8000
~ 0.6000 0.7333 0.6667 0.8000
C 0.6667 0.7333 0.7333 0.8000
~ 0.7333 0.7333 0.8000 0.8000
~ 0.8000 0.7333 0.8667 0.8000
~ 0.8667 0.7333 0.9333 0.8000
~ 0.9333 0.7333 1.0000 0.8000
~ 0.0000 0.8000 0.0667 0.8667
T 0.0667 0.8000 0.1333 0.8667
~ 0.1333 0.8000 0.2000 0.8667
~ 0.2000 0.8000 0.2667 0.8667
J 0.2667 0.8000 0.3333 0.8667
~ 0.3333 0.8000 0.4000 0.8667
D 0.4000 0.8000 0.4667 0.8667
O 0.4667 0.8000 0.5333 0.8667
W 0.5333 0.8000 0.6000 0.8667
N 0.6000 0.8000 0.6667 0.8667
Y 0.6667 0.8000 0.7333 0.8667
~ 0.7333 0.8000 0.8000 0.8667
~ 0.8000 0.8000 0.8667 0.8667
~ 0.8667 0.8000 0.9333 0.8667
~ 0.9333 0.8000 1.0000 0.8667
~ 0.0000 0.8667 0.0667 0.9333
E 0.0667 0.8667 0.1333 0.9333
~ 0.1333 0.8667 0.2000 0.9333
~ 0.2000 0.8667 0.2667 0.9333
~ 0.2667 0.8667 0.3333 0.9333
~ 0.3333 0.8667 0.4000 0.9333
~ 0.4000 0.8667 0.4667 0.9333
N 0.4667 0.8667 0.5333 0.9333
~ 0.5333 0.8667 0.6000 0.9333
~ 0.6000 0.8667 0.6667 0.9333
~ 0.6667 0.8667 0.7333 0.9333
~ 0.7333 0.8667 0.8000 0.9333
~ 0.8000 0.8667 0.8667 0.9333
~ 0.8667 0.8667 0.9333 0.9333
~ 0.9333 0.8667 1.0000 0.9333
~ 0.0000 0.9333 0.0667 1.0000
R 0.0667 0.9333 0.1333 1.0000
O 0.1333 0.9333 0.2000 1.0000
L 0.2000 0.9333 0.2667 1.0000
~ 0.2667 0.9333 0.3333 1.0000
O 0.3333 0.9333 0.4000 1.0000
V 0.4000 0.9333 0.4667 1.0000
E 0.4667 0.9333 0.5333 1.0000
R 0.5333 0.9333 0.6000 1.0000
~ 0.6000 0.9333 0.6667 1.0000
~ 0.6667 0.9333 0.7333 1.0000
~ 0.7333 0.9333 0.8000 1.0000
~ 0.8000 0.9333 0.8667 1.0000
~ 0.8667 0.9333 0.9333 1.0000
~ 0.9333 0.9333 1.0000 1.0000
