NONE 0.0000 0.0000 0.0667 0.0667
NONE 0.0667 0.0000 0.0667 0.0667
NONE 0.1333 0.0000 0.0667 0.0667
NONE 0.2000 0.0000 0.0667 0.0667
NONE 0.2667 0.0000 0.0667 0.0667
NONE 0.3333 0.0000 0.0667 0.0667
S 0.4000 0.0000 0.0667 0.0667
A 0.4667 0.0000 0.0667 0.0667
C 0.5333 0.0000 0.0667 0.0667
NONE 0.6000 0.0000 0.0667 0.0667
NONE 0.6667 0.0000 0.0667 0.0667
NONE 0.7333 0.0000 0.0667 0.0667
NONE 0.8000 0.0000 0.0667 0.0667
NONE 0.8667 0.0000 0.0667 0.0667
Z 0.9333 0.0000 0.0667 0.0667
NONE 0.0000 0.0667 0.0667 0.0667
Q 0.0667 0.0667 0.0667 0.0667
NONE 0.1333 0.0667 0.0667 0.0667
NONE 0.2000 0.0667 0.0667 0.0667
NONE 0.2667 0.0667 0.0667 0.0667
NONE 0.3333 0.0667 0.0667 0.0667
NONE 0.4000 0.0667 0.0667 0.0667
A 0.4667 0.0667 0.0667 0.0667
NONE 0.5333 0.0667 0.0667 0.0667
NONE 0.6000 0.0667 0.0667 0.0667
NONE 0.6667 0.0667 0.0667 0.0667
NONE 0.7333 0.0667 0.0667 0.0667
NONE 0.8000 0.0667 0.0667 0.0667
NONE 0.8667 0.0667 0.0667 0.0667
O 0.9333 0.0667 0.0667 0.0667
NONE 0.0000 0.1333 0.0667 0.0667
U 0.0667 0.1333 0.0667 0.0667
NONE 0.1333 0.1333 0.0667 0.0667
P 0.2000 0.1333 0.0667 0.0667
U 0.2667 0.1333 0.0667 0.0667
R 0.3333 0.1333 0.0667 0.0667
P 0.4000 0.1333 0.0667 0.0667
L 0.4667 0.1333 0.0667 0.0667
E 0.5333 0.1333 0.0667 0.0667
NONE 0.6000 0.1333 0.0667 0.0667
NONE 0.6667 0.1333 0.0667 0.0667
K 0.7333 0.1333 0.0667 0.0667
E 0.8000 0.1333 0.0667 0.0667
N 0.8667 0.1333 0.0667 0.0667
O 0.9333 0.1333 0.0667 0.0667
J 0.0000 0.2000 0.0667 0.0667
I 0.0667 0.2000 0.0667 0.0667
B 0.1333 0.2000 0.0667 0.0667
E 0.2000 0.2000 0.0667 0.0667
NONE 0.2667 0.2000 0.0667 0.0667
NONE 0.3333 0.2000 0.0667 0.0667
NONE 0.4000 0.2000 0.0667 0.0667
NONE 0.4667 0.2000 0.0667 0.0667
NONE 0.5333 0.2000 0.0667 0.0667
NONE 0.6000 0.2000 0.0667 0.0667
NONE 0.6667 0.2000 0.0667 0.0667
NONE 0.7333 0.2000 0.0667 0.0667
NONE 0.8000 0.2000 0.0667 0.0667
E 0.8667 0.2000 0.0667 0.0667
M 0.9333 0.2000 0.0667 0.0667
A 0.0000 0.2667 0.0667 0.0667
T 0.0667 0.2667 0.0667 0.0667
NONE 0.1333 0.2667 0.0667 0.0667
D 0.2000 0.2667 0.0667 0.0667
E 0.2667 0.2667 0.0667 0.0667
T 0.3333 0.2667 0.0667 0.0667
R 0.4000 0.2667 0.0667 0.0667
A 0.4667 0.2667 0.0667 0.0667
I 0.5333 0.2667 0.0667 0.0667
N 0.6000 0.2667 0.0667 0.0667
S 0.6667 0.2667 0.0667 0.0667
NONE 0.7333 0.2667 0.0667 0.0667
NONE 0.8000 0.2667 0.0667 0.0667
G 0.8667 0.2667 0.0667 0.0667
NONE 0.9333 0.2667 0.0667 0.0667
W 0.0000 0.3333 0.0667 0.0667
E 0.0667 0.3333 0.0667 0.0667
B 0.1333 0.3333 0.0667 0.0667
NONE 0.2000 0.3333 0.0667 0.0667
NONE 0.2667 0.3333 0.0667 0.0667
H 0.3333 0.3333 0.0667 0.0667
O 0.4000 0.3333 0.0667 0.0667
NONE 0.4667 0.3333 0.0667 0.0667
O 0.5333 0.3333 0.0667 0.0667
O 0.6000 0.3333 0.0667 0.0667
T 0.6667 0.3333 0.0667 0.0667
NONE 0.7333 0.3333 0.0667 0.0667
NONE 0.8000 0.3333 0.0667 0.0667
A 0.8667 0.3333 0.0667 0.0667
NONE 0.9333 0.3333 0.0667 0.0667
E 0.0000 0.4000 0.0667 0.0667
NONE 0.0667 0.4000 0.0667 0.0667
NONE 0.1333 0.4000 0.0667 0.0667
NONE 0.2000 0.4000 0.0667 0.0667
W 0.2667 0.4000 0.0667 0.0667
E 0.3333 0.4000 0.0667 0.0667
E 0.4000 0.4000 0.0667 0.0667
NONE 0.4667 0.4000 0.0667 0.0667
NONE 0.5333 0.4000 0.0667 0.0667
NONE 0.6000 0.4000 0.0667 0.0667
NONE 0.6667 0.4000 0.0667 0.0667
NONE 0.7333 0.4000 0.0667 0.0667
NONE 0.8000 0.4000 0.0667 0.0667
T 0.8667 0.4000 0.0667 0.0667
NONE 0.9333 0.4000 0.0667 0.0667
D 0.0000 0.4667 0.0667 0.0667
NONE 0.0667 0.4667 0.0667 0.0667
NONE 0.1333 0.4667 0.0667 0.0667
NONE 0.2000 0.4667 0.0667 0.0667
O 0.2667 0.4667 0.0667 0.0667
I 0.3333 0.4667 0.0667 0.0667
NONE 0.4000 0.4667 0.0667 0.0667
L 0.4667 0.4667 0.0667 0.0667
O 0.5333 0.4667 0.0667 0.0667
R 0.6000 0.4667 0.0667 0.0667
R 0.6667 0.4667 0.0667 0.0667
Y 0.7333 0.4667 0.0667 0.0667
NONE 0.8000 0.4667 0.0667 0.0667
E 0.8667 0.4667 0.0667 0.0667
NONE 0.9333 0.4667 0.0667 0.0667
NONE 0.0000 0.5333 0.0667 0.0667
NONE 0.0667 0.5333 0.0667 0.0667
NONE 0.1333 0.5333 0.0667 0.0667
NONE 0.2000 0.5333 0.0667 0.0667
NONE 0.2667 0.5333 0.0667 0.0667
C 0.3333 0.5333 0.0667 0.0667
H 0.4000 0.5333 0.0667 0.0667
I 0.4667 0.5333 0.0667 0.0667
D 0.5333 0.5333 0.0667 0.0667
NONE 0.6000 0.5333 0.0667 0.0667
M 0.6667 0.5333 0.0667 0.0667
U 0.7333 0.5333 0.0667 0.0667
N 0.8000 0.5333 0.0667 0.0667
S 0.8667 0.5333 0.0667 0.0667
NONE 0.9333 0.5333 0.0667 0.0667
NONE 0.0000 0.6000 0.0667 0.0667
NONE 0.0667 0.6000 0.0667 0.0667
NONE 0.1333 0.6000 0.0667 0.0667
NONE 0.2000 0.6000 0.0667 0.0667
NONE 0.2667 0.6000 0.0667 0.0667
NONE 0.3333 0.6000 0.0667 0.0667
NONE 0.4000 0.6000 0.0667 0.0667
V 0.4667 0.6000 0.0667 0.0667
NONE 0.5333 0.6000 0.0667 0.0667
D 0.6000 0.6000 0.0667 0.0667
I 0.6667 0.6000 0.0667 0.0667
NONE 0.7333 0.6000 0.0667 0.0667
NONE 0.8000 0.6000 0.0667 0.0667
NONE 0.8667 0.6000 0.0667 0.0667
NONE 0.9333 0.6000 0.0667 0.0667
NONE 0.0000 0.6667 0.0667 0.0667
NONE 0.0667 0.6667 0.0667 0.0667
NONE 0.1333 0.6667 0.0667 0.0667
NONE 0.2000 0.6667 0.0667 0.0667
NONE 0.2667 0.6667 0.0667 0.0667
NONE 0.3333 0.6667 0.0667 0.0667
F 0.4000 0.6667 0.0667 0.0667
E 0.4667 0.6667 0.0667 0.0667
NONE 0.5333 0.6667 0.0667 0.0667
E 0.6000 0.6667 0.0667 0.0667
L 0.6667 0.6667 0.0667 0.0667
NONE 0.7333 0.6667 0.0667 0.0667
NONE 0.8000 0.6667 0.0667 0.0667
NONE 0.8667 0.6667 0.0667 0.0667
NONE 0.9333 0.6667 0.0667 0.0667
NONE 0.0000 0.7333 0.0667 0.0667
NONE 0.0667 0.7333 0.0667 0.0667
NONE 0.1333 0.7333 0.0667 0.0667
NONE 0.2000 0.7333 0.0667 0.0667
NONE 0.2667 0.7333 0.0667 0.0667
NONE 0.3333 0.7333 0.0667 0.0667
A 0.4000 0.7333 0.0667 0.0667
R 0.4667 0.7333 0.0667 0.0667
NONE 0.5333 0.7333 0.0667 0.0667
F 0.6000 0.7333 0.0667 0.0667
Y 0.6667 0.7333 0.0667 0.0667
NONE 0.7333 0.7333 0.0667 0.0667
NONE 0.8000 0.7333 0.0667 0.0667
NONE 0.8667 0.7333 0.0667 0.0667
NONE 0.9333 0.7333 0.0667 0.0667
NONE 0.0000 0.8000 0.0667 0.0667
NONE 0.0667 0.8000 0.0667 0.0667
NONE 0.1333 0.8000 0.0667 0.0667
NONE 0.2000 0.8000 0.0667 0.0667
NONE 0.2667 0.8000 0.0667 0.0667
NONE 0.3333 0.8000 0.0667 0.0667
X 0.4000 0.8000 0.0667 0.0667
I 0.4667 0.8000 0.0667 0.0667
NONE 0.5333 0.8000 0.0667 0.0667
O 0.6000 0.8000 0.0667 0.0667
NONE 0.6667 0.8000 0.0667 0.0667
NONE 0.7333 0.8000 0.0667 0.0667
NONE 0.8000 0.8000 0.0667 0.0667
NONE 0.8667 0.8000 0.0667 0.0667
NONE 0.9333 0.8000 0.0667 0.0667
A 0.0000 0.8667 0.0667 0.0667
A 0.0667 0.8667 0.0667 0.0667
L 0.1333 0.8667 0.0667 0.0667
I 0.2000 0.8667 0.0667 0.0667
I 0.2667 0.8667 0.0667 0.0667
NONE 0.3333 0.8667 0.0667 0.0667
NONE 0.4000 0.8667 0.0667 0.0667
N 0.4667 0.8667 0.0667 0.0667
NONE 0.5333 0.8667 0.0667 0.0667
G 0.6000 0.8667 0.0667 0.0667
NONE 0.6667 0.8667 0.0667 0.0667
NONE 0.7333 0.8667 0.0667 0.0667
NONE 0.8000 0.8667 0.0667 0.0667
NONE 0.8667 0.8667 0.0667 0.0667
NONE 0.9333 0.8667 0.0667 0.0667
NONE 0.0000 0.9333 0.0667 0.0667
R 0.0667 0.9333 0.0667 0.0667
A 0.1333 0.9333 0.0667 0.0667
N 0.2000 0.9333 0.0667 0.0667
T 0.2667 0.9333 0.0667 0.0667
I 0.3333 0.9333 0.0667 0.0667
N 0.4000 0.9333 0.0667 0.0667
G 0.4667 0.9333 0.0667 0.0667
S 0.5333 0.9333 0.0667 0.0667
NONE 0.6000 0.9333 0.0667 0.0667
NONE 0.6667 0.9333 0.0667 0.0667
NONE 0.7333 0.9333 0.0667 0.0667
NONE 0.8000 0.9333 0.0667 0.0667
NONE 0.8667 0.9333 0.0667 0.0667
NONE 0.9333 0.9333 0.0667 0.0667
