~ 0.0000 0.0000 0.0667 0.0667
~ 0.0667 0.0000 0.1333 0.0667
~ 0.1333 0.0000 0.2000 0.0667
~ 0.2000 0.0000 0.2667 0.0667
~ 0.2667 0.0000 0.3333 0.0667
~ 0.3333 0.0000 0.4000 0.0667
~ 0.4000 0.0000 0.4667 0.0667
~ 0.4667 0.0000 0.5333 0.0667
S 0.5333 0.0000 0.6000 0.0667
T 0.6000 0.0000 0.6667 0.0667
I 0.6667 0.0000 0.7333 0.0667
F 0.7333 0.0000 0.8000 0.0667
F 0.8000 0.0000 0.8667 0.0667
E 0.8667 0.0000 0.9333 0.0667
N 0.9333 0.0000 1.0000 0.0667
~ 0.0000 0.0667 0.0667 0.1333
~ 0.0667 0.0667 0.1333 0.1333
~ 0.1333 0.0667 0.2000 0.1333
~ 0.2000 0.0667 0.2667 0.1333
~ 0.2667 0.0667 0.3333 0.1333
Q 0.3333 0.0667 0.4000 0.1333
I 0.4000 0.0667 0.4667 0.1333
~ 0.4667 0.0667 0.5333 0.1333
~ 0.5333 0.0667 0.6000 0.1333
~ 0.6000 0.0667 0.6667 0.1333
~ 0.6667 0.0667 0.7333 0.1333
E 0.7333 0.0667 0.8000 0.1333
~ 0.8000 0.0667 0.8667 0.1333
~ 0.8667 0.0667 0.9333 0.1333
~ 0.9333 0.0667 1.0000 0.1333
~ 0.0000 0.1333 0.0667 0.2000
~ 0.0667 0.1333 0.1333 0.2000
B 0.1333 0.1333 0.2000 0.2000
~ 0.2000 0.1333 0.2667 0.2000
~ 0.2667 0.1333 0.3333 0.2000
U 0.3333 0.1333 0.4000 0.2000
~ 0.4000 0.1333 0.4667 0.2000
~ 0.4667 0.1333 0.5333 0.2000
V 0.5333 0.1333 0.6000 0.2000
~ 0.6000 0.1333 0.6667 0.2000
~ 0.6667 0.1333 0.7333 0.2000
A 0.7333 0.1333 0.8000 0.2000
D 0.8000 0.1333 0.8667 0.2000
~ 0.8667 0.1333 0.9333 0.2000
~ 0.9333 0.1333 1.0000 0.2000
~ 0.0000 0.2000 0.0667 0.2667
~ 0.0667 0.2000 0.1333 0.2667
R 0.1333 0.2000 0.2000 0.2667
E 0.2000 0.2000 0.2667 0.2667
T 0.2667 0.2000 0.3333 0.2667
A 0.3333 0.2000 0.4000 0.2667
I 0.4000 0.2000 0.4667 0.2667
L 0.4667 0.2000 0.5333 0.2667
E 0.5333 0.2000 0.6000 0.2667
~ 0.6000 0.2000 0.6667 0.2667
~ 0.6667 0.2000 0.7333 0.2667
T 0.7333 0.2000 0.8000 0.2667
A 0.8000 0.2000 0.8667 0.2667
K 0.8667 0.2000 0.9333 0.2667
E 0.9333 0.2000 1.0000 0.2667
~ 0.0000 0.2667 0.0667 0.3333
~ 0.0667 0.2667 0.1333 0.3333
E 0.1333 0.2667 0.2000 0.3333
~ 0.2000 0.2667 0.2667 0.3333
~ 0.2667 0.2667 0.3333 0.3333
H 0.3333 0.2667 0.4000 0.3333
~ 0.4000 0.2667 0.4667 0.3333
~ 0.4667 0.2667 0.5333 0.3333
E 0.5333 0.2667 0.6000 0.3333
~ 0.6000 0.2667 0.6667 0.3333
~ 0.6667 0.2667 0.7333 0.3333
~ 0.7333 0.2667 0.8000 0.3333
N 0.8000 0.2667 0.8667 0.3333
~ 0.8667 0.2667 0.9333 0.3333
E 0.9333 0.2667 1.0000 0.3333
~ 0.0000 0.3333 0.0667 0.4000
L 0.0667 0.3333 0.1333 0.4000
A 0.1333 0.3333 0.2000 0.4000
R 0.2000 0.3333 0.2667 0.4000
~ 0.2667 0.3333 0.3333 0.4000
O 0.3333 0.3333 0.4000 0.4000
~ 0.4000 0.3333 0.4667 0.4000
~ 0.4667 0.3333 0.5333 0.4000
P 0.5333 0.3333 0.6000 0.4000
I 0.6000 0.3333 0.6667 0.4000
~ 0.6667 0.3333 0.7333 0.4000
~ 0.7333 0.3333 0.8000 0.4000
D 0.8000 0.3333 0.8667 0.4000
~ 0.8667 0.3333 0.9333 0.4000
L 0.9333 0.3333 1.0000 0.4000
~ 0.0000 0.4000 0.0667 0.4667
~ 0.0667 0.4000 0.1333 0.4667
C 0.1333 0.4000 0.2000 0.4667
~ 0.2000 0.4000 0.2667 0.4667
~ 0.2667 0.4000 0.3333 0.4667
G 0.3333 0.4000 0.4000 0.4667
~ 0.4000 0.4000 0.4667 0.4667
~ 0.4667 0.4000 0.5333 0.4667
~ 0.5333 0.4000 0.6000 0.4667
N 0.6000 0.4000 0.6667 0.4667
~ 0.6667 0.4000 0.7333 0.4667
M 0.7333 0.4000 0.8000 0.4667
Y 0.8000 0.4000 0.8667 0.4667
~ 0.8667 0.4000 0.9333 0.4667
I 0.9333 0.4000 1.0000 0.4667
N 0.0000 0.4667 0.0667 0.5333
T 0.0667 0.4667 0.1333 0.5333
H 0.1333 0.4667 0.2000 0.5333
~ 0.2000 0.4667 0.2667 0.5333
~ 0.2667 0.4667 0.3333 0.5333
~ 0.3333 0.4667 0.4000 0.5333
X 0.4000 0.4667 0.4667 0.5333
U 0.4667 0.4667 0.5333 0.5333
~ 0.5333 0.4667 0.6000 0.5333
T 0.6000 0.4667 0.6667 0.5333
~ 0.6667 0.4667 0.7333 0.5333
I 0.7333 0.4667 0.8000 0.5333
~ 0.8000 0.4667 0.8667 0.5333
~ 0.8667 0.4667 0.9333 0.5333
E 0.9333 0.4667 1.0000 0.5333
~ 0.0000 0.5333 0.0667 0.6000
~ 0.0667 0.5333 0.1333 0.6000
~ 0.1333 0.5333 0.2000 0.6000
C 0.2000 0.5333 0.2667 0.6000
~ 0.2667 0.5333 0.3333 0.6000
B 0.3333 0.5333 0.4000 0.6000
U 0.4000 0.5333 0.4667 0.6000
S 0.4667 0.5333 0.5333 0.6000
~ 0.5333 0.5333 0.6000 0.6000
I 0.6000 0.5333 0.6667 0.6000
~ 0.6667 0.5333 0.7333 0.6000
S 0.7333 0.5333 0.8000 0.6000
~ 0.8000 0.5333 0.8667 0.6000
~ 0.8667 0.5333 0.9333 0.6000
R 0.9333 0.5333 1.0000 0.6000
~ 0.0000 0.6000 0.0667 0.6667
~ 0.0667 0.6000 0.1333 0.6667
~ 0.1333 0.6000 0.2000 0.6667
A 0.2000 0.6000 0.2667 0.6667
G 0.2667 0.6000 0.3333 0.6667
A 0.3333 0.6000 0.4000 0.6667
~ 0.4000 0.6000 0.4667 0.6667
~ 0.4667 0.6000 0.5333 0.6667
~ 0.5333 0.6000 0.6000 0.6667
R 0.6000 0.6000 0.6667 0.6667
~ 0.6667 0.6000 0.7333 0.6667
U 0.7333 0.6000 0.8000 0.6667
~ 0.8000 0.6000 0.8667 0.6667
~ 0.8667 0.6000 0.9333 0.6667
~ 0.9333 0.6000 1.0000 0.6667
~ 0.0000 0.6667 0.0667 0.7333
~ 0.0667 0.6667 0.1333 0.7333
~ 0.1333 0.6667 0.2000 0.7333
N 0.2000 0.6667 0.2667 0.7333
~ 0.2667 0.6667 0.3333 0.7333
D 0.3333 0.6667 0.4000 0.7333
E 0.4000 0.6667 0.4667 0.7333
L 0.4667 0.6667 0.5333 0.7333
V 0.5333 0.6667 0.6000 0.7333
~ 0.6000 0.6667 0.6667 0.7333
R 0.6667 0.6667 0.7333 0.7333
S 0.7333 0.6667 0.8000 0.7333
~ 0.8000 0.6667 0.8667 0.7333
~ 0.8667 0.6667 0.9333 0.7333
~ 0.9333 0.6667 1.0000 0.7333
~ 0.0000 0.7333 0.0667 0.8000
~ 0.0667 0.7333 0.1333 0.8000
~ 0.1333 0.7333 0.2000 0.8000
D 0.2000 0.7333 0.2667 0.8000
~ 0.2667 0.7333 0.3333 0.8000
~ 0.3333 0.7333 0.4000 0.8000
~ 0.4000 0.7333 0.4667 0.8000
O 0.4667 0.7333 0.5333 0.8000
~ 0.5333 0.7333 0.6000 0.8000
~ 0.6000 0.7333 0.6667 0.8000
~ 0.6667 0.7333 0.7333 0.8000
I 0.7333 0.7333 0.8000 0.8000
~ 0.8000 0.7333 0.8667 0.8000
~ 0.8667 0.7333 0.9333 0.8000
~ 0.9333 0.7333 1.0000 0.8000
~ 0.0000 0.8000 0.0667 0.8667
~ 0.0667 0.8000 0.1333 0.8667
J 0.1333 0.8000 0.2000 0.8667
O 0.2000 0.8000 0.2667 0.8667
W 0.2667 0.8000 0.3333 0.8667
~ 0.3333 0.8000 0.4000 0.8667
Z 0.4000 0.8000 0.4667 0.8667
A 0.4667 0.8000 0.5333 0.8667
~ 0.5333 0.8000 0.6000 0.8667
~ 0.6000 0.8000 0.6667 0.8667
~ 0.6667 0.8000 0.7333 0.8667
N 0.7333 0.8000 0.8000 0.8667
~ 0.8000 0.8000 0.8667 0.8667
~ 0.8667 0.8000 0.9333 0.8667
~ 0.9333 0.8000 1.0000 0.8667
~ 0.0000 0.8667 0.0667 0.9333
~ 0.0667 0.8667 0.1333 0.9333
E 0.1333 0.8667 0.2000 0.9333
R 0.2000 0.8667 0.2667 0.9333
A 0.2667 0.8667 0.3333 0.9333
~ 0.3333 0.8667 0.4000 0.9333
O 0.4000 0.8667 0.4667 0.9333
M 0.4667 0.8667 0.5333 0.9333
~ 0.5333 0.8667 0.6000 0.9333
~ 0.6000 0.8667 0.6667 0.9333
~ 0.6667 0.8667 0.7333 0.9333
G 0.7333 0.8667 0.8000 0.9333
~ 0.8000 0.8667 0.8667 0.9333
~ 0.8667 0.8667 0.9333 0.9333
~ 0.9333 0.8667 1.0000 0.9333
W 0.0000 0.9333 0.0667 1.0000
O 0.0667 0.9333 0.1333 1.0000
E 0.1333 0.9333 0.2000 1.0000
~ 0.2000 0.9333 0.2667 1.0000
P 0.2667 0.9333 0.3333 1.0000
~ 0.3333 0.9333 0.4000 1.0000
O 0.4000 0.9333 0.4667 1.0000
Y 0.4667 0.9333 0.5333 1.0000
~ 0.5333 0.9333 0.6000 1.0000
~ 0.6000 0.9333 0.6667 1.0000
~ 0.6667 0.9333 0.7333 1.0000
~ 0.7333 0.9333 0.8000 1.0000
~ 0.8000 0.9333 0.8667 1.0000
~ 0.8667 0.9333 0.9333 1.0000
~ 0.9333 0.9333 1.0000 1.0000
