~ 0.0000 0.0000 0.0667 0.0667
~ 0.0667 0.0000 0.1333 0.0667
~ 0.1333 0.0000 0.2000 0.0667
~ 0.2000 0.0000 0.2667 0.0667
~ 0.2667 0.0000 0.3333 0.0667
~ 0.3333 0.0000 0.4000 0.0667
~ 0.4000 0.0000 0.4667 0.0667
~ 0.4667 0.0000 0.5333 0.0667
~ 0.5333 0.0000 0.6000 0.0667
~ 0.6000 0.0000 0.6667 0.0667
~ 0.6667 0.0000 0.7333 0.0667
~ 0.7333 0.0000 0.8000 0.0667
~ 0.8000 0.0000 0.8667 0.0667
~ 0.8667 0.0000 0.9333 0.0667
~ 0.9333 0.0000 1.0000 0.0667
~ 0.0000 0.0667 0.0667 0.1333
~ 0.0667 0.0667 0.1333 0.1333
~ 0.1333 0.0667 0.2000 0.1333
~ 0.2000 0.0667 0.2667 0.1333
~ 0.2667 0.0667 0.3333 0.1333
~ 0.3333 0.0667 0.4000 0.1333
~ 0.4000 0.0667 0.4667 0.1333
~ 0.4667 0.0667 0.5333 0.1333
~ 0.5333 0.0667 0.6000 0.1333
~ 0.6000 0.0667 0.6667 0.1333
~ 0.6667 0.0667 0.7333 0.1333
~ 0.7333 0.0667 0.8000 0.1333
A 0.8000 0.0667 0.8667 0.1333
~ 0.8667 0.0667 0.9333 0.1333
~ 0.9333 0.0667 1.0000 0.1333
~ 0.0000 0.1333 0.0667 0.2000
~ 0.0667 0.1333 0.1333 0.2000
~ 0.1333 0.1333 0.2000 0.2000
~ 0.2000 0.1333 0.2667 0.2000
~ 0.2667 0.1333 0.3333 0.2000
~ 0.3333 0.1333 0.4000 0.2000
~ 0.4000 0.1333 0.4667 0.2000
~ 0.4667 0.1333 0.5333 0.2000
~ 0.5333 0.1333 0.6000 0.2000
~ 0.6000 0.1333 0.6667 0.2000
~ 0.6667 0.1333 0.7333 0.2000
~ 0.7333 0.1333 0.8000 0.2000
G 0.8000 0.1333 0.8667 0.2000
~ 0.8667 0.1333 0.9333 0.2000
~ 0.9333 0.1333 1.0000 0.2000
~ 0.0000 0.2000 0.0667 0.2667
~ 0.0667 0.2000 0.1333 0.2667
~ 0.1333 0.2000 0.2000 0.2667
C 0.2000 0.2000 0.2667 0.2667
~ 0.2667 0.2000 0.3333 0.2667
~ 0.3333 0.2000 0.4000 0.2667
~ 0.4000 0.2000 0.4667 0.2667
~ 0.4667 0.2000 0.5333 0.2667
~ 0.5333 0.2000 0.6000 0.2667
~ 0.6000 0.2000 0.6667 0.2667
~ 0.6667 0.2000 0.7333 0.2667
B 0.7333 0.2000 0.8000 0.2667
A 0.8000 0.2000 0.8667 0.2667
~ 0.8667 0.2000 0.9333 0.2667
~ 0.9333 0.2000 1.0000 0.2667
~ 0.0000 0.2667 0.0667 0.3333
~ 0.0667 0.2667 0.1333 0.3333
~ 0.1333 0.2667 0.2000 0.3333
O 0.2000 0.2667 0.2667 0.3333
~ 0.2667 0.2667 0.3333 0.3333
J 0.3333 0.2667 0.4000 0.3333
~ 0.4000 0.2667 0.4667 0.3333
~ 0.4667 0.2667 0.5333 0.3333
~ 0.5333 0.2667 0.6000 0.3333
~ 0.6000 0.2667 0.6667 0.3333
Q 0.6667 0.2667 0.7333 0.3333
I 0.7333 0.2667 0.8000 0.3333
S 0.8000 0.2667 0.8667 0.3333
~ 0.8667 0.2667 0.9333 0.3333
N 0.9333 0.2667 1.0000 0.3333
~ 0.0000 0.3333 0.0667 0.4000
~ 0.0667 0.3333 0.1333 0.4000
~ 0.1333 0.3333 0.2000 0.4000
E 0.2000 0.3333 0.2667 0.4000
T 0.2667 0.3333 0.3333 0.4000
A 0.3333 0.3333 0.4000 0.4000
~ 0.4000 0.3333 0.4667 0.4000
~ 0.4667 0.3333 0.5333 0.4000
~ 0.5333 0.3333 0.6000 0.4000
P 0.6000 0.3333 0.6667 0.4000
I 0.6667 0.3333 0.7333 0.4000
N 0.7333 0.3333 0.8000 0.4000
~ 0.8000 0.3333 0.8667 0.4000
Y 0.8667 0.3333 0.9333 0.4000
A 0.9333 0.3333 1.0000 0.4000
~ 0.0000 0.4000 0.0667 0.4667
~ 0.0667 0.4000 0.1333 0.4667
~ 0.1333 0.4000 0.2000 0.4667
D 0.2000 0.4000 0.2667 0.4667
~ 0.2667 0.4000 0.3333 0.4667
W 0.3333 0.4000 0.4000 0.4667
O 0.4000 0.4000 0.4667 0.4667
~ 0.4667 0.4000 0.5333 0.4667
~ 0.5333 0.4000 0.6000 0.4667
U 0.6000 0.4000 0.6667 0.4667
~ 0.6667 0.4000 0.7333 0.4667
~ 0.7333 0.4000 0.8000 0.4667
Z 0.8000 0.4000 0.8667 0.4667
A 0.8667 0.4000 0.9333 0.4667
~ 0.9333 0.4000 1.0000 0.4667
~ 0.0000 0.4667 0.0667 0.5333
~ 0.0667 0.4667 0.1333 0.5333
~ 0.1333 0.4667 0.2000 0.5333
~ 0.2000 0.4667 0.2667 0.5333
~ 0.2667 0.4667 0.3333 0.5333
~ 0.3333 0.4667 0.4000 0.5333
B 0.4000 0.4667 0.4667 0.5333
U 0.4667 0.4667 0.5333 0.5333
R 0.5333 0.4667 0.6000 0.5333
R 0.6000 0.4667 0.6667 0.5333
~ 0.6667 0.4667 0.7333 0.5333
F 0.7333 0.4667 0.8000 0.5333
A 0.8000 0.4667 0.8667 0.5333
K 0.8667 0.4667 0.9333 0.5333
E 0.9333 0.4667 1.0000 0.5333
~ 0.0000 0.5333 0.0667 0.6000
~ 0.0667 0.5333 0.1333 0.6000
V 0.1333 0.5333 0.2000 0.6000
~ 0.2000 0.5333 0.2667 0.6000
~ 0.2667 0.5333 0.3333 0.6000
N 0.3333 0.5333 0.4000 0.6000
I 0.4000 0.5333 0.4667 0.6000
~ 0.4667 0.5333 0.5333 0.6000
E 0.5333 0.5333 0.6000 0.6000
~ 0.6000 0.5333 0.6667 0.6000
I 0.6667 0.5333 0.7333 0.6000
E 0.7333 0.5333 0.8000 0.6000
~ 0.8000 0.5333 0.8667 0.6000
~ 0.8667 0.5333 0.9333 0.6000
E 0.9333 0.5333 1.0000 0.6000
~ 0.0000 0.6000 0.0667 0.6667
O 0.0667 0.6000 0.1333 0.6667
U 0.1333 0.6000 0.2000 0.6667
R 0.2000 0.6000 0.2667 0.6667
I 0.2667 0.6000 0.3333 0.6667
E 0.3333 0.6000 0.4000 0.6667
~ 0.4000 0.6000 0.4667 0.6667
~ 0.4667 0.6000 0.5333 0.6667
~ 0.5333 0.6000 0.6000 0.6667
~ 0.6000 0.6000 0.6667 0.6667
T 0.6667 0.6000 0.7333 0.6667
H 0.7333 0.6000 0.8000 0.6667
I 0.8000 0.6000 0.8667 0.6667
O 0.8667 0.6000 0.9333 0.6667
L 0.9333 0.6000 1.0000 0.6667
~ 0.0000 0.6667 0.0667 0.7333
~ 0.0667 0.6667 0.1333 0.7333
G 0.1333 0.6667 0.2000 0.7333
E 0.2000 0.6667 0.2667 0.7333
T 0.2667 0.6667 0.3333 0.7333
~ 0.3333 0.6667 0.4000 0.7333
~ 0.4000 0.6667 0.4667 0.7333
W 0.4667 0.6667 0.5333 0.7333
~ 0.5333 0.6667 0.6000 0.7333
~ 0.6000 0.6667 0.6667 0.7333
~ 0.6667 0.6667 0.7333 0.7333
~ 0.7333 0.6667 0.8000 0.7333
~ 0.8000 0.6667 0.8667 0.7333
~ 0.8667 0.6667 0.9333 0.7333
Y 0.9333 0.6667 1.0000 0.7333
~ 0.0000 0.7333 0.0667 0.8000
C 0.0667 0.7333 0.1333 0.8000
~ 0.1333 0.7333 0.2000 0.8000
E 0.2000 0.7333 0.2667 0.8000
S 0.2667 0.7333 0.3333 0.8000
T 0.3333 0.7333 0.4000 0.8000
R 0.4000 0.7333 0.4667 0.8000
I 0.4667 0.7333 0.5333 0.8000
N 0.5333 0.7333 0.6000 0.8000
S 0.6000 0.7333 0.6667 0.8000
~ 0.6667 0.7333 0.7333 0.8000
O 0.7333 0.7333 0.8000 0.8000
M 0.8000 0.7333 0.8667 0.8000
~ 0.8667 0.7333 0.9333 0.8000
~ 0.9333 0.7333 1.0000 0.8000
~ 0.0000 0.8000 0.0667 0.8667
O 0.0667 0.8000 0.1333 0.8667
~ 0.1333 0.8000 0.2000 0.8667
~ 0.2000 0.8000 0.2667 0.8667
~ 0.2667 0.8000 0.3333 0.8667
~ 0.3333 0.8000 0.4000 0.8667
~ 0.4000 0.8000 0.4667 0.8667
P 0.4667 0.8000 0.5333 0.8667
~ 0.5333 0.8000 0.6000 0.8667
H 0.6000 0.8000 0.6667 0.8667
E 0.6667 0.8000 0.7333 0.8667
X 0.7333 0.8000 0.8000 0.8667
A 0.8000 0.8000 0.8667 0.8667
D 0.8667 0.8000 0.9333 0.8667
E 0.9333 0.8000 1.0000 0.8667
~ 0.0000 0.8667 0.0667 0.9333
N 0.0667 0.8667 0.1333 0.9333
~ 0.1333 0.8667 0.2000 0.9333
M 0.2000 0.8667 0.2667 0.9333
A 0.2667 0.8667 0.3333 0.9333
R 0.3333 0.8667 0.4000 0.9333
V 0.4000 0.8667 0.4667 0.9333
E 0.4667 0.8667 0.5333 0.9333
L 0.5333 0.8667 0.6000 0.9333
~ 0.6000 0.8667 0.6667 0.9333
F 0.6667 0.8667 0.7333 0.9333
O 0.7333 0.8667 0.8000 0.9333
G 0.8000 0.8667 0.8667 0.9333
~ 0.8667 0.8667 0.9333 0.9333
O 0.9333 0.8667 1.0000 0.9333
T 0.0000 0.9333 0.0667 1.0000
I 0.0667 0.9333 0.1333 1.0000
D 0.1333 0.9333 0.2000 1.0000
A 0.2000 0.9333 0.2667 1.0000
L 0.2667 0.9333 0.3333 1.0000
~ 0.3333 0.9333 0.4000 1.0000
~ 0.4000 0.9333 0.4667 1.0000
D 0.4667 0.9333 0.5333 1.0000
~ 0.5333 0.9333 0.6000 1.0000
~ 0.6000 0.9333 0.6667 1.0000
~ 0.6667 0.9333 0.7333 1.0000
~ 0.7333 0.9333 0.8000 1.0000
~ 0.8000 0.9333 0.8667 1.0000
~ 0.8667 0.9333 0.9333 1.0000
N 0.9333 0.9333 1.0000 1.0000
