D 0.0000 0.0000 0.0667 0.0667
~ 0.0667 0.0000 0.1333 0.0667
~ 0.1333 0.0000 0.2000 0.0667
~ 0.2000 0.0000 0.2667 0.0667
~ 0.2667 0.0000 0.3333 0.0667
~ 0.3333 0.0000 0.4000 0.0667
~ 0.4000 0.0000 0.4667 0.0667
~ 0.4667 0.0000 0.5333 0.0667
~ 0.5333 0.0000 0.6000 0.0667
~ 0.6000 0.0000 0.6667 0.0667
~ 0.6667 0.0000 0.7333 0.0667
~ 0.7333 0.0000 0.8000 0.0667
~ 0.8000 0.0000 0.8667 0.0667
~ 0.8667 0.0000 0.9333 0.0667
~ 0.9333 0.0000 1.0000 0.0667
A 0.0000 0.0667 0.0667 0.1333
N 0.0667 0.0667 0.1333 0.1333
~ 0.1333 0.0667 0.2000 0.1333
~ 0.2000 0.0667 0.2667 0.1333
~ 0.2667 0.0667 0.3333 0.1333
~ 0.3333 0.0667 0.4000 0.1333
~ 0.4000 0.0667 0.4667 0.1333
~ 0.4667 0.0667 0.5333 0.1333
~ 0.5333 0.0667 0.6000 0.1333
~ 0.6000 0.0667 0.6667 0.1333
~ 0.6667 0.0667 0.7333 0.1333
~ 0.7333 0.0667 0.8000 0.1333
~ 0.8000 0.0667 0.8667 0.1333
~ 0.8667 0.0667 0.9333 0.1333
~ 0.9333 0.0667 1.0000 0.1333
W 0.0000 0.1333 0.0667 0.2000
E 0.0667 0.1333 0.1333 0.2000
~ 0.1333 0.1333 0.2000 0.2000
~ 0.2000 0.1333 0.2667 0.2000
C 0.2667 0.1333 0.3333 0.2000
U 0.3333 0.1333 0.4000 0.2000
F 0.4000 0.1333 0.4667 0.2000
F 0.4667 0.1333 0.5333 0.2000
S 0.5333 0.1333 0.6000 0.2000
~ 0.6000 0.1333 0.6667 0.2000
~ 0.6667 0.1333 0.7333 0.2000
L 0.7333 0.1333 0.8000 0.2000
~ 0.8000 0.1333 0.8667 0.2000
~ 0.8667 0.1333 0.9333 0.2000
~ 0.9333 0.1333 1.0000 0.2000
~ 0.0000 0.2000 0.0667 0.2667
R 0.0667 0.2000 0.1333 0.2667
~ 0.1333 0.2000 0.2000 0.2667
J 0.2000 0.2000 0.2667 0.2667
O 0.2667 0.2000 0.3333 0.2667
~ 0.3333 0.2000 0.4000 0.2667
~ 0.4000 0.2000 0.4667 0.2667
~ 0.4667 0.2000 0.5333 0.2667
~ 0.5333 0.2000 0.6000 0.2667
~ 0.6000 0.2000 0.6667 0.2667
~ 0.6667 0.2000 0.7333 0.2667
I 0.7333 0.2000 0.8000 0.2667
~ 0.8000 0.2000 0.8667 0.2667
~ 0.8667 0.2000 0.9333 0.2667
~ 0.9333 0.2000 1.0000 0.2667
~ 0.0000 0.2667 0.0667 0.3333
T 0.0667 0.2667 0.1333 0.3333
~ 0.1333 0.2667 0.2000 0.3333
A 0.2000 0.2667 0.2667 0.3333
B 0.2667 0.2667 0.3333 0.3333
~ 0.3333 0.2667 0.4000 0.3333
~ 0.4000 0.2667 0.4667 0.3333
~ 0.4667 0.2667 0.5333 0.3333
~ 0.5333 0.2667 0.6000 0.3333
~ 0.6000 0.2667 0.6667 0.3333
~ 0.6667 0.2667 0.7333 0.3333
R 0.7333 0.2667 0.8000 0.3333
~ 0.8000 0.2667 0.8667 0.3333
~ 0.8667 0.2667 0.9333 0.3333
~ 0.9333 0.2667 1.0000 0.3333
~ 0.0000 0.3333 0.0667 0.4000
Z 0.0667 0.3333 0.1333 0.4000
E 0.1333 0.3333 0.2000 0.4000
P 0.2000 0.3333 0.2667 0.4000
~ 0.2667 0.3333 0.3333 0.4000
~ 0.3333 0.3333 0.4000 0.4000
~ 0.4000 0.3333 0.4667 0.4000
~ 0.4667 0.3333 0.5333 0.4000
~ 0.5333 0.3333 0.6000 0.4000
~ 0.6000 0.3333 0.6667 0.4000
B 0.6667 0.3333 0.7333 0.4000
I 0.7333 0.3333 0.8000 0.4000
~ 0.8000 0.3333 0.8667 0.4000
~ 0.8667 0.3333 0.9333 0.4000
~ 0.9333 0.3333 1.0000 0.4000
~ 0.0000 0.4000 0.0667 0.4667
~ 0.0667 0.4000 0.1333 0.4667
~ 0.1333 0.4000 0.2000 0.4667
E 0.2000 0.4000 0.2667 0.4667
Y 0.2667 0.4000 0.3333 0.4667
E 0.3333 0.4000 0.4000 0.4667
N 0.4000 0.4000 0.4667 0.4667
~ 0.4667 0.4000 0.5333 0.4667
~ 0.5333 0.4000 0.6000 0.4667
~ 0.6000 0.4000 0.6667 0.4667
A 0.6667 0.4000 0.7333 0.4667
~ 0.7333 0.4000 0.8000 0.4667
~ 0.8000 0.4000 0.8667 0.4667
V 0.8667 0.4000 0.9333 0.4667
~ 0.9333 0.4000 1.0000 0.4667
W 0.0000 0.4667 0.0667 0.5333
A 0.0667 0.4667 0.1333 0.5333
I 0.1333 0.4667 0.2000 0.5333
R 0.2000 0.4667 0.2667 0.5333
~ 0.2667 0.4667 0.3333 0.5333
M 0.3333 0.4667 0.4000 0.5333
E 0.4000 0.4667 0.4667 0.5333
E 0.4667 0.4667 0.5333 0.5333
K 0.5333 0.4667 0.6000 0.5333
~ 0.6000 0.4667 0.6667 0.5333
R 0.6667 0.4667 0.7333 0.5333
E 0.7333 0.4667 0.8000 0.5333
L 0.8000 0.4667 0.8667 0.5333
A 0.8667 0.4667 0.9333 0.5333
X 0.9333 0.4667 1.0000 0.5333
H 0.0000 0.5333 0.0667 0.6000
~ 0.0667 0.5333 0.1333 0.6000
D 0.1333 0.5333 0.2000 0.6000
Y 0.2000 0.5333 0.2667 0.6000
E 0.2667 0.5333 0.3333 0.6000
~ 0.3333 0.5333 0.4000 0.6000
G 0.4000 0.5333 0.4667 0.6000
R 0.4667 0.5333 0.5333 0.6000
I 0.5333 0.5333 0.6000 0.6000
N 0.6000 0.5333 0.6667 0.6000
D 0.6667 0.5333 0.7333 0.6000
~ 0.7333 0.5333 0.8000 0.6000
~ 0.8000 0.5333 0.8667 0.6000
V 0.8667 0.5333 0.9333 0.6000
~ 0.9333 0.5333 1.0000 0.6000
A 0.0000 0.6000 0.0667 0.6667
~ 0.0667 0.6000 0.1333 0.6667
~ 0.1333 0.6000 0.2000 0.6667
~ 0.2000 0.6000 0.2667 0.6667
~ 0.2667 0.6000 0.3333 0.6667
~ 0.3333 0.6000 0.4000 0.6667
~ 0.4000 0.6000 0.4667 0.6667
~ 0.4667 0.6000 0.5333 0.6667
~ 0.5333 0.6000 0.6000 0.6667
~ 0.6000 0.6000 0.6667 0.6667
I 0.6667 0.6000 0.7333 0.6667
~ 0.7333 0.6000 0.8000 0.6667
~ 0.8000 0.6000 0.8667 0.6667
~ 0.8667 0.6000 0.9333 0.6667
~ 0.9333 0.6000 1.0000 0.6667
T 0.0000 0.6667 0.0667 0.7333
~ 0.0667 0.6667 0.1333 0.7333
~ 0.1333 0.6667 0.2000 0.7333
C 0.2000 0.6667 0.2667 0.7333
A 0.2667 0.6667 0.3333 0.7333
L 0.3333 0.6667 0.4000 0.7333
Q 0.4000 0.6667 0.4667 0.7333
~ 0.4667 0.6667 0.5333 0.7333
E 0.5333 0.6667 0.6000 0.7333
~ 0.6000 0.6667 0.6667 0.7333
N 0.6667 0.6667 0.7333 0.7333
~ 0.7333 0.6667 0.8000 0.7333
~ 0.8000 0.6667 0.8667 0.7333
~ 0.8667 0.6667 0.9333 0.7333
T 0.9333 0.6667 1.0000 0.7333
~ 0.0000 0.7333 0.0667 0.8000
~ 0.0667 0.7333 0.1333 0.8000
~ 0.1333 0.7333 0.2000 0.8000
O 0.2000 0.7333 0.2667 0.8000
~ 0.2667 0.7333 0.3333 0.8000
~ 0.3333 0.7333 0.4000 0.8000
~ 0.4000 0.7333 0.4667 0.8000
~ 0.4667 0.7333 0.5333 0.8000
~ 0.5333 0.7333 0.6000 0.8000
A 0.6000 0.7333 0.6667 0.8000
G 0.6667 0.7333 0.7333 0.8000
O 0.7333 0.7333 0.8000 0.8000
U 0.8000 0.7333 0.8667 0.8000
T 0.8667 0.7333 0.9333 0.8000
I 0.9333 0.7333 1.0000 0.8000
O 0.0000 0.8000 0.0667 0.8667
~ 0.0667 0.8000 0.1333 0.8667
~ 0.1333 0.8000 0.2000 0.8667
O 0.2000 0.8000 0.2667 0.8667
~ 0.2667 0.8000 0.3333 0.8667
U 0.3333 0.8000 0.4000 0.8667
~ 0.4000 0.8000 0.4667 0.8667
G 0.4667 0.8000 0.5333 0.8667
I 0.5333 0.8000 0.6000 0.8667
E 0.6000 0.8000 0.6667 0.8667
~ 0.6667 0.8000 0.7333 0.8667
~ 0.7333 0.8000 0.8000 0.8667
H 0.8000 0.8000 0.8667 0.8667
O 0.8667 0.8000 0.9333 0.8667
P 0.9333 0.8000 1.0000 0.8667
T 0.0000 0.8667 0.0667 0.9333
~ 0.0667 0.8667 0.1333 0.9333
E 0.1333 0.8667 0.2000 0.9333
L 0.2000 0.8667 0.2667 0.9333
U 0.2667 0.8667 0.3333 0.9333
S 0.3333 0.8667 0.4000 0.9333
I 0.4000 0.8667 0.4667 0.9333
O 0.4667 0.8667 0.5333 0.9333
N 0.5333 0.8667 0.6000 0.9333
~ 0.6000 0.8667 0.6667 0.9333
~ 0.6667 0.8667 0.7333 0.9333
~ 0.7333 0.8667 0.8000 0.9333
~ 0.8000 0.8667 0.8667 0.9333
M 0.8667 0.8667 0.9333 0.9333
I 0.9333 0.8667 1.0000 0.9333
S 0.0000 0.9333 0.0667 1.0000
~ 0.0667 0.9333 0.1333 1.0000
~ 0.1333 0.9333 0.2000 1.0000
~ 0.2000 0.9333 0.2667 1.0000
~ 0.2667 0.9333 0.3333 1.0000
~ 0.3333 0.9333 0.4000 1.0000
~ 0.4000 0.9333 0.4667 1.0000
A 0.4667 0.9333 0.5333 1.0000
N 0.5333 0.9333 0.6000 1.0000
T 0.6000 0.9333 0.6667 1.0000
E 0.6667 0.9333 0.7333 1.0000
D 0.7333 0.9333 0.8000 1.0000
~ 0.8000 0.9333 0.8667 1.0000
~ 0.8667 0.9333 0.9333 1.0000
S 0.9333 0.9333 1.0000 1.0000
