F 0.0000 0.0000 0.0667 0.0667
O 0.0667 0.0000 0.1333 0.0667
E 0.1333 0.0000 0.2000 0.0667
~ 0.2000 0.0000 0.2667 0.0667
A 0.2667 0.0000 0.3333 0.0667
V 0.3333 0.0000 0.4000 0.0667
E 0.4000 0.0000 0.4667 0.0667
R 0.4667 0.0000 0.5333 0.0667
T 0.5333 0.0000 0.6000 0.0667
E 0.6000 0.0000 0.6667 0.0667
R 0.6667 0.0000 0.7333 0.0667
S 0.7333 0.0000 0.8000 0.0667
~ 0.8000 0.0000 0.8667 0.0667
~ 0.8667 0.0000 0.9333 0.0667
~ 0.9333 0.0000 1.0000 0.0667
~ 0.0000 0.0667 0.0667 0.1333
~ 0.0667 0.0667 0.1333 0.1333
W 0.1333 0.0667 0.2000 0.1333
U 0.2000 0.0667 0.2667 0.1333
D 0.2667 0.0667 0.3333 0.1333
~ 0.3333 0.0667 0.4000 0.1333
~ 0.4000 0.0667 0.4667 0.1333
~ 0.4667 0.0667 0.5333 0.1333
R 0.5333 0.0667 0.6000 0.1333
~ 0.6000 0.0667 0.6667 0.1333
~ 0.6667 0.0667 0.7333 0.1333
L 0.7333 0.0667 0.8000 0.1333
~ 0.8000 0.0667 0.8667 0.1333
~ 0.8667 0.0667 0.9333 0.1333
D 0.9333 0.0667 1.0000 0.1333
~ 0.0000 0.1333 0.0667 0.2000
P 0.0667 0.1333 0.1333 0.2000
E 0.1333 0.1333 0.2000 0.2000
H 0.2000 0.1333 0.2667 0.2000
~ 0.2667 0.1333 0.3333 0.2000
~ 0.3333 0.1333 0.4000 0.2000
C 0.4000 0.1333 0.4667 0.2000
U 0.4667 0.1333 0.5333 0.2000
E 0.5333 0.1333 0.6000 0.2000
~ 0.6000 0.1333 0.6667 0.2000
T 0.6667 0.1333 0.7333 0.2000
U 0.7333 0.1333 0.8000 0.2000
X 0.8000 0.1333 0.8667 0.2000
~ 0.8667 0.1333 0.9333 0.2000
E 0.9333 0.1333 1.0000 0.2000
~ 0.0000 0.2000 0.0667 0.2667
~ 0.0667 0.2000 0.1333 0.2667
~ 0.1333 0.2000 0.2000 0.2667
~ 0.2000 0.2000 0.2667 0.2667
~ 0.2667 0.2000 0.3333 0.2667
~ 0.3333 0.2000 0.4000 0.2667
~ 0.4000 0.2000 0.4667 0.2667
P 0.4667 0.2000 0.5333 0.2667
A 0.5333 0.2000 0.6000 0.2667
W 0.6000 0.2000 0.6667 0.2667
~ 0.6667 0.2000 0.7333 0.2667
E 0.7333 0.2000 0.8000 0.2667
~ 0.8000 0.2000 0.8667 0.2667
~ 0.8667 0.2000 0.9333 0.2667
L 0.9333 0.2000 1.0000 0.2667
~ 0.0000 0.2667 0.0667 0.3333
T 0.0667 0.2667 0.1333 0.3333
~ 0.1333 0.2667 0.2000 0.3333
~ 0.2000 0.2667 0.2667 0.3333
~ 0.2667 0.2667 0.3333 0.3333
~ 0.3333 0.2667 0.4000 0.3333
~ 0.4000 0.2667 0.4667 0.3333
~ 0.4667 0.2667 0.5333 0.3333
T 0.5333 0.2667 0.6000 0.3333
~ 0.6000 0.2667 0.6667 0.3333
Z 0.6667 0.2667 0.7333 0.3333
~ 0.7333 0.2667 0.8000 0.3333
~ 0.8000 0.2667 0.8667 0.3333
V 0.8667 0.2667 0.9333 0.3333
V 0.9333 0.2667 1.0000 0.3333
~ 0.0000 0.3333 0.0667 0.4000
R 0.0667 0.3333 0.1333 0.4000
~ 0.1333 0.3333 0.2000 0.4000
~ 0.2000 0.3333 0.2667 0.4000
~ 0.2667 0.3333 0.3333 0.4000
~ 0.3333 0.3333 0.4000 0.4000
~ 0.4000 0.3333 0.4667 0.4000
~ 0.4667 0.3333 0.5333 0.4000
I 0.5333 0.3333 0.6000 0.4000
~ 0.6000 0.3333 0.6667 0.4000
O 0.6667 0.3333 0.7333 0.4000
~ 0.7333 0.3333 0.8000 0.4000
~ 0.8000 0.3333 0.8667 0.4000
B 0.8667 0.3333 0.9333 0.4000
E 0.9333 0.3333 1.0000 0.4000
~ 0.0000 0.4000 0.0667 0.4667
I 0.0667 0.4000 0.1333 0.4667
~ 0.1333 0.4000 0.2000 0.4667
~ 0.2000 0.4000 0.2667 0.4667
~ 0.2667 0.4000 0.3333 0.4667
~ 0.3333 0.4000 0.4000 0.4667
~ 0.4000 0.4000 0.4667 0.4667
~ 0.4667 0.4000 0.5333 0.4667
N 0.5333 0.4000 0.6000 0.4667
~ 0.6000 0.4000 0.6667 0.4667
O 0.6667 0.4000 0.7333 0.4667
~ 0.7333 0.4000 0.8000 0.4667
~ 0.8000 0.4000 0.8667 0.4667
I 0.8667 0.4000 0.9333 0.4667
~ 0.9333 0.4000 1.0000 0.4667
B 0.0000 0.4667 0.0667 0.5333
A 0.0667 0.4667 0.1333 0.5333
~ 0.1333 0.4667 0.2000 0.5333
~ 0.2000 0.4667 0.2667 0.5333
~ 0.2667 0.4667 0.3333 0.5333
~ 0.3333 0.4667 0.4000 0.5333
~ 0.4000 0.4667 0.4667 0.5333
A 0.4667 0.4667 0.5333 0.5333
G 0.5333 0.4667 0.6000 0.5333
G 0.6000 0.4667 0.6667 0.5333
S 0.6667 0.4667 0.7333 0.5333
~ 0.7333 0.4667 0.8000 0.5333
K 0.8000 0.4667 0.8667 0.5333
A 0.8667 0.4667 0.9333 0.5333
E 0.9333 0.4667 1.0000 0.5333
~ 0.0000 0.5333 0.0667 0.6000
L 0.0667 0.5333 0.1333 0.6000
O 0.1333 0.5333 0.2000 0.6000
~ 0.2000 0.5333 0.2667 0.6000
~ 0.2667 0.5333 0.3333 0.6000
~ 0.3333 0.5333 0.4000 0.6000
O 0.4000 0.5333 0.4667 0.6000
H 0.4667 0.5333 0.5333 0.6000
~ 0.5333 0.5333 0.6000 0.6000
~ 0.6000 0.5333 0.6667 0.6000
~ 0.6667 0.5333 0.7333 0.6000
A 0.7333 0.5333 0.8000 0.6000
I 0.8000 0.5333 0.8667 0.6000
L 0.8667 0.5333 0.9333 0.6000
~ 0.9333 0.5333 1.0000 0.6000
~ 0.0000 0.6000 0.0667 0.6667
~ 0.0667 0.6000 0.1333 0.6667
M 0.1333 0.6000 0.2000 0.6667
~ 0.2000 0.6000 0.2667 0.6667
~ 0.2667 0.6000 0.3333 0.6667
~ 0.3333 0.6000 0.4000 0.6667
T 0.4000 0.6000 0.4667 0.6667
A 0.4667 0.6000 0.5333 0.6667
R 0.5333 0.6000 0.6000 0.6667
I 0.6000 0.6000 0.6667 0.6667
N 0.6667 0.6000 0.7333 0.6667
~ 0.7333 0.6000 0.8000 0.6667
~ 0.8000 0.6000 0.8667 0.6667
Y 0.8667 0.6000 0.9333 0.6667
~ 0.9333 0.6000 1.0000 0.6667
~ 0.0000 0.6667 0.0667 0.7333
~ 0.0667 0.6667 0.1333 0.7333
A 0.1333 0.6667 0.2000 0.7333
~ 0.2000 0.6667 0.2667 0.7333
G 0.2667 0.6667 0.3333 0.7333
O 0.3333 0.6667 0.4000 0.7333
A 0.4000 0.6667 0.4667 0.7333
~ 0.4667 0.6667 0.5333 0.7333
~ 0.5333 0.6667 0.6000 0.7333
~ 0.6000 0.6667 0.6667 0.7333
I 0.6667 0.6667 0.7333 0.7333
~ 0.7333 0.6667 0.8000 0.7333
~ 0.8000 0.6667 0.8667 0.7333
~ 0.8667 0.6667 0.9333 0.7333
~ 0.9333 0.6667 1.0000 0.7333
~ 0.0000 0.7333 0.0667 0.8000
~ 0.0667 0.7333 0.1333 0.8000
I 0.1333 0.7333 0.2000 0.8000
O 0.2000 0.7333 0.2667 0.8000
N 0.2667 0.7333 0.3333 0.8000
~ 0.3333 0.7333 0.4000 0.8000
~ 0.4000 0.7333 0.4667 0.8000
Q 0.4667 0.7333 0.5333 0.8000
I 0.5333 0.7333 0.6000 0.8000
~ 0.6000 0.7333 0.6667 0.8000
C 0.6667 0.7333 0.7333 0.8000
~ 0.7333 0.7333 0.8000 0.8000
~ 0.8000 0.7333 0.8667 0.8000
~ 0.8667 0.7333 0.9333 0.8000
~ 0.9333 0.7333 1.0000 0.8000
~ 0.0000 0.8000 0.0667 0.8667
~ 0.0667 0.8000 0.1333 0.8667
N 0.1333 0.8000 0.2000 0.8667
~ 0.2000 0.8000 0.2667 0.8667
U 0.2667 0.8000 0.3333 0.8667
N 0.3333 0.8000 0.4000 0.8667
~ 0.4000 0.8000 0.4667 0.8667
I 0.4667 0.8000 0.5333 0.8667
F 0.5333 0.8000 0.6000 0.8667
T 0.6000 0.8000 0.6667 0.8667
E 0.6667 0.8000 0.7333 0.8667
D 0.7333 0.8000 0.8000 0.8667
~ 0.8000 0.8000 0.8667 0.8667
~ 0.8667 0.8000 0.9333 0.8667
~ 0.9333 0.8000 1.0000 0.8667
~ 0.0000 0.8667 0.0667 0.9333
~ 0.0667 0.8667 0.1333 0.9333
E 0.1333 0.8667 0.2000 0.9333
~ 0.2000 0.8667 0.2667 0.9333
~ 0.2667 0.8667 0.3333 0.9333
~ 0.3333 0.8667 0.4000 0.9333
~ 0.4000 0.8667 0.4667 0.9333
~ 0.4667 0.8667 0.5333 0.9333
~ 0.5333 0.8667 0.6000 0.9333
~ 0.6000 0.8667 0.6667 0.9333
~ 0.6667 0.8667 0.7333 0.9333
~ 0.7333 0.8667 0.8000 0.9333
~ 0.8000 0.8667 0.8667 0.9333
~ 0.8667 0.8667 0.9333 0.9333
~ 0.9333 0.8667 1.0000 0.9333
N 0.0000 0.9333 0.0667 1.0000
O 0.0667 0.9333 0.1333 1.0000
S 0.1333 0.9333 0.2000 1.0000
Y 0.2000 0.9333 0.2667 1.0000
~ 0.2667 0.9333 0.3333 1.0000
~ 0.3333 0.9333 0.4000 1.0000
~ 0.4000 0.9333 0.4667 1.0000
~ 0.4667 0.9333 0.5333 1.0000
~ 0.5333 0.9333 0.6000 1.0000
~ 0.6000 0.9333 0.6667 1.0000
~ 0.6667 0.9333 0.7333 1.0000
~ 0.7333 0.9333 0.8000 1.0000
~ 0.8000 0.9333 0.8667 1.0000
~ 0.8667 0.9333 0.9333 1.0000
~ 0.9333 0.9333 1.0000 1.0000
