F 0.0000 0.0000 0.0667 0.0667
~ 0.0667 0.0000 0.1333 0.0667
~ 0.1333 0.0000 0.2000 0.0667
~ 0.2000 0.0000 0.2667 0.0667
~ 0.2667 0.0000 0.3333 0.0667
~ 0.3333 0.0000 0.4000 0.0667
~ 0.4000 0.0000 0.4667 0.0667
~ 0.4667 0.0000 0.5333 0.0667
~ 0.5333 0.0000 0.6000 0.0667
~ 0.6000 0.0000 0.6667 0.0667
~ 0.6667 0.0000 0.7333 0.0667
~ 0.7333 0.0000 0.8000 0.0667
~ 0.8000 0.0000 0.8667 0.0667
~ 0.8667 0.0000 0.9333 0.0667
~ 0.9333 0.0000 1.0000 0.0667
A 0.0000 0.0667 0.0667 0.1333
M 0.0667 0.0667 0.1333 0.1333
~ 0.1333 0.0667 0.2000 0.1333
~ 0.2000 0.0667 0.2667 0.1333
V 0.2667 0.0667 0.3333 0.1333
~ 0.3333 0.0667 0.4000 0.1333
~ 0.4000 0.0667 0.4667 0.1333
~ 0.4667 0.0667 0.5333 0.1333
~ 0.5333 0.0667 0.6000 0.1333
B 0.6000 0.0667 0.6667 0.1333
~ 0.6667 0.0667 0.7333 0.1333
~ 0.7333 0.0667 0.8000 0.1333
~ 0.8000 0.0667 0.8667 0.1333
~ 0.8667 0.0667 0.9333 0.1333
~ 0.9333 0.0667 1.0000 0.1333
Y 0.0000 0.1333 0.0667 0.2000
E 0.0667 0.1333 0.1333 0.2000
H 0.1333 0.1333 0.2000 0.2000
~ 0.2000 0.1333 0.2667 0.2000
E 0.2667 0.1333 0.3333 0.2000
L 0.3333 0.1333 0.4000 0.2000
A 0.4000 0.1333 0.4667 0.2000
T 0.4667 0.1333 0.5333 0.2000
I 0.5333 0.1333 0.6000 0.2000
O 0.6000 0.1333 0.6667 0.2000
N 0.6667 0.1333 0.7333 0.2000
S 0.7333 0.1333 0.8000 0.2000
~ 0.8000 0.1333 0.8667 0.2000
~ 0.8667 0.1333 0.9333 0.2000
~ 0.9333 0.1333 1.0000 0.2000
~ 0.0000 0.2000 0.0667 0.2667
N 0.0667 0.2000 0.1333 0.2667
O 0.1333 0.2000 0.2000 0.2667
D 0.2000 0.2000 0.2667 0.2667
I 0.2667 0.2000 0.3333 0.2667
~ 0.3333 0.2000 0.4000 0.2667
~ 0.4000 0.2000 0.4667 0.2667
~ 0.4667 0.2000 0.5333 0.2667
~ 0.5333 0.2000 0.6000 0.2667
N 0.6000 0.2000 0.6667 0.2667
~ 0.6667 0.2000 0.7333 0.2667
~ 0.7333 0.2000 0.8000 0.2667
~ 0.8000 0.2000 0.8667 0.2667
~ 0.8667 0.2000 0.9333 0.2667
~ 0.9333 0.2000 1.0000 0.2667
~ 0.0000 0.2667 0.0667 0.3333
S 0.0667 0.2667 0.1333 0.3333
P 0.1333 0.2667 0.2000 0.3333
A 0.2000 0.2667 0.2667 0.3333
N 0.2667 0.2667 0.3333 0.3333
~ 0.3333 0.2667 0.4000 0.3333
~ 0.4000 0.2667 0.4667 0.3333
~ 0.4667 0.2667 0.5333 0.3333
~ 0.5333 0.2667 0.6000 0.3333
N 0.6000 0.2667 0.6667 0.3333
~ 0.6667 0.2667 0.7333 0.3333
~ 0.7333 0.2667 0.8000 0.3333
~ 0.8000 0.2667 0.8667 0.3333
~ 0.8667 0.2667 0.9333 0.3333
~ 0.9333 0.2667 1.0000 0.3333
~ 0.0000 0.3333 0.0667 0.4000
T 0.0667 0.3333 0.1333 0.4000
~ 0.1333 0.3333 0.2000 0.4000
T 0.2000 0.3333 0.2667 0.4000
~ 0.2667 0.3333 0.3333 0.4000
~ 0.3333 0.3333 0.4000 0.4000
~ 0.4000 0.3333 0.4667 0.4000
~ 0.4667 0.3333 0.5333 0.4000
~ 0.5333 0.3333 0.6000 0.4000
Y 0.6000 0.3333 0.6667 0.4000
~ 0.6667 0.3333 0.7333 0.4000
~ 0.7333 0.3333 0.8000 0.4000
~ 0.8000 0.3333 0.8667 0.4000
P 0.8667 0.3333 0.9333 0.4000
~ 0.9333 0.3333 1.0000 0.4000
~ 0.0000 0.4000 0.0667 0.4667
R 0.0667 0.4000 0.1333 0.4667
~ 0.1333 0.4000 0.2000 0.4667
T 0.2000 0.4000 0.2667 0.4667
~ 0.2667 0.4000 0.3333 0.4667
T 0.3333 0.4000 0.4000 0.4667
~ 0.4000 0.4000 0.4667 0.4667
C 0.4667 0.4000 0.5333 0.4667
~ 0.5333 0.4000 0.6000 0.4667
~ 0.6000 0.4000 0.6667 0.4667
~ 0.6667 0.4000 0.7333 0.4667
~ 0.7333 0.4000 0.8000 0.4667
~ 0.8000 0.4000 0.8667 0.4667
I 0.8667 0.4000 0.9333 0.4667
~ 0.9333 0.4000 1.0000 0.4667
~ 0.0000 0.4667 0.0667 0.5333
U 0.0667 0.4667 0.1333 0.5333
R 0.1333 0.4667 0.2000 0.5333
O 0.2000 0.4667 0.2667 0.5333
D 0.2667 0.4667 0.3333 0.5333
E 0.3333 0.4667 0.4000 0.5333
L 0.4000 0.4667 0.4667 0.5333
E 0.4667 0.4667 0.5333 0.5333
~ 0.5333 0.4667 0.6000 0.5333
~ 0.6000 0.4667 0.6667 0.5333
Q 0.6667 0.4667 0.7333 0.5333
~ 0.7333 0.4667 0.8000 0.5333
H 0.8000 0.4667 0.8667 0.5333
A 0.8667 0.4667 0.9333 0.5333
L 0.9333 0.4667 1.0000 0.5333
~ 0.0000 0.5333 0.0667 0.6000
A 0.0667 0.5333 0.1333 0.6000
E 0.1333 0.5333 0.2000 0.6000
~ 0.2000 0.5333 0.2667 0.6000
R 0.2667 0.5333 0.3333 0.6000
E 0.3333 0.5333 0.4000 0.6000
~ 0.4000 0.5333 0.4667 0.6000
L 0.4667 0.5333 0.5333 0.6000
I 0.5333 0.5333 0.6000 0.6000
G 0.6000 0.5333 0.6667 0.6000
U 0.6667 0.5333 0.7333 0.6000
L 0.7333 0.5333 0.8000 0.6000
E 0.8000 0.5333 0.8667 0.6000
S 0.8667 0.5333 0.9333 0.6000
~ 0.9333 0.5333 1.0000 0.6000
~ 0.0000 0.6000 0.0667 0.6667
~ 0.0667 0.6000 0.1333 0.6667
G 0.1333 0.6000 0.2000 0.6667
~ 0.2000 0.6000 0.2667 0.6667
O 0.2667 0.6000 0.3333 0.6667
M 0.3333 0.6000 0.4000 0.6667
~ 0.4000 0.6000 0.4667 0.6667
~ 0.4667 0.6000 0.5333 0.6667
~ 0.5333 0.6000 0.6000 0.6667
~ 0.6000 0.6000 0.6667 0.6667
I 0.6667 0.6000 0.7333 0.6667
~ 0.7333 0.6000 0.8000 0.6667
~ 0.8000 0.6000 0.8667 0.6667
~ 0.8667 0.6000 0.9333 0.6667
~ 0.9333 0.6000 1.0000 0.6667
~ 0.0000 0.6667 0.0667 0.7333
~ 0.0667 0.6667 0.1333 0.7333
R 0.1333 0.6667 0.2000 0.7333
~ 0.2000 0.6667 0.2667 0.7333
U 0.2667 0.6667 0.3333 0.7333
~ 0.3333 0.6667 0.4000 0.7333
~ 0.4000 0.6667 0.4667 0.7333
~ 0.4667 0.6667 0.5333 0.7333
B 0.5333 0.6667 0.6000 0.7333
I 0.6000 0.6667 0.6667 0.7333
Z 0.6667 0.6667 0.7333 0.7333
E 0.7333 0.6667 0.8000 0.7333
S 0.8000 0.6667 0.8667 0.7333
~ 0.8667 0.6667 0.9333 0.7333
~ 0.9333 0.6667 1.0000 0.7333
D 0.0000 0.7333 0.0667 0.8000
R 0.0667 0.7333 0.1333 0.8000
O 0.1333 0.7333 0.2000 0.8000
U 0.2000 0.7333 0.2667 0.8000
K 0.2667 0.7333 0.3333 0.8000
~ 0.3333 0.7333 0.4000 0.8000
~ 0.4000 0.7333 0.4667 0.8000
~ 0.4667 0.7333 0.5333 0.8000
~ 0.5333 0.7333 0.6000 0.8000
~ 0.6000 0.7333 0.6667 0.8000
~ 0.6667 0.7333 0.7333 0.8000
F 0.7333 0.7333 0.8000 0.8000
A 0.8000 0.7333 0.8667 0.8000
C 0.8667 0.7333 0.9333 0.8000
E 0.9333 0.7333 1.0000 0.8000
O 0.0000 0.8000 0.0667 0.8667
~ 0.0667 0.8000 0.1333 0.8667
W 0.1333 0.8000 0.2000 0.8667
~ 0.2000 0.8000 0.2667 0.8667
~ 0.2667 0.8000 0.3333 0.8667
O 0.3333 0.8000 0.4000 0.8667
A 0.4000 0.8000 0.4667 0.8667
~ 0.4667 0.8000 0.5333 0.8667
I 0.5333 0.8000 0.6000 0.8667
E 0.6000 0.8000 0.6667 0.8667
R 0.6667 0.8000 0.7333 0.8667
~ 0.7333 0.8000 0.8000 0.8667
G 0.8000 0.8000 0.8667 0.8667
~ 0.8667 0.8000 0.9333 0.8667
~ 0.9333 0.8000 1.0000 0.8667
V 0.0000 0.8667 0.0667 0.9333
A 0.0667 0.8667 0.1333 0.9333
N 0.1333 0.8667 0.2000 0.9333
~ 0.2000 0.8667 0.2667 0.9333
~ 0.2667 0.8667 0.3333 0.9333
W 0.3333 0.8667 0.4000 0.9333
E 0.4000 0.8667 0.4667 0.9333
~ 0.4667 0.8667 0.5333 0.9333
~ 0.5333 0.8667 0.6000 0.9333
X 0.6000 0.8667 0.6667 0.9333
~ 0.6667 0.8667 0.7333 0.9333
T 0.7333 0.8667 0.8000 0.9333
A 0.8000 0.8667 0.8667 0.9333
D 0.8667 0.8667 0.9333 0.9333
~ 0.9333 0.8667 1.0000 0.9333
E 0.0000 0.9333 0.0667 1.0000
~ 0.0667 0.9333 0.1333 1.0000
~ 0.1333 0.9333 0.2000 1.0000
~ 0.2000 0.9333 0.2667 1.0000
~ 0.2667 0.9333 0.3333 1.0000
~ 0.3333 0.9333 0.4000 1.0000
~ 0.4000 0.9333 0.4667 1.0000
~ 0.4667 0.9333 0.5333 1.0000
~ 0.5333 0.9333 0.6000 1.0000
~ 0.6000 0.9333 0.6667 1.0000
~ 0.6667 0.9333 0.7333 1.0000
~ 0.7333 0.9333 0.8000 1.0000
~ 0.8000 0.9333 0.8667 1.0000
~ 0.8667 0.9333 0.9333 1.0000
~ 0.9333 0.9333 1.0000 1.0000
