~ 0.0000 0.0000 0.0667 0.0667
~ 0.0667 0.0000 0.1333 0.0667
~ 0.1333 0.0000 0.2000 0.0667
~ 0.2000 0.0000 0.2667 0.0667
~ 0.2667 0.0000 0.3333 0.0667
~ 0.3333 0.0000 0.4000 0.0667
~ 0.4000 0.0000 0.4667 0.0667
~ 0.4667 0.0000 0.5333 0.0667
~ 0.5333 0.0000 0.6000 0.0667
~ 0.6000 0.0000 0.6667 0.0667
~ 0.6667 0.0000 0.7333 0.0667
~ 0.7333 0.0000 0.8000 0.0667
H 0.8000 0.0000 0.8667 0.0667
U 0.8667 0.0000 0.9333 0.0667
P 0.9333 0.0000 1.0000 0.0667
~ 0.0000 0.0667 0.0667 0.1333
C 0.0667 0.0667 0.1333 0.1333
~ 0.1333 0.0667 0.2000 0.1333
~ 0.2000 0.0667 0.2667 0.1333
I 0.2667 0.0667 0.3333 0.1333
U 0.3333 0.0667 0.4000 0.1333
N 0.4000 0.0667 0.4667 0.1333
~ 0.4667 0.0667 0.5333 0.1333
~ 0.5333 0.0667 0.6000 0.1333
T 0.6000 0.0667 0.6667 0.1333
~ 0.6667 0.0667 0.7333 0.1333
M 0.7333 0.0667 0.8000 0.1333
A 0.8000 0.0667 0.8667 0.1333
T 0.8667 0.0667 0.9333 0.1333
E 0.9333 0.0667 1.0000 0.1333
~ 0.0000 0.1333 0.0667 0.2000
O 0.0667 0.1333 0.1333 0.2000
~ 0.1333 0.1333 0.2000 0.2000
R 0.2000 0.1333 0.2667 0.2000
~ 0.2667 0.1333 0.3333 0.2000
~ 0.3333 0.1333 0.4000 0.2000
~ 0.4000 0.1333 0.4667 0.2000
~ 0.4667 0.1333 0.5333 0.2000
V 0.5333 0.1333 0.6000 0.2000
I 0.6000 0.1333 0.6667 0.2000
D 0.6667 0.1333 0.7333 0.2000
E 0.7333 0.1333 0.8000 0.2000
O 0.8000 0.1333 0.8667 0.2000
~ 0.8667 0.1333 0.9333 0.2000
G 0.9333 0.1333 1.0000 0.2000
A 0.0000 0.2000 0.0667 0.2667
Y 0.0667 0.2000 0.1333 0.2667
~ 0.1333 0.2000 0.2000 0.2667
A 0.2000 0.2000 0.2667 0.2667
~ 0.2667 0.2000 0.3333 0.2667
~ 0.3333 0.2000 0.4000 0.2667
~ 0.4000 0.2000 0.4667 0.2667
~ 0.4667 0.2000 0.5333 0.2667
~ 0.5333 0.2000 0.6000 0.2667
N 0.6000 0.2000 0.6667 0.2667
O 0.6667 0.2000 0.7333 0.2667
R 0.7333 0.2000 0.8000 0.2667
~ 0.8000 0.2000 0.8667 0.2667
~ 0.8667 0.2000 0.9333 0.2667
L 0.9333 0.2000 1.0000 0.2667
Z 0.0000 0.2667 0.0667 0.3333
~ 0.0667 0.2667 0.1333 0.3333
W 0.1333 0.2667 0.2000 0.3333
I 0.2000 0.2667 0.2667 0.3333
S 0.2667 0.2667 0.3333 0.3333
E 0.3333 0.2667 0.4000 0.3333
R 0.4000 0.2667 0.4667 0.3333
~ 0.4667 0.2667 0.5333 0.3333
~ 0.5333 0.2667 0.6000 0.3333
D 0.6000 0.2667 0.6667 0.3333
A 0.6667 0.2667 0.7333 0.3333
K 0.7333 0.2667 0.8000 0.3333
~ 0.8000 0.2667 0.8667 0.3333
~ 0.8667 0.2667 0.9333 0.3333
E 0.9333 0.2667 1.0000 0.3333
O 0.0000 0.3333 0.0667 0.4000
P 0.0667 0.3333 0.1333 0.4000
~ 0.1333 0.3333 0.2000 0.4000
N 0.2000 0.3333 0.2667 0.4000
~ 0.2667 0.3333 0.3333 0.4000
~ 0.3333 0.3333 0.4000 0.4000
~ 0.4000 0.3333 0.4667 0.4000
~ 0.4667 0.3333 0.5333 0.4000
~ 0.5333 0.3333 0.6000 0.4000
E 0.6000 0.3333 0.6667 0.4000
T 0.6667 0.3333 0.7333 0.4000
~ 0.7333 0.3333 0.8000 0.4000
~ 0.8000 0.3333 0.8667 0.4000
A 0.8667 0.3333 0.9333 0.4000
G 0.9333 0.3333 1.0000 0.4000
~ 0.0000 0.4000 0.0667 0.4667
L 0.0667 0.4000 0.1333 0.4667
~ 0.1333 0.4000 0.2000 0.4667
E 0.2000 0.4000 0.2667 0.4667
~ 0.2667 0.4000 0.3333 0.4667
~ 0.3333 0.4000 0.4000 0.4667
~ 0.4000 0.4000 0.4667 0.4667
~ 0.4667 0.4000 0.5333 0.4667
~ 0.5333 0.4000 0.6000 0.4667
R 0.6000 0.4000 0.6667 0.4667
~ 0.6667 0.4000 0.7333 0.4667
~ 0.7333 0.4000 0.8000 0.4667
~ 0.8000 0.4000 0.8667 0.4667
L 0.8667 0.4000 0.9333 0.4667
~ 0.9333 0.4000 1.0000 0.4667
B 0.0000 0.4667 0.0667 0.5333
A 0.0667 0.4667 0.1333 0.5333
R 0.1333 0.4667 0.2000 0.5333
D 0.2000 0.4667 0.2667 0.5333
~ 0.2667 0.4667 0.3333 0.5333
~ 0.3333 0.4667 0.4000 0.5333
F 0.4000 0.4667 0.4667 0.5333
O 0.4667 0.4667 0.5333 0.5333
B 0.5333 0.4667 0.6000 0.5333
S 0.6000 0.4667 0.6667 0.5333
~ 0.6667 0.4667 0.7333 0.5333
~ 0.7333 0.4667 0.8000 0.5333
~ 0.8000 0.4667 0.8667 0.5333
E 0.8667 0.4667 0.9333 0.5333
~ 0.9333 0.4667 1.0000 0.5333
~ 0.0000 0.5333 0.0667 0.6000
N 0.0667 0.5333 0.1333 0.6000
U 0.1333 0.5333 0.2000 0.6000
~ 0.2000 0.5333 0.2667 0.6000
D 0.2667 0.5333 0.3333 0.6000
U 0.3333 0.5333 0.4000 0.6000
I 0.4000 0.5333 0.4667 0.6000
~ 0.4667 0.5333 0.5333 0.6000
~ 0.5333 0.5333 0.6000 0.6000
~ 0.6000 0.5333 0.6667 0.6000
~ 0.6667 0.5333 0.7333 0.6000
~ 0.7333 0.5333 0.8000 0.6000
I 0.8000 0.5333 0.8667 0.6000
C 0.8667 0.5333 0.9333 0.6000
E 0.9333 0.5333 1.0000 0.6000
~ 0.0000 0.6000 0.0667 0.6667
~ 0.0667 0.6000 0.1333 0.6667
T 0.1333 0.6000 0.2000 0.6667
A 0.2000 0.6000 0.2667 0.6667
J 0.2667 0.6000 0.3333 0.6667
~ 0.3333 0.6000 0.4000 0.6667
V 0.4000 0.6000 0.4667 0.6667
O 0.4667 0.6000 0.5333 0.6667
X 0.5333 0.6000 0.6000 0.6667
~ 0.6000 0.6000 0.6667 0.6667
~ 0.6667 0.6000 0.7333 0.6667
~ 0.7333 0.6000 0.8000 0.6667
~ 0.8000 0.6000 0.8667 0.6667
~ 0.8667 0.6000 0.9333 0.6667
~ 0.9333 0.6000 1.0000 0.6667
~ 0.0000 0.6667 0.0667 0.7333
~ 0.0667 0.6667 0.1333 0.7333
~ 0.1333 0.6667 0.2000 0.7333
W 0.2000 0.6667 0.2667 0.7333
I 0.2667 0.6667 0.3333 0.7333
T 0.3333 0.6667 0.4000 0.7333
E 0.4000 0.6667 0.4667 0.7333
~ 0.4667 0.6667 0.5333 0.7333
I 0.5333 0.6667 0.6000 0.7333
~ 0.6000 0.6667 0.6667 0.7333
~ 0.6667 0.6667 0.7333 0.7333
~ 0.7333 0.6667 0.8000 0.7333
~ 0.8000 0.6667 0.8667 0.7333
~ 0.8667 0.6667 0.9333 0.7333
~ 0.9333 0.6667 1.0000 0.7333
~ 0.0000 0.7333 0.0667 0.8000
~ 0.0667 0.7333 0.1333 0.8000
~ 0.1333 0.7333 0.2000 0.8000
E 0.2000 0.7333 0.2667 0.8000
N 0.2667 0.7333 0.3333 0.8000
O 0.3333 0.7333 0.4000 0.8000
R 0.4000 0.7333 0.4667 0.8000
M 0.4667 0.7333 0.5333 0.8000
~ 0.5333 0.7333 0.6000 0.8000
~ 0.6000 0.7333 0.6667 0.8000
~ 0.6667 0.7333 0.7333 0.8000
~ 0.7333 0.7333 0.8000 0.8000
~ 0.8000 0.7333 0.8667 0.8000
~ 0.8667 0.7333 0.9333 0.8000
~ 0.9333 0.7333 1.0000 0.8000
~ 0.0000 0.8000 0.0667 0.8667
~ 0.0667 0.8000 0.1333 0.8667
F 0.1333 0.8000 0.2000 0.8667
E 0.2000 0.8000 0.2667 0.8667
S 0.2667 0.8000 0.3333 0.8667
~ 0.3333 0.8000 0.4000 0.8667
~ 0.4000 0.8000 0.4667 0.8667
O 0.4667 0.8000 0.5333 0.8667
Y 0.5333 0.8000 0.6000 0.8667
~ 0.6000 0.8000 0.6667 0.8667
~ 0.6667 0.8000 0.7333 0.8667
~ 0.7333 0.8000 0.8000 0.8667
~ 0.8000 0.8000 0.8667 0.8667
~ 0.8667 0.8000 0.9333 0.8667
~ 0.9333 0.8000 1.0000 0.8667
Q 0.0000 0.8667 0.0667 0.9333
I 0.0667 0.8667 0.1333 0.9333
~ 0.1333 0.8667 0.2000 0.9333
~ 0.2000 0.8667 0.2667 0.9333
~ 0.2667 0.8667 0.3333 0.9333
~ 0.3333 0.8667 0.4000 0.9333
~ 0.4000 0.8667 0.4667 0.9333
A 0.4667 0.8667 0.5333 0.9333
A 0.5333 0.8667 0.6000 0.9333
H 0.6000 0.8667 0.6667 0.9333
~ 0.6667 0.8667 0.7333 0.9333
~ 0.7333 0.8667 0.8000 0.9333
~ 0.8000 0.8667 0.8667 0.9333
~ 0.8667 0.8667 0.9333 0.9333
~ 0.9333 0.8667 1.0000 0.9333
~ 0.0000 0.9333 0.0667 1.0000
S 0.0667 0.9333 0.1333 1.0000
L 0.1333 0.9333 0.2000 1.0000
E 0.2000 0.9333 0.2667 1.0000
E 0.2667 0.9333 0.3333 1.0000
T 0.3333 0.9333 0.4000 1.0000
I 0.4000 0.9333 0.4667 1.0000
N 0.4667 0.9333 0.5333 1.0000
G 0.5333 0.9333 0.6000 1.0000
~ 0.6000 0.9333 0.6667 1.0000
~ 0.6667 0.9333 0.7333 1.0000
~ 0.7333 0.9333 0.8000 1.0000
~ 0.8000 0.9333 0.8667 1.0000
~ 0.8667 0.9333 0.9333 1.0000
~ 0.9333 0.9333 1.0000 1.0000
