R 0.0000 0.0000 0.0667 0.0667
O 0.0667 0.0000 0.1333 0.0667
O 0.1333 0.0000 0.2000 0.0667
F 0.2000 0.0000 0.2667 0.0667
~ 0.2667 0.0000 0.3333 0.0667
~ 0.3333 0.0000 0.4000 0.0667
~ 0.4000 0.0000 0.4667 0.0667
P 0.4667 0.0000 0.5333 0.0667
~ 0.5333 0.0000 0.6000 0.0667
~ 0.6000 0.0000 0.6667 0.0667
~ 0.6667 0.0000 0.7333 0.0667
~ 0.7333 0.0000 0.8000 0.0667
R 0.8000 0.0000 0.8667 0.0667
U 0.8667 0.0000 0.9333 0.0667
I 0.9333 0.0000 1.0000 0.0667
~ 0.0000 0.0667 0.0667 0.1333
~ 0.0667 0.0667 0.1333 0.1333
~ 0.1333 0.0667 0.2000 0.1333
I 0.2000 0.0667 0.2667 0.1333
~ 0.2667 0.0667 0.3333 0.1333
~ 0.3333 0.0667 0.4000 0.1333
~ 0.4000 0.0667 0.4667 0.1333
E 0.4667 0.0667 0.5333 0.1333
~ 0.5333 0.0667 0.6000 0.1333
F 0.6000 0.0667 0.6667 0.1333
A 0.6667 0.0667 0.7333 0.1333
V 0.7333 0.0667 0.8000 0.1333
E 0.8000 0.0667 0.8667 0.1333
S 0.8667 0.0667 0.9333 0.1333
~ 0.9333 0.0667 1.0000 0.1333
~ 0.0000 0.1333 0.0667 0.2000
~ 0.0667 0.1333 0.1333 0.2000
~ 0.1333 0.1333 0.2000 0.2000
A 0.2000 0.1333 0.2667 0.2000
~ 0.2667 0.1333 0.3333 0.2000
~ 0.3333 0.1333 0.4000 0.2000
~ 0.4000 0.1333 0.4667 0.2000
A 0.4667 0.1333 0.5333 0.2000
V 0.5333 0.1333 0.6000 0.2000
O 0.6000 0.1333 0.6667 0.2000
W 0.6667 0.1333 0.7333 0.2000
E 0.7333 0.1333 0.8000 0.2000
D 0.8000 0.1333 0.8667 0.2000
~ 0.8667 0.1333 0.9333 0.2000
~ 0.9333 0.1333 1.0000 0.2000
~ 0.0000 0.2000 0.0667 0.2667
~ 0.0667 0.2000 0.1333 0.2667
~ 0.1333 0.2000 0.2000 0.2667
T 0.2000 0.2000 0.2667 0.2667
A 0.2667 0.2000 0.3333 0.2667
~ 0.3333 0.2000 0.4000 0.2667
~ 0.4000 0.2000 0.4667 0.2667
G 0.4667 0.2000 0.5333 0.2667
~ 0.5333 0.2000 0.6000 0.2667
R 0.6000 0.2000 0.6667 0.2667
E 0.6667 0.2000 0.7333 0.2667
X 0.7333 0.2000 0.8000 0.2667
~ 0.8000 0.2000 0.8667 0.2667
~ 0.8667 0.2000 0.9333 0.2667
~ 0.9333 0.2000 1.0000 0.2667
~ 0.0000 0.2667 0.0667 0.3333
~ 0.0667 0.2667 0.1333 0.3333
~ 0.1333 0.2667 0.2000 0.3333
~ 0.2000 0.2667 0.2667 0.3333
J 0.2667 0.2667 0.3333 0.3333
~ 0.3333 0.2667 0.4000 0.3333
~ 0.4000 0.2667 0.4667 0.3333
~ 0.4667 0.2667 0.5333 0.3333
~ 0.5333 0.2667 0.6000 0.3333
T 0.6000 0.2667 0.6667 0.3333
~ 0.6667 0.2667 0.7333 0.3333
~ 0.7333 0.2667 0.8000 0.3333
~ 0.8000 0.2667 0.8667 0.3333
~ 0.8667 0.2667 0.9333 0.3333
~ 0.9333 0.2667 1.0000 0.3333
A 0.0000 0.3333 0.0667 0.4000
N 0.0667 0.3333 0.1333 0.4000
~ 0.1333 0.3333 0.2000 0.4000
~ 0.2000 0.3333 0.2667 0.4000
U 0.2667 0.3333 0.3333 0.4000
~ 0.3333 0.3333 0.4000 0.4000
~ 0.4000 0.3333 0.4667 0.4000
~ 0.4667 0.3333 0.5333 0.4000
~ 0.5333 0.3333 0.6000 0.4000
I 0.6000 0.3333 0.6667 0.4000
~ 0.6667 0.3333 0.7333 0.4000
~ 0.7333 0.3333 0.8000 0.4000
~ 0.8000 0.3333 0.8667 0.4000
~ 0.8667 0.3333 0.9333 0.4000
~ 0.9333 0.3333 1.0000 0.4000
L 0.0000 0.4000 0.0667 0.4667
I 0.0667 0.4000 0.1333 0.4667
~ 0.1333 0.4000 0.2000 0.4667
~ 0.2000 0.4000 0.2667 0.4667
G 0.2667 0.4000 0.3333 0.4667
~ 0.3333 0.4000 0.4000 0.4667
~ 0.4000 0.4000 0.4667 0.4667
~ 0.4667 0.4000 0.5333 0.4667
B 0.5333 0.4000 0.6000 0.4667
E 0.6000 0.4000 0.6667 0.4667
~ 0.6667 0.4000 0.7333 0.4667
~ 0.7333 0.4000 0.8000 0.4667
~ 0.8000 0.4000 0.8667 0.4667
~ 0.8667 0.4000 0.9333 0.4667
C 0.9333 0.4000 1.0000 0.4667
E 0.0000 0.4667 0.0667 0.5333
N 0.0667 0.4667 0.1333 0.5333
~ 0.1333 0.4667 0.2000 0.5333
C 0.2000 0.4667 0.2667 0.5333
A 0.2667 0.4667 0.3333 0.5333
B 0.3333 0.4667 0.4000 0.5333
L 0.4000 0.4667 0.4667 0.5333
E 0.4667 0.4667 0.5333 0.5333
R 0.5333 0.4667 0.6000 0.5333
~ 0.6000 0.4667 0.6667 0.5333
~ 0.6667 0.4667 0.7333 0.5333
~ 0.7333 0.4667 0.8000 0.5333
~ 0.8000 0.4667 0.8667 0.5333
~ 0.8667 0.4667 0.9333 0.5333
A 0.9333 0.4667 1.0000 0.5333
~ 0.0000 0.5333 0.0667 0.6000
T 0.0667 0.5333 0.1333 0.6000
H 0.1333 0.5333 0.2000 0.6000
O 0.2000 0.5333 0.2667 0.6000
~ 0.2667 0.5333 0.3333 0.6000
I 0.3333 0.5333 0.4000 0.6000
~ 0.4000 0.5333 0.4667 0.6000
~ 0.4667 0.5333 0.5333 0.6000
I 0.5333 0.5333 0.6000 0.6000
~ 0.6000 0.5333 0.6667 0.6000
~ 0.6667 0.5333 0.7333 0.6000
~ 0.7333 0.5333 0.8000 0.6000
M 0.8000 0.5333 0.8667 0.6000
~ 0.8667 0.5333 0.9333 0.6000
I 0.9333 0.5333 1.0000 0.6000
S 0.0000 0.6000 0.0667 0.6667
H 0.0667 0.6000 0.1333 0.6667
O 0.1333 0.6000 0.2000 0.6667
W 0.2000 0.6000 0.2667 0.6667
~ 0.2667 0.6000 0.3333 0.6667
Z 0.3333 0.6000 0.4000 0.6667
~ 0.4000 0.6000 0.4667 0.6667
~ 0.4667 0.6000 0.5333 0.6667
G 0.5333 0.6000 0.6000 0.6667
~ 0.6000 0.6000 0.6667 0.6667
~ 0.6667 0.6000 0.7333 0.6667
~ 0.7333 0.6000 0.8000 0.6667
O 0.8000 0.6000 0.8667 0.6667
~ 0.8667 0.6000 0.9333 0.6667
R 0.9333 0.6000 1.0000 0.6667
U 0.0000 0.6667 0.0667 0.7333
~ 0.0667 0.6667 0.1333 0.7333
O 0.1333 0.6667 0.2000 0.7333
P 0.2000 0.6667 0.2667 0.7333
E 0.2667 0.6667 0.3333 0.7333
~ 0.3333 0.6667 0.4000 0.7333
~ 0.4000 0.6667 0.4667 0.7333
M 0.4667 0.6667 0.5333 0.7333
~ 0.5333 0.6667 0.6000 0.7333
~ 0.6000 0.6667 0.6667 0.7333
~ 0.6667 0.6667 0.7333 0.7333
~ 0.7333 0.6667 0.8000 0.7333
U 0.8000 0.6667 0.8667 0.7333
~ 0.8667 0.6667 0.9333 0.7333
N 0.9333 0.6667 1.0000 0.7333
Q 0.0000 0.7333 0.0667 0.8000
~ 0.0667 0.7333 0.1333 0.8000
K 0.1333 0.7333 0.2000 0.8000
A 0.2000 0.7333 0.2667 0.8000
Y 0.2667 0.7333 0.3333 0.8000
~ 0.3333 0.7333 0.4000 0.8000
~ 0.4000 0.7333 0.4667 0.8000
A 0.4667 0.7333 0.5333 0.8000
D 0.5333 0.7333 0.6000 0.8000
E 0.6000 0.7333 0.6667 0.8000
N 0.6667 0.7333 0.7333 0.8000
I 0.7333 0.7333 0.8000 0.8000
N 0.8000 0.7333 0.8667 0.8000
~ 0.8667 0.7333 0.9333 0.8000
S 0.9333 0.7333 1.0000 0.8000
~ 0.0000 0.8000 0.0667 0.8667
~ 0.0667 0.8000 0.1333 0.8667
S 0.1333 0.8000 0.2000 0.8667
T 0.2000 0.8000 0.2667 0.8667
E 0.2667 0.8000 0.3333 0.8667
E 0.3333 0.8000 0.4000 0.8667
L 0.4000 0.8000 0.4667 0.8667
Y 0.4667 0.8000 0.5333 0.8667
~ 0.5333 0.8000 0.6000 0.8667
~ 0.6000 0.8000 0.6667 0.8667
~ 0.6667 0.8000 0.7333 0.8667
~ 0.7333 0.8000 0.8000 0.8667
T 0.8000 0.8000 0.8667 0.8667
~ 0.8667 0.8000 0.9333 0.8667
~ 0.9333 0.8000 1.0000 0.8667
~ 0.0000 0.8667 0.0667 0.9333
~ 0.0667 0.8667 0.1333 0.9333
~ 0.1333 0.8667 0.2000 0.9333
~ 0.2000 0.8667 0.2667 0.9333
~ 0.2667 0.8667 0.3333 0.9333
D 0.3333 0.8667 0.4000 0.9333
I 0.4000 0.8667 0.4667 0.9333
O 0.4667 0.8667 0.5333 0.9333
L 0.5333 0.8667 0.6000 0.9333
~ 0.6000 0.8667 0.6667 0.9333
~ 0.6667 0.8667 0.7333 0.9333
~ 0.7333 0.8667 0.8000 0.9333
E 0.8000 0.8667 0.8667 0.9333
~ 0.8667 0.8667 0.9333 0.9333
~ 0.9333 0.8667 1.0000 0.9333
~ 0.0000 0.9333 0.0667 1.0000
~ 0.0667 0.9333 0.1333 1.0000
~ 0.1333 0.9333 0.2000 1.0000
~ 0.2000 0.9333 0.2667 1.0000
~ 0.2667 0.9333 0.3333 1.0000
~ 0.3333 0.9333 0.4000 1.0000
~ 0.4000 0.9333 0.4667 1.0000
R 0.4667 0.9333 0.5333 1.0000
~ 0.5333 0.9333 0.6000 1.0000
~ 0.6000 0.9333 0.6667 1.0000
~ 0.6667 0.9333 0.7333 1.0000
~ 0.7333 0.9333 0.8000 1.0000
D 0.8000 0.9333 0.8667 1.0000
~ 0.8667 0.9333 0.9333 1.0000
~ 0.9333 0.9333 1.0000 1.0000
