M 0.0000 0.0000 0.0667 0.0667
O 0.0667 0.0000 0.1333 0.0667
~ 0.1333 0.0000 0.2000 0.0667
H 0.2000 0.0000 0.2667 0.0667
~ 0.2667 0.0000 0.3333 0.0667
~ 0.3333 0.0000 0.4000 0.0667
~ 0.4000 0.0000 0.4667 0.0667
I 0.4667 0.0000 0.5333 0.0667
~ 0.5333 0.0000 0.6000 0.0667
~ 0.6000 0.0000 0.6667 0.0667
~ 0.6667 0.0000 0.7333 0.0667
O 0.7333 0.0000 0.8000 0.0667
~ 0.8000 0.0000 0.8667 0.0667
U 0.8667 0.0000 0.9333 0.0667
P 0.9333 0.0000 1.0000 0.0667
~ 0.0000 0.0667 0.0667 0.1333
~ 0.0667 0.0667 0.1333 0.1333
R 0.1333 0.0667 0.2000 0.1333
E 0.2000 0.0667 0.2667 0.1333
Q 0.2667 0.0667 0.3333 0.1333
U 0.3333 0.0667 0.4000 0.1333
E 0.4000 0.0667 0.4667 0.1333
N 0.4667 0.0667 0.5333 0.1333
T 0.5333 0.0667 0.6000 0.1333
S 0.6000 0.0667 0.6667 0.1333
~ 0.6667 0.0667 0.7333 0.1333
E 0.7333 0.0667 0.8000 0.1333
T 0.8000 0.0667 0.8667 0.1333
H 0.8667 0.0667 0.9333 0.1333
~ 0.9333 0.0667 1.0000 0.1333
~ 0.0000 0.1333 0.0667 0.2000
~ 0.0667 0.1333 0.1333 0.2000
E 0.1333 0.1333 0.2000 0.2000
~ 0.2000 0.1333 0.2667 0.2000
~ 0.2667 0.1333 0.3333 0.2000
~ 0.3333 0.1333 0.4000 0.2000
~ 0.4000 0.1333 0.4667 0.2000
N 0.4667 0.1333 0.5333 0.2000
A 0.5333 0.1333 0.6000 0.2000
I 0.6000 0.1333 0.6667 0.2000
L 0.6667 0.1333 0.7333 0.2000
~ 0.7333 0.1333 0.8000 0.2000
I 0.8000 0.1333 0.8667 0.2000
~ 0.8667 0.1333 0.9333 0.2000
I 0.9333 0.1333 1.0000 0.2000
P 0.0000 0.2000 0.0667 0.2667
~ 0.0667 0.2000 0.1333 0.2667
V 0.1333 0.2000 0.2000 0.2667
E 0.2000 0.2000 0.2667 0.2667
T 0.2667 0.2000 0.3333 0.2667
O 0.3333 0.2000 0.4000 0.2667
~ 0.4000 0.2000 0.4667 0.2667
~ 0.4667 0.2000 0.5333 0.2667
~ 0.5333 0.2000 0.6000 0.2667
~ 0.6000 0.2000 0.6667 0.2667
~ 0.6667 0.2000 0.7333 0.2667
~ 0.7333 0.2000 0.8000 0.2667
N 0.8000 0.2000 0.8667 0.2667
U 0.8667 0.2000 0.9333 0.2667
~ 0.9333 0.2000 1.0000 0.2667
U 0.0000 0.2667 0.0667 0.3333
~ 0.0667 0.2667 0.1333 0.3333
~ 0.1333 0.2667 0.2000 0.3333
T 0.2000 0.2667 0.2667 0.3333
A 0.2667 0.2667 0.3333 0.3333
X 0.3333 0.2667 0.4000 0.3333
~ 0.4000 0.2667 0.4667 0.3333
~ 0.4667 0.2667 0.5333 0.3333
~ 0.5333 0.2667 0.6000 0.3333
~ 0.6000 0.2667 0.6667 0.3333
A 0.6667 0.2667 0.7333 0.3333
G 0.7333 0.2667 0.8000 0.3333
Y 0.8000 0.2667 0.8667 0.3333
~ 0.8667 0.2667 0.9333 0.3333
~ 0.9333 0.2667 1.0000 0.3333
N 0.0000 0.3333 0.0667 0.4000
~ 0.0667 0.3333 0.1333 0.4000
T 0.1333 0.3333 0.2000 0.4000
A 0.2000 0.3333 0.2667 0.4000
R 0.2667 0.3333 0.3333 0.4000
O 0.3333 0.3333 0.4000 0.4000
~ 0.4000 0.3333 0.4667 0.4000
~ 0.4667 0.3333 0.5333 0.4000
~ 0.5333 0.3333 0.6000 0.4000
~ 0.6000 0.3333 0.6667 0.4000
~ 0.6667 0.3333 0.7333 0.4000
~ 0.7333 0.3333 0.8000 0.4000
~ 0.8000 0.3333 0.8667 0.4000
~ 0.8667 0.3333 0.9333 0.4000
~ 0.9333 0.3333 1.0000 0.4000
T 0.0000 0.4000 0.0667 0.4667
~ 0.0667 0.4000 0.1333 0.4667
I 0.1333 0.4000 0.2000 0.4667
~ 0.2000 0.4000 0.2667 0.4667
~ 0.2667 0.4000 0.3333 0.4667
~ 0.3333 0.4000 0.4000 0.4667
~ 0.4000 0.4000 0.4667 0.4667
~ 0.4667 0.4000 0.5333 0.4667
~ 0.5333 0.4000 0.6000 0.4667
~ 0.6000 0.4000 0.6667 0.4667
~ 0.6667 0.4000 0.7333 0.4667
~ 0.7333 0.4000 0.8000 0.4667
~ 0.8000 0.4000 0.8667 0.4667
~ 0.8667 0.4000 0.9333 0.4667
~ 0.9333 0.4000 1.0000 0.4667
S 0.0000 0.4667 0.0667 0.5333
E 0.0667 0.4667 0.1333 0.5333
L 0.1333 0.4667 0.2000 0.5333
F 0.2000 0.4667 0.2667 0.5333
~ 0.2667 0.4667 0.3333 0.5333
Y 0.3333 0.4667 0.4000 0.5333
~ 0.4000 0.4667 0.4667 0.5333
~ 0.4667 0.4667 0.5333 0.5333
~ 0.5333 0.4667 0.6000 0.5333
~ 0.6000 0.4667 0.6667 0.5333
~ 0.6667 0.4667 0.7333 0.5333
~ 0.7333 0.4667 0.8000 0.5333
~ 0.8000 0.4667 0.8667 0.5333
~ 0.8667 0.4667 0.9333 0.5333
~ 0.9333 0.4667 1.0000 0.5333
~ 0.0000 0.5333 0.0667 0.6000
~ 0.0667 0.5333 0.1333 0.6000
L 0.1333 0.5333 0.2000 0.6000
~ 0.2000 0.5333 0.2667 0.6000
C 0.2667 0.5333 0.3333 0.6000
O 0.3333 0.5333 0.4000 0.6000
W 0.4000 0.5333 0.4667 0.6000
E 0.4667 0.5333 0.5333 0.6000
~ 0.5333 0.5333 0.6000 0.6000
~ 0.6000 0.5333 0.6667 0.6000
~ 0.6667 0.5333 0.7333 0.6000
~ 0.7333 0.5333 0.8000 0.6000
~ 0.8000 0.5333 0.8667 0.6000
~ 0.8667 0.5333 0.9333 0.6000
~ 0.9333 0.5333 1.0000 0.6000
~ 0.0000 0.6000 0.0667 0.6667
~ 0.0667 0.6000 0.1333 0.6667
~ 0.1333 0.6000 0.2000 0.6667
~ 0.2000 0.6000 0.2667 0.6667
~ 0.2667 0.6000 0.3333 0.6667
G 0.3333 0.6000 0.4000 0.6667
~ 0.4000 0.6000 0.4667 0.6667
R 0.4667 0.6000 0.5333 0.6667
~ 0.5333 0.6000 0.6000 0.6667
~ 0.6000 0.6000 0.6667 0.6667
~ 0.6667 0.6000 0.7333 0.6667
~ 0.7333 0.6000 0.8000 0.6667
~ 0.8000 0.6000 0.8667 0.6667
~ 0.8667 0.6000 0.9333 0.6667
~ 0.9333 0.6000 1.0000 0.6667
~ 0.0000 0.6667 0.0667 0.7333
~ 0.0667 0.6667 0.1333 0.7333
~ 0.1333 0.6667 0.2000 0.7333
~ 0.2000 0.6667 0.2667 0.7333
Z 0.2667 0.6667 0.3333 0.7333
A 0.3333 0.6667 0.4000 0.7333
~ 0.4000 0.6667 0.4667 0.7333
~ 0.4667 0.6667 0.5333 0.7333
~ 0.5333 0.6667 0.6000 0.7333
~ 0.6000 0.6667 0.6667 0.7333
~ 0.6667 0.6667 0.7333 0.7333
~ 0.7333 0.6667 0.8000 0.7333
~ 0.8000 0.6667 0.8667 0.7333
~ 0.8667 0.6667 0.9333 0.7333
~ 0.9333 0.6667 1.0000 0.7333
~ 0.0000 0.7333 0.0667 0.8000
~ 0.0667 0.7333 0.1333 0.8000
A 0.1333 0.7333 0.2000 0.8000
M 0.2000 0.7333 0.2667 0.8000
A 0.2667 0.7333 0.3333 0.8000
~ 0.3333 0.7333 0.4000 0.8000
O 0.4000 0.7333 0.4667 0.8000
N 0.4667 0.7333 0.5333 0.8000
~ 0.5333 0.7333 0.6000 0.8000
~ 0.6000 0.7333 0.6667 0.8000
~ 0.6667 0.7333 0.7333 0.8000
~ 0.7333 0.7333 0.8000 0.8000
~ 0.8000 0.7333 0.8667 0.8000
~ 0.8667 0.7333 0.9333 0.8000
~ 0.9333 0.7333 1.0000 0.8000
~ 0.0000 0.8000 0.0667 0.8667
~ 0.0667 0.8000 0.1333 0.8667
B 0.1333 0.8000 0.2000 0.8667
E 0.2000 0.8000 0.2667 0.8667
G 0.2667 0.8000 0.3333 0.8667
I 0.3333 0.8000 0.4000 0.8667
N 0.4000 0.8000 0.4667 0.8667
~ 0.4667 0.8000 0.5333 0.8667
F 0.5333 0.8000 0.6000 0.8667
~ 0.6000 0.8000 0.6667 0.8667
~ 0.6667 0.8000 0.7333 0.8667
~ 0.7333 0.8000 0.8000 0.8667
~ 0.8000 0.8000 0.8667 0.8667
~ 0.8667 0.8000 0.9333 0.8667
~ 0.9333 0.8000 1.0000 0.8667
~ 0.0000 0.8667 0.0667 0.9333
R 0.0667 0.8667 0.1333 0.9333
O 0.1333 0.8667 0.2000 0.9333
E 0.2000 0.8667 0.2667 0.9333
~ 0.2667 0.8667 0.3333 0.9333
D 0.3333 0.8667 0.4000 0.9333
E 0.4000 0.8667 0.4667 0.9333
V 0.4667 0.8667 0.5333 0.9333
A 0.5333 0.8667 0.6000 0.9333
~ 0.6000 0.8667 0.6667 0.9333
~ 0.6667 0.8667 0.7333 0.9333
~ 0.7333 0.8667 0.8000 0.9333
~ 0.8000 0.8667 0.8667 0.9333
~ 0.8667 0.8667 0.9333 0.9333
~ 0.9333 0.8667 1.0000 0.9333
~ 0.0000 0.9333 0.0667 1.0000
~ 0.0667 0.9333 0.1333 1.0000
~ 0.1333 0.9333 0.2000 1.0000
K 0.2000 0.9333 0.2667 1.0000
I 0.2667 0.9333 0.3333 1.0000
S 0.3333 0.9333 0.4000 1.0000
~ 0.4000 0.9333 0.4667 1.0000
~ 0.4667 0.9333 0.5333 1.0000
D 0.5333 0.9333 0.6000 1.0000
~ 0.6000 0.9333 0.6667 1.0000
~ 0.6667 0.9333 0.7333 1.0000
~ 0.7333 0.9333 0.8000 1.0000
~ 0.8000 0.9333 0.8667 1.0000
~ 0.8667 0.9333 0.9333 1.0000
~ 0.9333 0.9333 1.0000 1.0000
