~ 0.0000 0.0000 0.0667 0.0667
~ 0.0667 0.0000 0.1333 0.0667
~ 0.1333 0.0000 0.2000 0.0667
F 0.2000 0.0000 0.2667 0.0667
E 0.2667 0.0000 0.3333 0.0667
U 0.3333 0.0000 0.4000 0.0667
E 0.4000 0.0000 0.4667 0.0667
D 0.4667 0.0000 0.5333 0.0667
~ 0.5333 0.0000 0.6000 0.0667
~ 0.6000 0.0000 0.6667 0.0667
~ 0.6667 0.0000 0.7333 0.0667
~ 0.7333 0.0000 0.8000 0.0667
~ 0.8000 0.0000 0.8667 0.0667
~ 0.8667 0.0000 0.9333 0.0667
~ 0.9333 0.0000 1.0000 0.0667
~ 0.0000 0.0667 0.0667 0.1333
~ 0.0667 0.0667 0.1333 0.1333
Y 0.1333 0.0667 0.2000 0.1333
E 0.2000 0.0667 0.2667 0.1333
~ 0.2667 0.0667 0.3333 0.1333
~ 0.3333 0.0667 0.4000 0.1333
~ 0.4000 0.0667 0.4667 0.1333
~ 0.4667 0.0667 0.5333 0.1333
~ 0.5333 0.0667 0.6000 0.1333
T 0.6000 0.0667 0.6667 0.1333
~ 0.6667 0.0667 0.7333 0.1333
~ 0.7333 0.0667 0.8000 0.1333
~ 0.8000 0.0667 0.8667 0.1333
~ 0.8667 0.0667 0.9333 0.1333
~ 0.9333 0.0667 1.0000 0.1333
~ 0.0000 0.1333 0.0667 0.2000
R 0.0667 0.1333 0.1333 0.2000
O 0.1333 0.1333 0.2000 0.2000
A 0.2000 0.1333 0.2667 0.2000
R 0.2667 0.1333 0.3333 0.2000
I 0.3333 0.1333 0.4000 0.2000
N 0.4000 0.1333 0.4667 0.2000
G 0.4667 0.1333 0.5333 0.2000
~ 0.5333 0.1333 0.6000 0.2000
R 0.6000 0.1333 0.6667 0.2000
~ 0.6667 0.1333 0.7333 0.2000
~ 0.7333 0.1333 0.8000 0.2000
~ 0.8000 0.1333 0.8667 0.2000
~ 0.8667 0.1333 0.9333 0.2000
~ 0.9333 0.1333 1.0000 0.2000
~ 0.0000 0.2000 0.0667 0.2667
~ 0.0667 0.2000 0.1333 0.2667
~ 0.1333 0.2000 0.2000 0.2667
R 0.2000 0.2000 0.2667 0.2667
~ 0.2667 0.2000 0.3333 0.2667
~ 0.3333 0.2000 0.4000 0.2667
~ 0.4000 0.2000 0.4667 0.2667
~ 0.4667 0.2000 0.5333 0.2667
~ 0.5333 0.2000 0.6000 0.2667
I 0.6000 0.2000 0.6667 0.2667
~ 0.6667 0.2000 0.7333 0.2667
~ 0.7333 0.2000 0.8000 0.2667
~ 0.8000 0.2000 0.8667 0.2667
~ 0.8667 0.2000 0.9333 0.2667
~ 0.9333 0.2000 1.0000 0.2667
~ 0.0000 0.2667 0.0667 0.3333
~ 0.0667 0.2667 0.1333 0.3333
~ 0.1333 0.2667 0.2000 0.3333
E 0.2000 0.2667 0.2667 0.3333
D 0.2667 0.2667 0.3333 0.3333
~ 0.3333 0.2667 0.4000 0.3333
Q 0.4000 0.2667 0.4667 0.3333
I 0.4667 0.2667 0.5333 0.3333
~ 0.5333 0.2667 0.6000 0.3333
P 0.6000 0.2667 0.6667 0.3333
~ 0.6667 0.2667 0.7333 0.3333
~ 0.7333 0.2667 0.8000 0.3333
~ 0.8000 0.2667 0.8667 0.3333
~ 0.8667 0.2667 0.9333 0.3333
~ 0.9333 0.2667 1.0000 0.3333
J 0.0000 0.3333 0.0667 0.4000
~ 0.0667 0.3333 0.1333 0.4000
~ 0.1333 0.3333 0.2000 0.4000
D 0.2000 0.3333 0.2667 0.4000
E 0.2667 0.3333 0.3333 0.4000
Z 0.3333 0.3333 0.4000 0.4000
I 0.4000 0.3333 0.4667 0.4000
N 0.4667 0.3333 0.5333 0.4000
C 0.5333 0.3333 0.6000 0.4000
S 0.6000 0.3333 0.6667 0.4000
~ 0.6667 0.3333 0.7333 0.4000
~ 0.7333 0.3333 0.8000 0.4000
~ 0.8000 0.3333 0.8667 0.4000
~ 0.8667 0.3333 0.9333 0.4000
~ 0.9333 0.3333 1.0000 0.4000
A 0.0000 0.4000 0.0667 0.4667
~ 0.0667 0.4000 0.1333 0.4667
~ 0.1333 0.4000 0.2000 0.4667
~ 0.2000 0.4000 0.2667 0.4667
T 0.2667 0.4000 0.3333 0.4667
~ 0.3333 0.4000 0.4000 0.4667
~ 0.4000 0.4000 0.4667 0.4667
~ 0.4667 0.4000 0.5333 0.4667
~ 0.5333 0.4000 0.6000 0.4667
~ 0.6000 0.4000 0.6667 0.4667
~ 0.6667 0.4000 0.7333 0.4667
~ 0.7333 0.4000 0.8000 0.4667
~ 0.8000 0.4000 0.8667 0.4667
~ 0.8667 0.4000 0.9333 0.4667
~ 0.9333 0.4000 1.0000 0.4667
C 0.0000 0.4667 0.0667 0.5333
~ 0.0667 0.4667 0.1333 0.5333
~ 0.1333 0.4667 0.2000 0.5333
P 0.2000 0.4667 0.2667 0.5333
R 0.2667 0.4667 0.3333 0.5333
E 0.3333 0.4667 0.4000 0.5333
S 0.4000 0.4667 0.4667 0.5333
U 0.4667 0.4667 0.5333 0.5333
M 0.5333 0.4667 0.6000 0.5333
E 0.6000 0.4667 0.6667 0.5333
~ 0.6667 0.4667 0.7333 0.5333
~ 0.7333 0.4667 0.8000 0.5333
~ 0.8000 0.4667 0.8667 0.5333
~ 0.8667 0.4667 0.9333 0.5333
W 0.9333 0.4667 1.0000 0.5333
U 0.0000 0.5333 0.0667 0.6000
~ 0.0667 0.5333 0.1333 0.6000
~ 0.1333 0.5333 0.2000 0.6000
~ 0.2000 0.5333 0.2667 0.6000
I 0.2667 0.5333 0.3333 0.6000
~ 0.3333 0.5333 0.4000 0.6000
~ 0.4000 0.5333 0.4667 0.6000
~ 0.4667 0.5333 0.5333 0.6000
~ 0.5333 0.5333 0.6000 0.6000
~ 0.6000 0.5333 0.6667 0.6000
H 0.6667 0.5333 0.7333 0.6000
~ 0.7333 0.5333 0.8000 0.6000
~ 0.8000 0.5333 0.8667 0.6000
G 0.8667 0.5333 0.9333 0.6000
O 0.9333 0.5333 1.0000 0.6000
L 0.0000 0.6000 0.0667 0.6667
I 0.0667 0.6000 0.1333 0.6667
B 0.1333 0.6000 0.2000 0.6667
A 0.2000 0.6000 0.2667 0.6667
T 0.2667 0.6000 0.3333 0.6667
I 0.3333 0.6000 0.4000 0.6667
O 0.4000 0.6000 0.4667 0.6667
N 0.4667 0.6000 0.5333 0.6667
~ 0.5333 0.6000 0.6000 0.6667
Y 0.6000 0.6000 0.6667 0.6667
E 0.6667 0.6000 0.7333 0.6667
~ 0.7333 0.6000 0.8000 0.6667
V 0.8000 0.6000 0.8667 0.6667
A 0.8667 0.6000 0.9333 0.6667
W 0.9333 0.6000 1.0000 0.6667
A 0.0000 0.6667 0.0667 0.7333
~ 0.0667 0.6667 0.1333 0.7333
~ 0.1333 0.6667 0.2000 0.7333
~ 0.2000 0.6667 0.2667 0.7333
A 0.2667 0.6667 0.3333 0.7333
~ 0.3333 0.6667 0.4000 0.7333
~ 0.4000 0.6667 0.4667 0.7333
~ 0.4667 0.6667 0.5333 0.7333
~ 0.5333 0.6667 0.6000 0.7333
O 0.6000 0.6667 0.6667 0.7333
A 0.6667 0.6667 0.7333 0.7333
T 0.7333 0.6667 0.8000 0.7333
~ 0.8000 0.6667 0.8667 0.7333
O 0.8667 0.6667 0.9333 0.7333
~ 0.9333 0.6667 1.0000 0.7333
T 0.0000 0.7333 0.0667 0.8000
~ 0.0667 0.7333 0.1333 0.8000
V 0.1333 0.7333 0.2000 0.8000
A 0.2000 0.7333 0.2667 0.8000
L 0.2667 0.7333 0.3333 0.8000
U 0.3333 0.7333 0.4000 0.8000
I 0.4000 0.7333 0.4667 0.8000
N 0.4667 0.7333 0.5333 0.8000
G 0.5333 0.7333 0.6000 0.8000
~ 0.6000 0.7333 0.6667 0.8000
F 0.6667 0.7333 0.7333 0.8000
E 0.7333 0.7333 0.8000 0.8000
~ 0.8000 0.7333 0.8667 0.8000
L 0.8667 0.7333 0.9333 0.8000
~ 0.9333 0.7333 1.0000 0.8000
E 0.0000 0.8000 0.0667 0.8667
~ 0.0667 0.8000 0.1333 0.8667
~ 0.1333 0.8000 0.2000 0.8667
~ 0.2000 0.8000 0.2667 0.8667
~ 0.2667 0.8000 0.3333 0.8667
~ 0.3333 0.8000 0.4000 0.8667
~ 0.4000 0.8000 0.4667 0.8667
~ 0.4667 0.8000 0.5333 0.8667
~ 0.5333 0.8000 0.6000 0.8667
K 0.6000 0.8000 0.6667 0.8667
E 0.6667 0.8000 0.7333 0.8667
N 0.7333 0.8000 0.8000 0.8667
T 0.8000 0.8000 0.8667 0.8667
~ 0.8667 0.8000 0.9333 0.8667
~ 0.9333 0.8000 1.0000 0.8667
S 0.0000 0.8667 0.0667 0.9333
O 0.0667 0.8667 0.1333 0.9333
X 0.1333 0.8667 0.2000 0.9333
~ 0.2000 0.8667 0.2667 0.9333
~ 0.2667 0.8667 0.3333 0.9333
~ 0.3333 0.8667 0.4000 0.9333
~ 0.4000 0.8667 0.4667 0.9333
~ 0.4667 0.8667 0.5333 0.9333
~ 0.5333 0.8667 0.6000 0.9333
~ 0.6000 0.8667 0.6667 0.9333
D 0.6667 0.8667 0.7333 0.9333
O 0.7333 0.8667 0.8000 0.9333
~ 0.8000 0.8667 0.8667 0.9333
R 0.8667 0.8667 0.9333 0.9333
E 0.9333 0.8667 1.0000 0.9333
~ 0.0000 0.9333 0.0667 1.0000
M 0.0667 0.9333 0.1333 1.0000
I 0.1333 0.9333 0.2000 1.0000
B 0.2000 0.9333 0.2667 1.0000
~ 0.2667 0.9333 0.3333 1.0000
~ 0.3333 0.9333 0.4000 1.0000
~ 0.4000 0.9333 0.4667 1.0000
~ 0.4667 0.9333 0.5333 1.0000
~ 0.5333 0.9333 0.6000 1.0000
~ 0.6000 0.9333 0.6667 1.0000
~ 0.6667 0.9333 0.7333 1.0000
N 0.7333 0.9333 0.8000 1.0000
~ 0.8000 0.9333 0.8667 1.0000
S 0.8667 0.9333 0.9333 1.0000
H 0.9333 0.9333 1.0000 1.0000
