R 0.0000 0.0000 0.0667 0.0667
~ 0.0667 0.0000 0.1333 0.0667
~ 0.1333 0.0000 0.2000 0.0667
~ 0.2000 0.0000 0.2667 0.0667
~ 0.2667 0.0000 0.3333 0.0667
~ 0.3333 0.0000 0.4000 0.0667
~ 0.4000 0.0000 0.4667 0.0667
H 0.4667 0.0000 0.5333 0.0667
A 0.5333 0.0000 0.6000 0.0667
E 0.6000 0.0000 0.6667 0.0667
M 0.6667 0.0000 0.7333 0.0667
~ 0.7333 0.0000 0.8000 0.0667
~ 0.8000 0.0000 0.8667 0.0667
~ 0.8667 0.0000 0.9333 0.0667
~ 0.9333 0.0000 1.0000 0.0667
O 0.0000 0.0667 0.0667 0.1333
W 0.0667 0.0667 0.1333 0.1333
~ 0.1333 0.0667 0.2000 0.1333
~ 0.2000 0.0667 0.2667 0.1333
~ 0.2667 0.0667 0.3333 0.1333
~ 0.3333 0.0667 0.4000 0.1333
V 0.4000 0.0667 0.4667 0.1333
I 0.4667 0.0667 0.5333 0.1333
B 0.5333 0.0667 0.6000 0.1333
R 0.6000 0.0667 0.6667 0.1333
A 0.6667 0.0667 0.7333 0.1333
T 0.7333 0.0667 0.8000 0.1333
E 0.8000 0.0667 0.8667 0.1333
S 0.8667 0.0667 0.9333 0.1333
~ 0.9333 0.0667 1.0000 0.1333
L 0.0000 0.1333 0.0667 0.2000
O 0.0667 0.1333 0.1333 0.2000
~ 0.1333 0.1333 0.2000 0.2000
~ 0.2000 0.1333 0.2667 0.2000
~ 0.2667 0.1333 0.3333 0.2000
~ 0.3333 0.1333 0.4000 0.2000
~ 0.4000 0.1333 0.4667 0.2000
~ 0.4667 0.1333 0.5333 0.2000
~ 0.5333 0.1333 0.6000 0.2000
~ 0.6000 0.1333 0.6667 0.2000
~ 0.6667 0.1333 0.7333 0.2000
~ 0.7333 0.1333 0.8000 0.2000
~ 0.8000 0.1333 0.8667 0.2000
T 0.8667 0.1333 0.9333 0.2000
~ 0.9333 0.1333 1.0000 0.2000
F 0.0000 0.2000 0.0667 0.2667
O 0.0667 0.2000 0.1333 0.2667
R 0.1333 0.2000 0.2000 0.2667
A 0.2000 0.2000 0.2667 0.2667
Y 0.2667 0.2000 0.3333 0.2667
~ 0.3333 0.2000 0.4000 0.2667
~ 0.4000 0.2000 0.4667 0.2667
~ 0.4667 0.2000 0.5333 0.2667
~ 0.5333 0.2000 0.6000 0.2667
~ 0.6000 0.2000 0.6667 0.2667
~ 0.6667 0.2000 0.7333 0.2667
C 0.7333 0.2000 0.8000 0.2667
~ 0.8000 0.2000 0.8667 0.2667
A 0.8667 0.2000 0.9333 0.2667
~ 0.9333 0.2000 1.0000 0.2667
~ 0.0000 0.2667 0.0667 0.3333
N 0.0667 0.2667 0.1333 0.3333
~ 0.1333 0.2667 0.2000 0.3333
T 0.2000 0.2667 0.2667 0.3333
A 0.2667 0.2667 0.3333 0.3333
J 0.3333 0.2667 0.4000 0.3333
~ 0.4000 0.2667 0.4667 0.3333
~ 0.4667 0.2667 0.5333 0.3333
~ 0.5333 0.2667 0.6000 0.3333
~ 0.6000 0.2667 0.6667 0.3333
O 0.6667 0.2667 0.7333 0.3333
H 0.7333 0.2667 0.8000 0.3333
~ 0.8000 0.2667 0.8667 0.3333
T 0.8667 0.2667 0.9333 0.3333
~ 0.9333 0.2667 1.0000 0.3333
~ 0.0000 0.3333 0.0667 0.4000
~ 0.0667 0.3333 0.1333 0.4000
~ 0.1333 0.3333 0.2000 0.4000
~ 0.2000 0.3333 0.2667 0.4000
~ 0.2667 0.3333 0.3333 0.4000
A 0.3333 0.3333 0.4000 0.4000
G 0.4000 0.3333 0.4667 0.4000
I 0.4667 0.3333 0.5333 0.4000
O 0.5333 0.3333 0.6000 0.4000
~ 0.6000 0.3333 0.6667 0.4000
N 0.6667 0.3333 0.7333 0.4000
I 0.7333 0.3333 0.8000 0.4000
D 0.8000 0.3333 0.8667 0.4000
I 0.8667 0.3333 0.9333 0.4000
~ 0.9333 0.3333 1.0000 0.4000
~ 0.0000 0.4000 0.0667 0.4667
~ 0.0667 0.4000 0.1333 0.4667
~ 0.1333 0.4000 0.2000 0.4667
~ 0.2000 0.4000 0.2667 0.4667
~ 0.2667 0.4000 0.3333 0.4667
~ 0.3333 0.4000 0.4000 0.4667
E 0.4000 0.4000 0.4667 0.4667
~ 0.4667 0.4000 0.5333 0.4667
~ 0.5333 0.4000 0.6000 0.4667
Y 0.6000 0.4000 0.6667 0.4667
~ 0.6667 0.4000 0.7333 0.4667
N 0.7333 0.4000 0.8000 0.4667
~ 0.8000 0.4000 0.8667 0.4667
O 0.8667 0.4000 0.9333 0.4667
B 0.9333 0.4000 1.0000 0.4667
~ 0.0000 0.4667 0.0667 0.5333
~ 0.0667 0.4667 0.1333 0.5333
~ 0.1333 0.4667 0.2000 0.5333
W 0.2000 0.4667 0.2667 0.5333
~ 0.2667 0.4667 0.3333 0.5333
S 0.3333 0.4667 0.4000 0.5333
L 0.4000 0.4667 0.4667 0.5333
O 0.4667 0.4667 0.5333 0.5333
P 0.5333 0.4667 0.6000 0.5333
E 0.6000 0.4667 0.6667 0.5333
R 0.6667 0.4667 0.7333 0.5333
S 0.7333 0.4667 0.8000 0.5333
~ 0.8000 0.4667 0.8667 0.5333
N 0.8667 0.4667 0.9333 0.5333
E 0.9333 0.4667 1.0000 0.5333
~ 0.0000 0.5333 0.0667 0.6000
~ 0.0667 0.5333 0.1333 0.6000
V 0.1333 0.5333 0.2000 0.6000
I 0.2000 0.5333 0.2667 0.6000
M 0.2667 0.5333 0.3333 0.6000
~ 0.3333 0.5333 0.4000 0.6000
A 0.4000 0.5333 0.4667 0.6000
~ 0.4667 0.5333 0.5333 0.6000
~ 0.5333 0.5333 0.6000 0.6000
L 0.6000 0.5333 0.6667 0.6000
~ 0.6667 0.5333 0.7333 0.6000
~ 0.7333 0.5333 0.8000 0.6000
~ 0.8000 0.5333 0.8667 0.6000
~ 0.8667 0.5333 0.9333 0.6000
Z 0.9333 0.5333 1.0000 0.6000
~ 0.0000 0.6000 0.0667 0.6667
~ 0.0667 0.6000 0.1333 0.6667
~ 0.1333 0.6000 0.2000 0.6667
N 0.2000 0.6000 0.2667 0.6667
E 0.2667 0.6000 0.3333 0.6667
X 0.3333 0.6000 0.4000 0.6667
T 0.4000 0.6000 0.4667 0.6667
~ 0.4667 0.6000 0.5333 0.6667
~ 0.5333 0.6000 0.6000 0.6667
K 0.6000 0.6000 0.6667 0.6667
I 0.6667 0.6000 0.7333 0.6667
~ 0.7333 0.6000 0.8000 0.6667
~ 0.8000 0.6000 0.8667 0.6667
Q 0.8667 0.6000 0.9333 0.6667
I 0.9333 0.6000 1.0000 0.6667
~ 0.0000 0.6667 0.0667 0.7333
~ 0.0667 0.6667 0.1333 0.7333
~ 0.1333 0.6667 0.2000 0.7333
T 0.2000 0.6667 0.2667 0.7333
~ 0.2667 0.6667 0.3333 0.7333
~ 0.3333 0.6667 0.4000 0.7333
I 0.4000 0.6667 0.4667 0.7333
~ 0.4667 0.6667 0.5333 0.7333
~ 0.5333 0.6667 0.6000 0.7333
~ 0.6000 0.6667 0.6667 0.7333
U 0.6667 0.6667 0.7333 0.7333
P 0.7333 0.6667 0.8000 0.7333
~ 0.8000 0.6667 0.8667 0.7333
~ 0.8667 0.6667 0.9333 0.7333
L 0.9333 0.6667 1.0000 0.7333
~ 0.0000 0.7333 0.0667 0.8000
~ 0.0667 0.7333 0.1333 0.8000
O 0.1333 0.7333 0.2000 0.8000
E 0.2000 0.7333 0.2667 0.8000
~ 0.2667 0.7333 0.3333 0.8000
~ 0.3333 0.7333 0.4000 0.8000
~ 0.4000 0.7333 0.4667 0.8000
~ 0.4667 0.7333 0.5333 0.8000
~ 0.5333 0.7333 0.6000 0.8000
~ 0.6000 0.7333 0.6667 0.8000
R 0.6667 0.7333 0.7333 0.8000
E 0.7333 0.7333 0.8000 0.8000
~ 0.8000 0.7333 0.8667 0.8000
~ 0.8667 0.7333 0.9333 0.8000
~ 0.9333 0.7333 1.0000 0.8000
~ 0.0000 0.8000 0.0667 0.8667
~ 0.0667 0.8000 0.1333 0.8667
U 0.1333 0.8000 0.2000 0.8667
R 0.2000 0.8000 0.2667 0.8667
~ 0.2667 0.8000 0.3333 0.8667
~ 0.3333 0.8000 0.4000 0.8667
E 0.4000 0.8000 0.4667 0.8667
~ 0.4667 0.8000 0.5333 0.8667
~ 0.5333 0.8000 0.6000 0.8667
~ 0.6000 0.8000 0.6667 0.8667
E 0.6667 0.8000 0.7333 0.8667
A 0.7333 0.8000 0.8000 0.8667
~ 0.8000 0.8000 0.8667 0.8667
~ 0.8667 0.8000 0.9333 0.8667
~ 0.9333 0.8000 1.0000 0.8667
~ 0.0000 0.8667 0.0667 0.9333
~ 0.0667 0.8667 0.1333 0.9333
~ 0.1333 0.8667 0.2000 0.9333
~ 0.2000 0.8667 0.2667 0.9333
~ 0.2667 0.8667 0.3333 0.9333
~ 0.3333 0.8667 0.4000 0.9333
~ 0.4000 0.8667 0.4667 0.9333
~ 0.4667 0.8667 0.5333 0.9333
~ 0.5333 0.8667 0.6000 0.9333
~ 0.6000 0.8667 0.6667 0.9333
~ 0.6667 0.8667 0.7333 0.9333
C 0.7333 0.8667 0.8000 0.9333
~ 0.8000 0.8667 0.8667 0.9333
~ 0.8667 0.8667 0.9333 0.9333
~ 0.9333 0.8667 1.0000 0.9333
~ 0.0000 0.9333 0.0667 1.0000
F 0.0667 0.9333 0.1333 1.0000
U 0.1333 0.9333 0.2000 1.0000
D 0.2000 0.9333 0.2667 1.0000
G 0.2667 0.9333 0.3333 1.0000
I 0.3333 0.9333 0.4000 1.0000
N 0.4000 0.9333 0.4667 1.0000
G 0.4667 0.9333 0.5333 1.0000
~ 0.5333 0.9333 0.6000 1.0000
S 0.6000 0.9333 0.6667 1.0000
U 0.6667 0.9333 0.7333 1.0000
E 0.7333 0.9333 0.8000 1.0000
D 0.8000 0.9333 0.8667 1.0000
E 0.8667 0.9333 0.9333 1.0000
D 0.9333 0.9333 1.0000 1.0000
