~ 0.0000 0.0000 0.0667 0.0667
~ 0.0667 0.0000 0.1333 0.0667
J 0.1333 0.0000 0.2000 0.0667
~ 0.2000 0.0000 0.2667 0.0667
~ 0.2667 0.0000 0.3333 0.0667
~ 0.3333 0.0000 0.4000 0.0667
~ 0.4000 0.0000 0.4667 0.0667
~ 0.4667 0.0000 0.5333 0.0667
~ 0.5333 0.0000 0.6000 0.0667
~ 0.6000 0.0000 0.6667 0.0667
~ 0.6667 0.0000 0.7333 0.0667
~ 0.7333 0.0000 0.8000 0.0667
~ 0.8000 0.0000 0.8667 0.0667
~ 0.8667 0.0000 0.9333 0.0667
~ 0.9333 0.0000 1.0000 0.0667
L 0.0000 0.0667 0.0667 0.1333
O 0.0667 0.0667 0.1333 0.1333
A 0.1333 0.0667 0.2000 0.1333
M 0.2000 0.0667 0.2667 0.1333
~ 0.2667 0.0667 0.3333 0.1333
~ 0.3333 0.0667 0.4000 0.1333
~ 0.4000 0.0667 0.4667 0.1333
~ 0.4667 0.0667 0.5333 0.1333
~ 0.5333 0.0667 0.6000 0.1333
~ 0.6000 0.0667 0.6667 0.1333
~ 0.6667 0.0667 0.7333 0.1333
~ 0.7333 0.0667 0.8000 0.1333
~ 0.8000 0.0667 0.8667 0.1333
~ 0.8667 0.0667 0.9333 0.1333
~ 0.9333 0.0667 1.0000 0.1333
~ 0.0000 0.1333 0.0667 0.2000
~ 0.0667 0.1333 0.1333 0.2000
Y 0.1333 0.1333 0.2000 0.2000
A 0.2000 0.1333 0.2667 0.2000
H 0.2667 0.1333 0.3333 0.2000
~ 0.3333 0.1333 0.4000 0.2000
~ 0.4000 0.1333 0.4667 0.2000
~ 0.4667 0.1333 0.5333 0.2000
~ 0.5333 0.1333 0.6000 0.2000
~ 0.6000 0.1333 0.6667 0.2000
~ 0.6667 0.1333 0.7333 0.2000
~ 0.7333 0.1333 0.8000 0.2000
~ 0.8000 0.1333 0.8667 0.2000
~ 0.8667 0.1333 0.9333 0.2000
~ 0.9333 0.1333 1.0000 0.2000
~ 0.0000 0.2000 0.0667 0.2667
~ 0.0667 0.2000 0.1333 0.2667
~ 0.1333 0.2000 0.2000 0.2667
G 0.2000 0.2000 0.2667 0.2667
O 0.2667 0.2000 0.3333 0.2667
~ 0.3333 0.2000 0.4000 0.2667
~ 0.4000 0.2000 0.4667 0.2667
~ 0.4667 0.2000 0.5333 0.2667
~ 0.5333 0.2000 0.6000 0.2667
~ 0.6000 0.2000 0.6667 0.2667
~ 0.6667 0.2000 0.7333 0.2667
V 0.7333 0.2000 0.8000 0.2667
~ 0.8000 0.2000 0.8667 0.2667
E 0.8667 0.2000 0.9333 0.2667
~ 0.9333 0.2000 1.0000 0.2667
~ 0.0000 0.2667 0.0667 0.3333
~ 0.0667 0.2667 0.1333 0.3333
~ 0.1333 0.2667 0.2000 0.3333
N 0.2000 0.2667 0.2667 0.3333
O 0.2667 0.2667 0.3333 0.3333
~ 0.3333 0.2667 0.4000 0.3333
~ 0.4000 0.2667 0.4667 0.3333
~ 0.4667 0.2667 0.5333 0.3333
~ 0.5333 0.2667 0.6000 0.3333
~ 0.6000 0.2667 0.6667 0.3333
Z 0.6667 0.2667 0.7333 0.3333
I 0.7333 0.2667 0.8000 0.3333
G 0.8000 0.2667 0.8667 0.3333
S 0.8667 0.2667 0.9333 0.3333
~ 0.9333 0.2667 1.0000 0.3333
~ 0.0000 0.3333 0.0667 0.4000
~ 0.0667 0.3333 0.1333 0.4000
~ 0.1333 0.3333 0.2000 0.4000
E 0.2000 0.3333 0.2667 0.4000
T 0.2667 0.3333 0.3333 0.4000
~ 0.3333 0.3333 0.4000 0.4000
~ 0.4000 0.3333 0.4667 0.4000
~ 0.4667 0.3333 0.5333 0.4000
~ 0.5333 0.3333 0.6000 0.4000
T 0.6000 0.3333 0.6667 0.4000
A 0.6667 0.3333 0.7333 0.4000
P 0.7333 0.3333 0.8000 0.4000
~ 0.8000 0.3333 0.8667 0.4000
~ 0.8667 0.3333 0.9333 0.4000
~ 0.9333 0.3333 1.0000 0.4000
~ 0.0000 0.4000 0.0667 0.4667
~ 0.0667 0.4000 0.1333 0.4667
~ 0.1333 0.4000 0.2000 0.4667
T 0.2000 0.4000 0.2667 0.4667
~ 0.2667 0.4000 0.3333 0.4667
B 0.3333 0.4000 0.4000 0.4667
U 0.4000 0.4000 0.4667 0.4667
N 0.4667 0.4000 0.5333 0.4667
~ 0.5333 0.4000 0.6000 0.4667
~ 0.6000 0.4000 0.6667 0.4667
~ 0.6667 0.4000 0.7333 0.4667
E 0.7333 0.4000 0.8000 0.4667
~ 0.8000 0.4000 0.8667 0.4667
~ 0.8667 0.4000 0.9333 0.4667
~ 0.9333 0.4000 1.0000 0.4667
~ 0.0000 0.4667 0.0667 0.5333
~ 0.0667 0.4667 0.1333 0.5333
D 0.1333 0.4667 0.2000 0.5333
O 0.2000 0.4667 0.2667 0.5333
~ 0.2667 0.4667 0.3333 0.5333
~ 0.3333 0.4667 0.4000 0.5333
~ 0.4000 0.4667 0.4667 0.5333
A 0.4667 0.4667 0.5333 0.5333
L 0.5333 0.4667 0.6000 0.5333
T 0.6000 0.4667 0.6667 0.5333
A 0.6667 0.4667 0.7333 0.5333
R 0.7333 0.4667 0.8000 0.5333
~ 0.8000 0.4667 0.8667 0.5333
~ 0.8667 0.4667 0.9333 0.5333
D 0.9333 0.4667 1.0000 0.5333
~ 0.0000 0.5333 0.0667 0.6000
~ 0.0667 0.5333 0.1333 0.6000
R 0.1333 0.5333 0.2000 0.6000
~ 0.2000 0.5333 0.2667 0.6000
~ 0.2667 0.5333 0.3333 0.6000
H 0.3333 0.5333 0.4000 0.6000
U 0.4000 0.5333 0.4667 0.6000
B 0.4667 0.5333 0.5333 0.6000
~ 0.5333 0.5333 0.6000 0.6000
~ 0.6000 0.5333 0.6667 0.6000
W 0.6667 0.5333 0.7333 0.6000
~ 0.7333 0.5333 0.8000 0.6000
C 0.8000 0.5333 0.8667 0.6000
~ 0.8667 0.5333 0.9333 0.6000
O 0.9333 0.5333 1.0000 0.6000
~ 0.0000 0.6000 0.0667 0.6667
M 0.0667 0.6000 0.1333 0.6667
I 0.1333 0.6000 0.2000 0.6667
N 0.2000 0.6000 0.2667 0.6667
K 0.2667 0.6000 0.3333 0.6667
E 0.3333 0.6000 0.4000 0.6667
~ 0.4000 0.6000 0.4667 0.6667
~ 0.4667 0.6000 0.5333 0.6667
~ 0.5333 0.6000 0.6000 0.6667
~ 0.6000 0.6000 0.6667 0.6667
F 0.6667 0.6000 0.7333 0.6667
~ 0.7333 0.6000 0.8000 0.6667
O 0.8000 0.6000 0.8667 0.6667
~ 0.8667 0.6000 0.9333 0.6667
N 0.9333 0.6000 1.0000 0.6667
~ 0.0000 0.6667 0.0667 0.7333
~ 0.0667 0.6667 0.1333 0.7333
P 0.1333 0.6667 0.2000 0.7333
A 0.2000 0.6667 0.2667 0.7333
I 0.2667 0.6667 0.3333 0.7333
N 0.3333 0.6667 0.4000 0.7333
~ 0.4000 0.6667 0.4667 0.7333
A 0.4667 0.6667 0.5333 0.7333
C 0.5333 0.6667 0.6000 0.7333
Q 0.6000 0.6667 0.6667 0.7333
U 0.6667 0.6667 0.7333 0.7333
I 0.7333 0.6667 0.8000 0.7333
R 0.8000 0.6667 0.8667 0.7333
E 0.8667 0.6667 0.9333 0.7333
S 0.9333 0.6667 1.0000 0.7333
D 0.0000 0.7333 0.0667 0.8000
U 0.0667 0.7333 0.1333 0.8000
~ 0.1333 0.7333 0.2000 0.8000
E 0.2000 0.7333 0.2667 0.8000
S 0.2667 0.7333 0.3333 0.8000
~ 0.3333 0.7333 0.4000 0.8000
~ 0.4000 0.7333 0.4667 0.8000
W 0.4667 0.7333 0.5333 0.8000
O 0.5333 0.7333 0.6000 0.8000
~ 0.6000 0.7333 0.6667 0.8000
L 0.6667 0.7333 0.7333 0.8000
~ 0.7333 0.7333 0.8000 0.8000
G 0.8000 0.7333 0.8667 0.8000
~ 0.8667 0.7333 0.9333 0.8000
Y 0.9333 0.7333 1.0000 0.8000
~ 0.0000 0.8000 0.0667 0.8667
~ 0.0667 0.8000 0.1333 0.8667
I 0.1333 0.8000 0.2000 0.8667
~ 0.2000 0.8000 0.2667 0.8667
~ 0.2667 0.8000 0.3333 0.8667
~ 0.3333 0.8000 0.4000 0.8667
F 0.4000 0.8000 0.4667 0.8667
A 0.4667 0.8000 0.5333 0.8667
X 0.5333 0.8000 0.6000 0.8667
~ 0.6000 0.8000 0.6667 0.8667
~ 0.6667 0.8000 0.7333 0.8667
~ 0.7333 0.8000 0.8000 0.8667
I 0.8000 0.8000 0.8667 0.8667
~ 0.8667 0.8000 0.9333 0.8667
~ 0.9333 0.8000 1.0000 0.8667
~ 0.0000 0.8667 0.0667 0.9333
D 0.0667 0.8667 0.1333 0.9333
E 0.1333 0.8667 0.2000 0.9333
L 0.2000 0.8667 0.2667 0.9333
A 0.2667 0.8667 0.3333 0.9333
T 0.3333 0.8667 0.4000 0.9333
O 0.4000 0.8667 0.4667 0.9333
R 0.4667 0.8667 0.5333 0.9333
~ 0.5333 0.8667 0.6000 0.9333
~ 0.6000 0.8667 0.6667 0.9333
~ 0.6667 0.8667 0.7333 0.9333
~ 0.7333 0.8667 0.8000 0.9333
~ 0.8000 0.8667 0.8667 0.9333
~ 0.8667 0.8667 0.9333 0.9333
~ 0.9333 0.8667 1.0000 0.9333
E 0.0000 0.9333 0.0667 1.0000
E 0.0667 0.9333 0.1333 1.0000
~ 0.1333 0.9333 0.2000 1.0000
I 0.2000 0.9333 0.2667 1.0000
E 0.2667 0.9333 0.3333 1.0000
~ 0.3333 0.9333 0.4000 1.0000
R 0.4000 0.9333 0.4667 1.0000
E 0.4667 0.9333 0.5333 1.0000
N 0.5333 0.9333 0.6000 1.0000
T 0.6000 0.9333 0.6667 1.0000
I 0.6667 0.9333 0.7333 1.0000
E 0.7333 0.9333 0.8000 1.0000
R 0.8000 0.9333 0.8667 1.0000
S 0.8667 0.9333 0.9333 1.0000
~ 0.9333 0.9333 1.0000 1.0000
