C 0.0000 0.0000 0.0667 0.0667
H 0.0667 0.0000 0.1333 0.0667
A 0.1333 0.0000 0.2000 0.0667
M 0.2000 0.0000 0.2667 0.0667
P 0.2667 0.0000 0.3333 0.0667
I 0.3333 0.0000 0.4000 0.0667
O 0.4000 0.0000 0.4667 0.0667
N 0.4667 0.0000 0.5333 0.0667
~ 0.5333 0.0000 0.6000 0.0667
~ 0.6000 0.0000 0.6667 0.0667
~ 0.6667 0.0000 0.7333 0.0667
~ 0.7333 0.0000 0.8000 0.0667
~ 0.8000 0.0000 0.8667 0.0667
~ 0.8667 0.0000 0.9333 0.0667
~ 0.9333 0.0000 1.0000 0.0667
~ 0.0000 0.0667 0.0667 0.1333
~ 0.0667 0.0667 0.1333 0.1333
~ 0.1333 0.0667 0.2000 0.1333
E 0.2000 0.0667 0.2667 0.1333
~ 0.2667 0.0667 0.3333 0.1333
X 0.3333 0.0667 0.4000 0.1333
~ 0.4000 0.0667 0.4667 0.1333
~ 0.4667 0.0667 0.5333 0.1333
~ 0.5333 0.0667 0.6000 0.1333
~ 0.6000 0.0667 0.6667 0.1333
~ 0.6667 0.0667 0.7333 0.1333
~ 0.7333 0.0667 0.8000 0.1333
~ 0.8000 0.0667 0.8667 0.1333
~ 0.8667 0.0667 0.9333 0.1333
~ 0.9333 0.0667 1.0000 0.1333
~ 0.0000 0.1333 0.0667 0.2000
V 0.0667 0.1333 0.1333 0.2000
E 0.1333 0.1333 0.2000 0.2000
R 0.2000 0.1333 0.2667 0.2000
T 0.2667 0.1333 0.3333 0.2000
I 0.3333 0.1333 0.4000 0.2000
G 0.4000 0.1333 0.4667 0.2000
O 0.4667 0.1333 0.5333 0.2000
~ 0.5333 0.1333 0.6000 0.2000
~ 0.6000 0.1333 0.6667 0.2000
~ 0.6667 0.1333 0.7333 0.2000
~ 0.7333 0.1333 0.8000 0.2000
~ 0.8000 0.1333 0.8667 0.2000
~ 0.8667 0.1333 0.9333 0.2000
~ 0.9333 0.1333 1.0000 0.2000
~ 0.0000 0.2000 0.0667 0.2667
~ 0.0667 0.2000 0.1333 0.2667
~ 0.1333 0.2000 0.2000 0.2667
C 0.2000 0.2000 0.2667 0.2667
~ 0.2667 0.2000 0.3333 0.2667
A 0.3333 0.2000 0.4000 0.2667
~ 0.4000 0.2000 0.4667 0.2667
~ 0.4667 0.2000 0.5333 0.2667
~ 0.5333 0.2000 0.6000 0.2667
~ 0.6000 0.2000 0.6667 0.2667
~ 0.6667 0.2000 0.7333 0.2667
~ 0.7333 0.2000 0.8000 0.2667
~ 0.8000 0.2000 0.8667 0.2667
K 0.8667 0.2000 0.9333 0.2667
~ 0.9333 0.2000 1.0000 0.2667
~ 0.0000 0.2667 0.0667 0.3333
~ 0.0667 0.2667 0.1333 0.3333
~ 0.1333 0.2667 0.2000 0.3333
Y 0.2000 0.2667 0.2667 0.3333
U 0.2667 0.2667 0.3333 0.3333
~ 0.3333 0.2667 0.4000 0.3333
~ 0.4000 0.2667 0.4667 0.3333
G 0.4667 0.2667 0.5333 0.3333
E 0.5333 0.2667 0.6000 0.3333
L 0.6000 0.2667 0.6667 0.3333
T 0.6667 0.2667 0.7333 0.3333
~ 0.7333 0.2667 0.8000 0.3333
~ 0.8000 0.2667 0.8667 0.3333
H 0.8667 0.2667 0.9333 0.3333
~ 0.9333 0.2667 1.0000 0.3333
~ 0.0000 0.3333 0.0667 0.4000
Q 0.0667 0.3333 0.1333 0.4000
I 0.1333 0.3333 0.2000 0.4000
~ 0.2000 0.3333 0.2667 0.4000
V 0.2667 0.3333 0.3333 0.4000
~ 0.3333 0.3333 0.4000 0.4000
~ 0.4000 0.3333 0.4667 0.4000
~ 0.4667 0.3333 0.5333 0.4000
Y 0.5333 0.3333 0.6000 0.4000
A 0.6000 0.3333 0.6667 0.4000
~ 0.6667 0.3333 0.7333 0.4000
~ 0.7333 0.3333 0.8000 0.4000
~ 0.8000 0.3333 0.8667 0.4000
A 0.8667 0.3333 0.9333 0.4000
~ 0.9333 0.3333 1.0000 0.4000
~ 0.0000 0.4000 0.0667 0.4667
A 0.0667 0.4000 0.1333 0.4667
~ 0.1333 0.4000 0.2000 0.4667
J 0.2000 0.4000 0.2667 0.4667
A 0.2667 0.4000 0.3333 0.4667
~ 0.3333 0.4000 0.4000 0.4667
~ 0.4000 0.4000 0.4667 0.4667
B 0.4667 0.4000 0.5333 0.4667
E 0.5333 0.4000 0.6000 0.4667
~ 0.6000 0.4000 0.6667 0.4667
~ 0.6667 0.4000 0.7333 0.4667
~ 0.7333 0.4000 0.8000 0.4667
~ 0.8000 0.4000 0.8667 0.4667
D 0.8667 0.4000 0.9333 0.4667
~ 0.9333 0.4000 1.0000 0.4667
A 0.0000 0.4667 0.0667 0.5333
I 0.0667 0.4667 0.1333 0.5333
N 0.1333 0.4667 0.2000 0.5333
E 0.2000 0.4667 0.2667 0.5333
~ 0.2667 0.4667 0.3333 0.5333
~ 0.3333 0.4667 0.4000 0.5333
W 0.4000 0.4667 0.4667 0.5333
I 0.4667 0.4667 0.5333 0.5333
N 0.5333 0.4667 0.6000 0.5333
O 0.6000 0.4667 0.6667 0.5333
~ 0.6667 0.4667 0.7333 0.5333
~ 0.7333 0.4667 0.8000 0.5333
N 0.8000 0.4667 0.8667 0.5333
I 0.8667 0.4667 0.9333 0.5333
M 0.9333 0.4667 1.0000 0.5333
~ 0.0000 0.5333 0.0667 0.6000
~ 0.0667 0.5333 0.1333 0.6000
E 0.1333 0.5333 0.2000 0.6000
A 0.2000 0.5333 0.2667 0.6000
I 0.2667 0.5333 0.3333 0.6000
R 0.3333 0.5333 0.4000 0.6000
E 0.4000 0.5333 0.4667 0.6000
D 0.4667 0.5333 0.5333 0.6000
~ 0.5333 0.5333 0.6000 0.6000
R 0.6000 0.5333 0.6667 0.6000
O 0.6667 0.5333 0.7333 0.6000
W 0.7333 0.5333 0.8000 0.6000
S 0.8000 0.5333 0.8667 0.6000
~ 0.8667 0.5333 0.9333 0.6000
~ 0.9333 0.5333 1.0000 0.6000
~ 0.0000 0.6000 0.0667 0.6667
~ 0.0667 0.6000 0.1333 0.6667
~ 0.1333 0.6000 0.2000 0.6667
T 0.2000 0.6000 0.2667 0.6667
~ 0.2667 0.6000 0.3333 0.6667
~ 0.3333 0.6000 0.4000 0.6667
T 0.4000 0.6000 0.4667 0.6667
I 0.4667 0.6000 0.5333 0.6667
T 0.5333 0.6000 0.6000 0.6667
~ 0.6000 0.6000 0.6667 0.6667
~ 0.6667 0.6000 0.7333 0.6667
~ 0.7333 0.6000 0.8000 0.6667
O 0.8000 0.6000 0.8667 0.6667
~ 0.8667 0.6000 0.9333 0.6667
~ 0.9333 0.6000 1.0000 0.6667
~ 0.0000 0.6667 0.0667 0.7333
R 0.0667 0.6667 0.1333 0.7333
O 0.1333 0.6667 0.2000 0.7333
S 0.2000 0.6667 0.2667 0.7333
E 0.2667 0.6667 0.3333 0.7333
N 0.3333 0.6667 0.4000 0.7333
~ 0.4000 0.6667 0.4667 0.7333
~ 0.4667 0.6667 0.5333 0.7333
~ 0.5333 0.6667 0.6000 0.7333
G 0.6000 0.6667 0.6667 0.7333
O 0.6667 0.6667 0.7333 0.7333
A 0.7333 0.6667 0.8000 0.7333
L 0.8000 0.6667 0.8667 0.7333
~ 0.8667 0.6667 0.9333 0.7333
~ 0.9333 0.6667 1.0000 0.7333
~ 0.0000 0.7333 0.0667 0.8000
~ 0.0667 0.7333 0.1333 0.8000
~ 0.1333 0.7333 0.2000 0.8000
~ 0.2000 0.7333 0.2667 0.8000
F 0.2667 0.7333 0.3333 0.8000
E 0.3333 0.7333 0.4000 0.8000
D 0.4000 0.7333 0.4667 0.8000
~ 0.4667 0.7333 0.5333 0.8000
R 0.5333 0.7333 0.6000 0.8000
U 0.6000 0.7333 0.6667 0.8000
B 0.6667 0.7333 0.7333 0.8000
L 0.7333 0.7333 0.8000 0.8000
E 0.8000 0.7333 0.8667 0.8000
~ 0.8667 0.7333 0.9333 0.8000
~ 0.9333 0.7333 1.0000 0.8000
~ 0.0000 0.8000 0.0667 0.8667
~ 0.0667 0.8000 0.1333 0.8667
R 0.1333 0.8000 0.2000 0.8667
E 0.2000 0.8000 0.2667 0.8667
F 0.2667 0.8000 0.3333 0.8667
T 0.3333 0.8000 0.4000 0.8667
~ 0.4000 0.8000 0.4667 0.8667
~ 0.4667 0.8000 0.5333 0.8667
U 0.5333 0.8000 0.6000 0.8667
~ 0.6000 0.8000 0.6667 0.8667
~ 0.6667 0.8000 0.7333 0.8667
~ 0.7333 0.8000 0.8000 0.8667
S 0.8000 0.8000 0.8667 0.8667
~ 0.8667 0.8000 0.9333 0.8667
~ 0.9333 0.8000 1.0000 0.8667
~ 0.0000 0.8667 0.0667 0.9333
~ 0.0667 0.8667 0.1333 0.9333
~ 0.1333 0.8667 0.2000 0.9333
~ 0.2000 0.8667 0.2667 0.9333
~ 0.2667 0.8667 0.3333 0.9333
~ 0.3333 0.8667 0.4000 0.9333
~ 0.4000 0.8667 0.4667 0.9333
~ 0.4667 0.8667 0.5333 0.9333
D 0.5333 0.8667 0.6000 0.9333
~ 0.6000 0.8667 0.6667 0.9333
~ 0.6667 0.8667 0.7333 0.9333
~ 0.7333 0.8667 0.8000 0.9333
~ 0.8000 0.8667 0.8667 0.9333
~ 0.8667 0.8667 0.9333 0.9333
~ 0.9333 0.8667 1.0000 0.9333
~ 0.0000 0.9333 0.0667 1.0000
~ 0.0667 0.9333 0.1333 1.0000
~ 0.1333 0.9333 0.2000 1.0000
~ 0.2000 0.9333 0.2667 1.0000
~ 0.2667 0.9333 0.3333 1.0000
P 0.3333 0.9333 0.4000 1.0000
I 0.4000 0.9333 0.4667 1.0000
Z 0.4667 0.9333 0.5333 1.0000
E 0.5333 0.9333 0.6000 1.0000
S 0.6000 0.9333 0.6667 1.0000
~ 0.6667 0.9333 0.7333 1.0000
~ 0.7333 0.9333 0.8000 1.0000
~ 0.8000 0.9333 0.8667 1.0000
~ 0.8667 0.9333 0.9333 1.0000
~ 0.9333 0.9333 1.0000 1.0000
