U 0.0000 0.0000 0.0667 0.0667
~ 0.0667 0.0000 0.1333 0.0667
~ 0.1333 0.0000 0.2000 0.0667
~ 0.2000 0.0000 0.2667 0.0667
~ 0.2667 0.0000 0.3333 0.0667
~ 0.3333 0.0000 0.4000 0.0667
~ 0.4000 0.0000 0.4667 0.0667
H 0.4667 0.0000 0.5333 0.0667
~ 0.5333 0.0000 0.6000 0.0667
~ 0.6000 0.0000 0.6667 0.0667
~ 0.6667 0.0000 0.7333 0.0667
O 0.7333 0.0000 0.8000 0.0667
B 0.8000 0.0000 0.8667 0.0667
I 0.8667 0.0000 0.9333 0.0667
A 0.9333 0.0000 1.0000 0.0667
N 0.0000 0.0667 0.0667 0.1333
~ 0.0667 0.0667 0.1333 0.1333
~ 0.1333 0.0667 0.2000 0.1333
~ 0.2000 0.0667 0.2667 0.1333
~ 0.2667 0.0667 0.3333 0.1333
~ 0.3333 0.0667 0.4000 0.1333
R 0.4000 0.0667 0.4667 0.1333
E 0.4667 0.0667 0.5333 0.1333
I 0.5333 0.0667 0.6000 0.1333
N 0.6000 0.0667 0.6667 0.1333
S 0.6667 0.0667 0.7333 0.1333
~ 0.7333 0.0667 0.8000 0.1333
E 0.8000 0.0667 0.8667 0.1333
N 0.8667 0.0667 0.9333 0.1333
~ 0.9333 0.0667 1.0000 0.1333
D 0.0000 0.1333 0.0667 0.2000
~ 0.0667 0.1333 0.1333 0.2000
~ 0.1333 0.1333 0.2000 0.2000
~ 0.2000 0.1333 0.2667 0.2000
~ 0.2667 0.1333 0.3333 0.2000
~ 0.3333 0.1333 0.4000 0.2000
~ 0.4000 0.1333 0.4667 0.2000
I 0.4667 0.1333 0.5333 0.2000
~ 0.5333 0.1333 0.6000 0.2000
~ 0.6000 0.1333 0.6667 0.2000
~ 0.6667 0.1333 0.7333 0.2000
~ 0.7333 0.1333 0.8000 0.2000
L 0.8000 0.1333 0.8667 0.2000
~ 0.8667 0.1333 0.9333 0.2000
~ 0.9333 0.1333 1.0000 0.2000
E 0.0000 0.2000 0.0667 0.2667
~ 0.0667 0.2000 0.1333 0.2667
~ 0.1333 0.2000 0.2000 0.2667
~ 0.2000 0.2000 0.2667 0.2667
~ 0.2667 0.2000 0.3333 0.2667
~ 0.3333 0.2000 0.4000 0.2667
~ 0.4000 0.2000 0.4667 0.2667
F 0.4667 0.2000 0.5333 0.2667
~ 0.5333 0.2000 0.6000 0.2667
~ 0.6000 0.2000 0.6667 0.2667
~ 0.6667 0.2000 0.7333 0.2667
~ 0.7333 0.2000 0.8000 0.2667
T 0.8000 0.2000 0.8667 0.2667
~ 0.8667 0.2000 0.9333 0.2667
~ 0.9333 0.2000 1.0000 0.2667
A 0.0000 0.2667 0.0667 0.3333
G 0.0667 0.2667 0.1333 0.3333
~ 0.1333 0.2667 0.2000 0.3333
~ 0.2000 0.2667 0.2667 0.3333
~ 0.2667 0.2667 0.3333 0.3333
~ 0.3333 0.2667 0.4000 0.3333
~ 0.4000 0.2667 0.4667 0.3333
E 0.4667 0.2667 0.5333 0.3333
~ 0.5333 0.2667 0.6000 0.3333
~ 0.6000 0.2667 0.6667 0.3333
~ 0.6667 0.2667 0.7333 0.3333
~ 0.7333 0.2667 0.8000 0.3333
~ 0.8000 0.2667 0.8667 0.3333
~ 0.8667 0.2667 0.9333 0.3333
~ 0.9333 0.2667 1.0000 0.3333
D 0.0000 0.3333 0.0667 0.4000
O 0.0667 0.3333 0.1333 0.4000
~ 0.1333 0.3333 0.2000 0.4000
~ 0.2000 0.3333 0.2667 0.4000
~ 0.2667 0.3333 0.3333 0.4000
V 0.3333 0.3333 0.4000 0.4000
I 0.4000 0.3333 0.4667 0.4000
R 0.4667 0.3333 0.5333 0.4000
I 0.5333 0.3333 0.6000 0.4000
D 0.6000 0.3333 0.6667 0.4000
~ 0.6667 0.3333 0.7333 0.4000
~ 0.7333 0.3333 0.8000 0.4000
~ 0.8000 0.3333 0.8667 0.4000
~ 0.8667 0.3333 0.9333 0.4000
~ 0.9333 0.3333 1.0000 0.4000
~ 0.0000 0.4000 0.0667 0.4667
O 0.0667 0.4000 0.1333 0.4667
Y 0.1333 0.4000 0.2000 0.4667
~ 0.2000 0.4000 0.2667 0.4667
~ 0.2667 0.4000 0.3333 0.4667
~ 0.3333 0.4000 0.4000 0.4667
~ 0.4000 0.4000 0.4667 0.4667
~ 0.4667 0.4000 0.5333 0.4667
~ 0.5333 0.4000 0.6000 0.4667
I 0.6000 0.4000 0.6667 0.4667
~ 0.6667 0.4000 0.7333 0.4667
~ 0.7333 0.4000 0.8000 0.4667
~ 0.8000 0.4000 0.8667 0.4667
~ 0.8667 0.4000 0.9333 0.4667
~ 0.9333 0.4000 1.0000 0.4667
~ 0.0000 0.4667 0.0667 0.5333
N 0.0667 0.4667 0.1333 0.5333
A 0.1333 0.4667 0.2000 0.5333
H 0.2000 0.4667 0.2667 0.5333
~ 0.2667 0.4667 0.3333 0.5333
~ 0.3333 0.4667 0.4000 0.5333
J 0.4000 0.4667 0.4667 0.5333
E 0.4667 0.4667 0.5333 0.5333
W 0.5333 0.4667 0.6000 0.5333
S 0.6000 0.4667 0.6667 0.5333
~ 0.6667 0.4667 0.7333 0.5333
~ 0.7333 0.4667 0.8000 0.5333
~ 0.8000 0.4667 0.8667 0.5333
~ 0.8667 0.4667 0.9333 0.5333
~ 0.9333 0.4667 1.0000 0.5333
~ 0.0000 0.5333 0.0667 0.6000
~ 0.0667 0.5333 0.1333 0.6000
G 0.1333 0.5333 0.2000 0.6000
U 0.2000 0.5333 0.2667 0.6000
M 0.2667 0.5333 0.3333 0.6000
B 0.3333 0.5333 0.4000 0.6000
O 0.4000 0.5333 0.4667 0.6000
~ 0.4667 0.5333 0.5333 0.6000
~ 0.5333 0.5333 0.6000 0.6000
~ 0.6000 0.5333 0.6667 0.6000
C 0.6667 0.5333 0.7333 0.6000
~ 0.7333 0.5333 0.8000 0.6000
~ 0.8000 0.5333 0.8667 0.6000
~ 0.8667 0.5333 0.9333 0.6000
~ 0.9333 0.5333 1.0000 0.6000
~ 0.0000 0.6000 0.0667 0.6667
~ 0.0667 0.6000 0.1333 0.6667
~ 0.1333 0.6000 0.2000 0.6667
N 0.2000 0.6000 0.2667 0.6667
O 0.2667 0.6000 0.3333 0.6667
~ 0.3333 0.6000 0.4000 0.6667
T 0.4000 0.6000 0.4667 0.6667
U 0.4667 0.6000 0.5333 0.6667
R 0.5333 0.6000 0.6000 0.6667
E 0.6000 0.6000 0.6667 0.6667
~ 0.6667 0.6000 0.7333 0.6667
N 0.7333 0.6000 0.8000 0.6667
S 0.8000 0.6000 0.8667 0.6667
~ 0.8667 0.6000 0.9333 0.6667
~ 0.9333 0.6000 1.0000 0.6667
~ 0.0000 0.6667 0.0667 0.7333
F 0.0667 0.6667 0.1333 0.7333
A 0.1333 0.6667 0.2000 0.7333
T 0.2000 0.6667 0.2667 0.7333
A 0.2667 0.6667 0.3333 0.7333
L 0.3333 0.6667 0.4000 0.7333
~ 0.4000 0.6667 0.4667 0.7333
~ 0.4667 0.6667 0.5333 0.7333
~ 0.5333 0.6667 0.6000 0.7333
~ 0.6000 0.6667 0.6667 0.7333
P 0.6667 0.6667 0.7333 0.7333
~ 0.7333 0.6667 0.8000 0.7333
~ 0.8000 0.6667 0.8667 0.7333
~ 0.8667 0.6667 0.9333 0.7333
~ 0.9333 0.6667 1.0000 0.7333
W 0.0000 0.7333 0.0667 0.8000
A 0.0667 0.7333 0.1333 0.8000
I 0.1333 0.7333 0.2000 0.8000
S 0.2000 0.7333 0.2667 0.8000
T 0.2667 0.7333 0.3333 0.8000
~ 0.3333 0.7333 0.4000 0.8000
~ 0.4000 0.7333 0.4667 0.8000
~ 0.4667 0.7333 0.5333 0.8000
P 0.5333 0.7333 0.6000 0.8000
R 0.6000 0.7333 0.6667 0.8000
E 0.6667 0.7333 0.7333 0.8000
X 0.7333 0.7333 0.8000 0.8000
Y 0.8000 0.7333 0.8667 0.8000
~ 0.8667 0.7333 0.9333 0.8000
~ 0.9333 0.7333 1.0000 0.8000
O 0.0000 0.8000 0.0667 0.8667
~ 0.0667 0.8000 0.1333 0.8667
~ 0.1333 0.8000 0.2000 0.8667
~ 0.2000 0.8000 0.2667 0.8667
~ 0.2667 0.8000 0.3333 0.8667
~ 0.3333 0.8000 0.4000 0.8667
~ 0.4000 0.8000 0.4667 0.8667
Q 0.4667 0.8000 0.5333 0.8667
I 0.5333 0.8000 0.6000 0.8667
~ 0.6000 0.8000 0.6667 0.8667
~ 0.6667 0.8000 0.7333 0.8667
~ 0.7333 0.8000 0.8000 0.8667
A 0.8000 0.8000 0.8667 0.8667
~ 0.8667 0.8000 0.9333 0.8667
A 0.9333 0.8000 1.0000 0.8667
R 0.0000 0.8667 0.0667 0.9333
E 0.0667 0.8667 0.1333 0.9333
V 0.1333 0.8667 0.2000 0.9333
O 0.2000 0.8667 0.2667 0.9333
L 0.2667 0.8667 0.3333 0.9333
T 0.3333 0.8667 0.4000 0.9333
~ 0.4000 0.8667 0.4667 0.9333
~ 0.4667 0.8667 0.5333 0.9333
C 0.5333 0.8667 0.6000 0.9333
L 0.6000 0.8667 0.6667 0.9333
E 0.6667 0.8667 0.7333 0.9333
E 0.7333 0.8667 0.8000 0.9333
K 0.8000 0.8667 0.8667 0.9333
E 0.8667 0.8667 0.9333 0.9333
D 0.9333 0.8667 1.0000 0.9333
E 0.0000 0.9333 0.0667 1.0000
~ 0.0667 0.9333 0.1333 1.0000
~ 0.1333 0.9333 0.2000 1.0000
M 0.2000 0.9333 0.2667 1.0000
I 0.2667 0.9333 0.3333 1.0000
A 0.3333 0.9333 0.4000 1.0000
O 0.4000 0.9333 0.4667 1.0000
U 0.4667 0.9333 0.5333 1.0000
~ 0.5333 0.9333 0.6000 1.0000
~ 0.6000 0.9333 0.6667 1.0000
~ 0.6667 0.9333 0.7333 1.0000
~ 0.7333 0.9333 0.8000 1.0000
~ 0.8000 0.9333 0.8667 1.0000
~ 0.8667 0.9333 0.9333 1.0000
Z 0.9333 0.9333 1.0000 1.0000
