~ 0.0000 0.0000 0.0667 0.0667
~ 0.0667 0.0000 0.1333 0.0667
~ 0.1333 0.0000 0.2000 0.0667
~ 0.2000 0.0000 0.2667 0.0667
~ 0.2667 0.0000 0.3333 0.0667
~ 0.3333 0.0000 0.4000 0.0667
~ 0.4000 0.0000 0.4667 0.0667
~ 0.4667 0.0000 0.5333 0.0667
~ 0.5333 0.0000 0.6000 0.0667
~ 0.6000 0.0000 0.6667 0.0667
N 0.6667 0.0000 0.7333 0.0667
O 0.7333 0.0000 0.8000 0.0667
T 0.8000 0.0000 0.8667 0.0667
E 0.8667 0.0000 0.9333 0.0667
D 0.9333 0.0000 1.0000 0.0667
~ 0.0000 0.0667 0.0667 0.1333
~ 0.0667 0.0667 0.1333 0.1333
~ 0.1333 0.0667 0.2000 0.1333
~ 0.2000 0.0667 0.2667 0.1333
G 0.2667 0.0667 0.3333 0.1333
~ 0.3333 0.0667 0.4000 0.1333
~ 0.4000 0.0667 0.4667 0.1333
~ 0.4667 0.0667 0.5333 0.1333
A 0.5333 0.0667 0.6000 0.1333
F 0.6000 0.0667 0.6667 0.1333
E 0.6667 0.0667 0.7333 0.1333
~ 0.7333 0.0667 0.8000 0.1333
I 0.8000 0.0667 0.8667 0.1333
N 0.8667 0.0667 0.9333 0.1333
~ 0.9333 0.0667 1.0000 0.1333
~ 0.0000 0.1333 0.0667 0.2000
~ 0.0667 0.1333 0.1333 0.2000
~ 0.1333 0.1333 0.2000 0.2000
X 0.2000 0.1333 0.2667 0.2000
U 0.2667 0.1333 0.3333 0.2000
~ 0.3333 0.1333 0.4000 0.2000
~ 0.4000 0.1333 0.4667 0.2000
~ 0.4667 0.1333 0.5333 0.2000
J 0.5333 0.1333 0.6000 0.2000
O 0.6000 0.1333 0.6667 0.2000
W 0.6667 0.1333 0.7333 0.2000
~ 0.7333 0.1333 0.8000 0.2000
~ 0.8000 0.1333 0.8667 0.2000
~ 0.8667 0.1333 0.9333 0.2000
~ 0.9333 0.1333 1.0000 0.2000
~ 0.0000 0.2000 0.0667 0.2667
~ 0.0667 0.2000 0.1333 0.2667
~ 0.1333 0.2000 0.2000 0.2667
I 0.2000 0.2000 0.2667 0.2667
N 0.2667 0.2000 0.3333 0.2667
~ 0.3333 0.2000 0.4000 0.2667
~ 0.4000 0.2000 0.4667 0.2667
P 0.4667 0.2000 0.5333 0.2667
E 0.5333 0.2000 0.6000 0.2667
R 0.6000 0.2000 0.6667 0.2667
E 0.6667 0.2000 0.7333 0.2667
S 0.7333 0.2000 0.8000 0.2667
~ 0.8000 0.2000 0.8667 0.2667
~ 0.8667 0.2000 0.9333 0.2667
~ 0.9333 0.2000 1.0000 0.2667
~ 0.0000 0.2667 0.0667 0.3333
~ 0.0667 0.2667 0.1333 0.3333
~ 0.1333 0.2667 0.2000 0.3333
S 0.2000 0.2667 0.2667 0.3333
K 0.2667 0.2667 0.3333 0.3333
A 0.3333 0.2667 0.4000 0.3333
~ 0.4000 0.2667 0.4667 0.3333
O 0.4667 0.2667 0.5333 0.3333
E 0.5333 0.2667 0.6000 0.3333
~ 0.6000 0.2667 0.6667 0.3333
L 0.6667 0.2667 0.7333 0.3333
O 0.7333 0.2667 0.8000 0.3333
~ 0.8000 0.2667 0.8667 0.3333
~ 0.8667 0.2667 0.9333 0.3333
C 0.9333 0.2667 1.0000 0.3333
~ 0.0000 0.3333 0.0667 0.4000
~ 0.0667 0.3333 0.1333 0.4000
~ 0.1333 0.3333 0.2000 0.4000
~ 0.2000 0.3333 0.2667 0.4000
~ 0.2667 0.3333 0.3333 0.4000
F 0.3333 0.3333 0.4000 0.4000
~ 0.4000 0.3333 0.4667 0.4000
W 0.4667 0.3333 0.5333 0.4000
~ 0.5333 0.3333 0.6000 0.4000
~ 0.6000 0.3333 0.6667 0.4000
~ 0.6667 0.3333 0.7333 0.4000
M 0.7333 0.3333 0.8000 0.4000
A 0.8000 0.3333 0.8667 0.4000
U 0.8667 0.3333 0.9333 0.4000
L 0.9333 0.3333 1.0000 0.4000
~ 0.0000 0.4000 0.0667 0.4667
~ 0.0667 0.4000 0.1333 0.4667
~ 0.1333 0.4000 0.2000 0.4667
~ 0.2000 0.4000 0.2667 0.4667
~ 0.2667 0.4000 0.3333 0.4667
T 0.3333 0.4000 0.4000 0.4667
H 0.4000 0.4000 0.4667 0.4667
E 0.4667 0.4000 0.5333 0.4667
~ 0.5333 0.4000 0.6000 0.4667
G 0.6000 0.4000 0.6667 0.4667
R 0.6667 0.4000 0.7333 0.4667
E 0.7333 0.4000 0.8000 0.4667
Y 0.8000 0.4000 0.8667 0.4667
~ 0.8667 0.4000 0.9333 0.4667
O 0.9333 0.4000 1.0000 0.4667
~ 0.0000 0.4667 0.0667 0.5333
~ 0.0667 0.4667 0.1333 0.5333
~ 0.1333 0.4667 0.2000 0.5333
~ 0.2000 0.4667 0.2667 0.5333
~ 0.2667 0.4667 0.3333 0.5333
~ 0.3333 0.4667 0.4000 0.5333
O 0.4000 0.4667 0.4667 0.5333
R 0.4667 0.4667 0.5333 0.5333
~ 0.5333 0.4667 0.6000 0.5333
~ 0.6000 0.4667 0.6667 0.5333
O 0.6667 0.4667 0.7333 0.5333
~ 0.7333 0.4667 0.8000 0.5333
~ 0.8000 0.4667 0.8667 0.5333
~ 0.8667 0.4667 0.9333 0.5333
I 0.9333 0.4667 1.0000 0.5333
~ 0.0000 0.5333 0.0667 0.6000
~ 0.0667 0.5333 0.1333 0.6000
~ 0.1333 0.5333 0.2000 0.6000
~ 0.2000 0.5333 0.2667 0.6000
~ 0.2667 0.5333 0.3333 0.6000
A 0.3333 0.5333 0.4000 0.6000
B 0.4000 0.5333 0.4667 0.6000
~ 0.4667 0.5333 0.5333 0.6000
~ 0.5333 0.5333 0.6000 0.6000
~ 0.6000 0.5333 0.6667 0.6000
Q 0.6667 0.5333 0.7333 0.6000
~ 0.7333 0.5333 0.8000 0.6000
~ 0.8000 0.5333 0.8667 0.6000
~ 0.8667 0.5333 0.9333 0.6000
S 0.9333 0.5333 1.0000 0.6000
~ 0.0000 0.6000 0.0667 0.6667
~ 0.0667 0.6000 0.1333 0.6667
~ 0.1333 0.6000 0.2000 0.6667
~ 0.2000 0.6000 0.2667 0.6667
A 0.2667 0.6000 0.3333 0.6667
G 0.3333 0.6000 0.4000 0.6667
O 0.4000 0.6000 0.4667 0.6667
~ 0.4667 0.6000 0.5333 0.6667
~ 0.5333 0.6000 0.6000 0.6667
~ 0.6000 0.6000 0.6667 0.6667
U 0.6667 0.6000 0.7333 0.6667
~ 0.7333 0.6000 0.8000 0.6667
~ 0.8000 0.6000 0.8667 0.6667
~ 0.8667 0.6000 0.9333 0.6667
T 0.9333 0.6000 1.0000 0.6667
~ 0.0000 0.6667 0.0667 0.7333
~ 0.0667 0.6667 0.1333 0.7333
~ 0.1333 0.6667 0.2000 0.7333
A 0.2000 0.6667 0.2667 0.7333
H 0.2667 0.6667 0.3333 0.7333
I 0.3333 0.6667 0.4000 0.7333
~ 0.4000 0.6667 0.4667 0.7333
~ 0.4667 0.6667 0.5333 0.7333
~ 0.5333 0.6667 0.6000 0.7333
~ 0.6000 0.6667 0.6667 0.7333
W 0.6667 0.6667 0.7333 0.7333
L 0.7333 0.6667 0.8000 0.7333
~ 0.8000 0.6667 0.8667 0.7333
~ 0.8667 0.6667 0.9333 0.7333
E 0.9333 0.6667 1.0000 0.7333
~ 0.0000 0.7333 0.0667 0.8000
~ 0.0667 0.7333 0.1333 0.8000
~ 0.1333 0.7333 0.2000 0.8000
M 0.2000 0.7333 0.2667 0.8000
A 0.2667 0.7333 0.3333 0.8000
T 0.3333 0.7333 0.4000 0.8000
~ 0.4000 0.7333 0.4667 0.8000
B 0.4667 0.7333 0.5333 0.8000
~ 0.5333 0.7333 0.6000 0.8000
~ 0.6000 0.7333 0.6667 0.8000
~ 0.6667 0.7333 0.7333 0.8000
I 0.7333 0.7333 0.8000 0.8000
~ 0.8000 0.7333 0.8667 0.8000
~ 0.8667 0.7333 0.9333 0.8000
R 0.9333 0.7333 1.0000 0.8000
~ 0.0000 0.8000 0.0667 0.8667
Z 0.0667 0.8000 0.1333 0.8667
I 0.1333 0.8000 0.2000 0.8667
P 0.2000 0.8000 0.2667 0.8667
~ 0.2667 0.8000 0.3333 0.8667
~ 0.3333 0.8000 0.4000 0.8667
~ 0.4000 0.8000 0.4667 0.8667
U 0.4667 0.8000 0.5333 0.8667
~ 0.5333 0.8000 0.6000 0.8667
~ 0.6000 0.8000 0.6667 0.8667
~ 0.6667 0.8000 0.7333 0.8667
V 0.7333 0.8000 0.8000 0.8667
E 0.8000 0.8000 0.8667 0.8667
T 0.8667 0.8000 0.9333 0.8667
S 0.9333 0.8000 1.0000 0.8667
~ 0.0000 0.8667 0.0667 0.9333
I 0.0667 0.8667 0.1333 0.9333
~ 0.1333 0.8667 0.2000 0.9333
~ 0.2000 0.8667 0.2667 0.9333
~ 0.2667 0.8667 0.3333 0.9333
T 0.3333 0.8667 0.4000 0.9333
~ 0.4000 0.8667 0.4667 0.9333
N 0.4667 0.8667 0.5333 0.9333
~ 0.5333 0.8667 0.6000 0.9333
~ 0.6000 0.8667 0.6667 0.9333
~ 0.6667 0.8667 0.7333 0.9333
I 0.7333 0.8667 0.8000 0.9333
~ 0.8000 0.8667 0.8667 0.9333
~ 0.8667 0.8667 0.9333 0.9333
~ 0.9333 0.8667 1.0000 0.9333
A 0.0000 0.9333 0.0667 1.0000
N 0.0667 0.9333 0.1333 1.0000
Y 0.1333 0.9333 0.2000 1.0000
~ 0.2000 0.9333 0.2667 1.0000
V 0.2667 0.9333 0.3333 1.0000
E 0.3333 0.9333 0.4000 1.0000
N 0.4000 0.9333 0.4667 1.0000
D 0.4667 0.9333 0.5333 1.0000
~ 0.5333 0.9333 0.6000 1.0000
~ 0.6000 0.9333 0.6667 1.0000
~ 0.6667 0.9333 0.7333 1.0000
D 0.7333 0.9333 0.8000 1.0000
~ 0.8000 0.9333 0.8667 1.0000
~ 0.8667 0.9333 0.9333 1.0000
~ 0.9333 0.9333 1.0000 1.0000
