~ 0.0000 0.0000 0.0667 0.0667
~ 0.0667 0.0000 0.1333 0.0667
~ 0.1333 0.0000 0.2000 0.0667
~ 0.2000 0.0000 0.2667 0.0667
~ 0.2667 0.0000 0.3333 0.0667
~ 0.3333 0.0000 0.4000 0.0667
~ 0.4000 0.0000 0.4667 0.0667
C 0.4667 0.0000 0.5333 0.0667
~ 0.5333 0.0000 0.6000 0.0667
O 0.6000 0.0000 0.6667 0.0667
~ 0.6667 0.0000 0.7333 0.0667
~ 0.7333 0.0000 0.8000 0.0667
~ 0.8000 0.0000 0.8667 0.0667
~ 0.8667 0.0000 0.9333 0.0667
~ 0.9333 0.0000 1.0000 0.0667
~ 0.0000 0.0667 0.0667 0.1333
~ 0.0667 0.0667 0.1333 0.1333
~ 0.1333 0.0667 0.2000 0.1333
~ 0.2000 0.0667 0.2667 0.1333
~ 0.2667 0.0667 0.3333 0.1333
~ 0.3333 0.0667 0.4000 0.1333
~ 0.4000 0.0667 0.4667 0.1333
O 0.4667 0.0667 0.5333 0.1333
~ 0.5333 0.0667 0.6000 0.1333
W 0.6000 0.0667 0.6667 0.1333
E 0.6667 0.0667 0.7333 0.1333
T 0.7333 0.0667 0.8000 0.1333
~ 0.8000 0.0667 0.8667 0.1333
~ 0.8667 0.0667 0.9333 0.1333
~ 0.9333 0.0667 1.0000 0.1333
~ 0.0000 0.1333 0.0667 0.2000
~ 0.0667 0.1333 0.1333 0.2000
~ 0.1333 0.1333 0.2000 0.2000
~ 0.2000 0.1333 0.2667 0.2000
~ 0.2667 0.1333 0.3333 0.2000
~ 0.3333 0.1333 0.4000 0.2000
M 0.4000 0.1333 0.4667 0.2000
O 0.4667 0.1333 0.5333 0.2000
R 0.5333 0.1333 0.6000 0.2000
E 0.6000 0.1333 0.6667 0.2000
~ 0.6667 0.1333 0.7333 0.2000
E 0.7333 0.1333 0.8000 0.2000
F 0.8000 0.1333 0.8667 0.2000
~ 0.8667 0.1333 0.9333 0.2000
~ 0.9333 0.1333 1.0000 0.2000
~ 0.0000 0.2000 0.0667 0.2667
~ 0.0667 0.2000 0.1333 0.2667
~ 0.1333 0.2000 0.2000 0.2667
G 0.2000 0.2000 0.2667 0.2667
A 0.2667 0.2000 0.3333 0.2667
V 0.3333 0.2000 0.4000 0.2667
E 0.4000 0.2000 0.4667 0.2667
L 0.4667 0.2000 0.5333 0.2667
~ 0.5333 0.2000 0.6000 0.2667
~ 0.6000 0.2000 0.6667 0.2667
~ 0.6667 0.2000 0.7333 0.2667
A 0.7333 0.2000 0.8000 0.2667
L 0.8000 0.2000 0.8667 0.2667
~ 0.8667 0.2000 0.9333 0.2667
~ 0.9333 0.2000 1.0000 0.2667
~ 0.0000 0.2667 0.0667 0.3333
~ 0.0667 0.2667 0.1333 0.3333
Q 0.1333 0.2667 0.2000 0.3333
I 0.2000 0.2667 0.2667 0.3333
~ 0.2667 0.2667 0.3333 0.3333
A 0.3333 0.2667 0.4000 0.3333
~ 0.4000 0.2667 0.4667 0.3333
~ 0.4667 0.2667 0.5333 0.3333
~ 0.5333 0.2667 0.6000 0.3333
~ 0.6000 0.2667 0.6667 0.3333
P 0.6667 0.2667 0.7333 0.3333
~ 0.7333 0.2667 0.8000 0.3333
A 0.8000 0.2667 0.8667 0.3333
B 0.8667 0.2667 0.9333 0.3333
~ 0.9333 0.2667 1.0000 0.3333
~ 0.0000 0.3333 0.0667 0.4000
K 0.0667 0.3333 0.1333 0.4000
I 0.1333 0.3333 0.2000 0.4000
N 0.2000 0.3333 0.2667 0.4000
D 0.2667 0.3333 0.3333 0.4000
S 0.3333 0.3333 0.4000 0.4000
~ 0.4000 0.3333 0.4667 0.4000
~ 0.4667 0.3333 0.5333 0.4000
~ 0.5333 0.3333 0.6000 0.4000
H 0.6000 0.3333 0.6667 0.4000
A 0.6667 0.3333 0.7333 0.4000
~ 0.7333 0.3333 0.8000 0.4000
N 0.8000 0.3333 0.8667 0.4000
O 0.8667 0.3333 0.9333 0.4000
W 0.9333 0.3333 1.0000 0.4000
A 0.0000 0.4000 0.0667 0.4667
I 0.0667 0.4000 0.1333 0.4667
I 0.1333 0.4000 0.2000 0.4667
S 0.2000 0.4000 0.2667 0.4667
~ 0.2667 0.4000 0.3333 0.4667
E 0.3333 0.4000 0.4000 0.4667
~ 0.4000 0.4000 0.4667 0.4667
N 0.4667 0.4000 0.5333 0.4667
~ 0.5333 0.4000 0.6000 0.4667
O 0.6000 0.4000 0.6667 0.4667
P 0.6667 0.4000 0.7333 0.4667
~ 0.7333 0.4000 0.8000 0.4667
~ 0.8000 0.4000 0.8667 0.4667
D 0.8667 0.4000 0.9333 0.4667
E 0.9333 0.4000 1.0000 0.4667
Y 0.0000 0.4667 0.0667 0.5333
~ 0.0667 0.4667 0.1333 0.5333
~ 0.1333 0.4667 0.2000 0.5333
T 0.2000 0.4667 0.2667 0.5333
A 0.2667 0.4667 0.3333 0.5333
N 0.3333 0.4667 0.4000 0.5333
N 0.4000 0.4667 0.4667 0.5333
E 0.4667 0.4667 0.5333 0.5333
R 0.5333 0.4667 0.6000 0.5333
Y 0.6000 0.4667 0.6667 0.5333
~ 0.6667 0.4667 0.7333 0.5333
~ 0.7333 0.4667 0.8000 0.5333
D 0.8000 0.4667 0.8667 0.5333
~ 0.8667 0.4667 0.9333 0.5333
F 0.9333 0.4667 1.0000 0.5333
~ 0.0000 0.5333 0.0667 0.6000
~ 0.0667 0.5333 0.1333 0.6000
G 0.1333 0.5333 0.2000 0.6000
~ 0.2000 0.5333 0.2667 0.6000
L 0.2667 0.5333 0.3333 0.6000
~ 0.3333 0.5333 0.4000 0.6000
~ 0.4000 0.5333 0.4667 0.6000
C 0.4667 0.5333 0.5333 0.6000
~ 0.5333 0.5333 0.6000 0.6000
~ 0.6000 0.5333 0.6667 0.6000
~ 0.6667 0.5333 0.7333 0.6000
~ 0.7333 0.5333 0.8000 0.6000
J 0.8000 0.5333 0.8667 0.6000
E 0.8667 0.5333 0.9333 0.6000
T 0.9333 0.5333 1.0000 0.6000
~ 0.0000 0.6000 0.0667 0.6667
E 0.0667 0.6000 0.1333 0.6667
L 0.1333 0.6000 0.2000 0.6667
~ 0.2000 0.6000 0.2667 0.6667
I 0.2667 0.6000 0.3333 0.6667
D 0.3333 0.6000 0.4000 0.6667
~ 0.4000 0.6000 0.4667 0.6667
~ 0.4667 0.6000 0.5333 0.6667
~ 0.5333 0.6000 0.6000 0.6667
V 0.6000 0.6000 0.6667 0.6667
~ 0.6667 0.6000 0.7333 0.6667
~ 0.7333 0.6000 0.8000 0.6667
I 0.8000 0.6000 0.8667 0.6667
~ 0.8667 0.6000 0.9333 0.6667
~ 0.9333 0.6000 1.0000 0.6667
~ 0.0000 0.6667 0.0667 0.7333
X 0.0667 0.6667 0.1333 0.7333
I 0.1333 0.6667 0.2000 0.7333
~ 0.2000 0.6667 0.2667 0.7333
~ 0.2667 0.6667 0.3333 0.7333
O 0.3333 0.6667 0.4000 0.7333
~ 0.4000 0.6667 0.4667 0.7333
T 0.4667 0.6667 0.5333 0.7333
~ 0.5333 0.6667 0.6000 0.7333
O 0.6000 0.6667 0.6667 0.7333
~ 0.6667 0.6667 0.7333 0.7333
U 0.7333 0.6667 0.8000 0.7333
N 0.8000 0.6667 0.8667 0.7333
~ 0.8667 0.6667 0.9333 0.7333
~ 0.9333 0.6667 1.0000 0.7333
~ 0.0000 0.7333 0.0667 0.8000
~ 0.0667 0.7333 0.1333 0.8000
T 0.1333 0.7333 0.2000 0.8000
~ 0.2000 0.7333 0.2667 0.8000
G 0.2667 0.7333 0.3333 0.8000
~ 0.3333 0.7333 0.4000 0.8000
~ 0.4000 0.7333 0.4667 0.8000
I 0.4667 0.7333 0.5333 0.8000
~ 0.5333 0.7333 0.6000 0.8000
I 0.6000 0.7333 0.6667 0.8000
~ 0.6667 0.7333 0.7333 0.8000
M 0.7333 0.7333 0.8000 0.8000
~ 0.8000 0.7333 0.8667 0.8000
~ 0.8667 0.7333 0.9333 0.8000
~ 0.9333 0.7333 1.0000 0.8000
~ 0.0000 0.8000 0.0667 0.8667
~ 0.0667 0.8000 0.1333 0.8667
Z 0.1333 0.8000 0.2000 0.8667
A 0.2000 0.8000 0.2667 0.8667
S 0.2667 0.8000 0.3333 0.8667
~ 0.3333 0.8000 0.4000 0.8667
T 0.4000 0.8000 0.4667 0.8667
E 0.4667 0.8000 0.5333 0.8667
A 0.5333 0.8000 0.6000 0.8667
R 0.6000 0.8000 0.6667 0.8667
~ 0.6667 0.8000 0.7333 0.8667
~ 0.7333 0.8000 0.8000 0.8667
~ 0.8000 0.8000 0.8667 0.8667
~ 0.8667 0.8000 0.9333 0.8667
~ 0.9333 0.8000 1.0000 0.8667
E 0.0000 0.8667 0.0667 0.9333
R 0.0667 0.8667 0.1333 0.9333
~ 0.1333 0.8667 0.2000 0.9333
B 0.2000 0.8667 0.2667 0.9333
~ 0.2667 0.8667 0.3333 0.9333
~ 0.3333 0.8667 0.4000 0.9333
~ 0.4000 0.8667 0.4667 0.9333
S 0.4667 0.8667 0.5333 0.9333
~ 0.5333 0.8667 0.6000 0.9333
~ 0.6000 0.8667 0.6667 0.9333
~ 0.6667 0.8667 0.7333 0.9333
~ 0.7333 0.8667 0.8000 0.9333
~ 0.8000 0.8667 0.8667 0.9333
~ 0.8667 0.8667 0.9333 0.9333
~ 0.9333 0.8667 1.0000 0.9333
H 0.0000 0.9333 0.0667 1.0000
E 0.0667 0.9333 0.1333 1.0000
R 0.1333 0.9333 0.2000 1.0000
O 0.2000 0.9333 0.2667 1.0000
~ 0.2667 0.9333 0.3333 1.0000
~ 0.3333 0.9333 0.4000 1.0000
~ 0.4000 0.9333 0.4667 1.0000
~ 0.4667 0.9333 0.5333 1.0000
~ 0.5333 0.9333 0.6000 1.0000
~ 0.6000 0.9333 0.6667 1.0000
~ 0.6667 0.9333 0.7333 1.0000
~ 0.7333 0.9333 0.8000 1.0000
~ 0.8000 0.9333 0.8667 1.0000
~ 0.8667 0.9333 0.9333 1.0000
~ 0.9333 0.9333 1.0000 1.0000
