P 0.0000 0.0000 0.0667 0.0667
E 0.0667 0.0000 0.1333 0.0667
N 0.1333 0.0000 0.2000 0.0667
N 0.2000 0.0000 0.2667 0.0667
E 0.2667 0.0000 0.3333 0.0667
~ 0.3333 0.0000 0.4000 0.0667
~ 0.4000 0.0000 0.4667 0.0667
D 0.4667 0.0000 0.5333 0.0667
A 0.5333 0.0000 0.6000 0.0667
T 0.6000 0.0000 0.6667 0.0667
I 0.6667 0.0000 0.7333 0.0667
V 0.7333 0.0000 0.8000 0.0667
E 0.8000 0.0000 0.8667 0.0667
~ 0.8667 0.0000 0.9333 0.0667
I 0.9333 0.0000 1.0000 0.0667
~ 0.0000 0.0667 0.0667 0.1333
T 0.0667 0.0667 0.1333 0.1333
A 0.1333 0.0667 0.2000 0.1333
U 0.2000 0.0667 0.2667 0.1333
R 0.2667 0.0667 0.3333 0.1333
I 0.3333 0.0667 0.4000 0.1333
N 0.4000 0.0667 0.4667 0.1333
E 0.4667 0.0667 0.5333 0.1333
~ 0.5333 0.0667 0.6000 0.1333
~ 0.6000 0.0667 0.6667 0.1333
~ 0.6667 0.0667 0.7333 0.1333
O 0.7333 0.0667 0.8000 0.1333
~ 0.8000 0.0667 0.8667 0.1333
J 0.8667 0.0667 0.9333 0.1333
O 0.9333 0.0667 1.0000 0.1333
~ 0.0000 0.1333 0.0667 0.2000
~ 0.0667 0.1333 0.1333 0.2000
~ 0.1333 0.1333 0.2000 0.2000
~ 0.2000 0.1333 0.2667 0.2000
~ 0.2667 0.1333 0.3333 0.2000
~ 0.3333 0.1333 0.4000 0.2000
~ 0.4000 0.1333 0.4667 0.2000
~ 0.4667 0.1333 0.5333 0.2000
~ 0.5333 0.1333 0.6000 0.2000
~ 0.6000 0.1333 0.6667 0.2000
~ 0.6667 0.1333 0.7333 0.2000
I 0.7333 0.1333 0.8000 0.2000
~ 0.8000 0.1333 0.8667 0.2000
I 0.8667 0.1333 0.9333 0.2000
N 0.9333 0.1333 1.0000 0.2000
~ 0.0000 0.2000 0.0667 0.2667
~ 0.0667 0.2000 0.1333 0.2667
~ 0.1333 0.2000 0.2000 0.2667
~ 0.2000 0.2000 0.2667 0.2667
S 0.2667 0.2000 0.3333 0.2667
O 0.3333 0.2000 0.4000 0.2667
R 0.4000 0.2000 0.4667 0.2667
A 0.4667 0.2000 0.5333 0.2667
L 0.5333 0.2000 0.6000 0.2667
~ 0.6000 0.2000 0.6667 0.2667
I 0.6667 0.2000 0.7333 0.2667
C 0.7333 0.2000 0.8000 0.2667
~ 0.8000 0.2000 0.8667 0.2667
V 0.8667 0.2000 0.9333 0.2667
~ 0.9333 0.2000 1.0000 0.2667
~ 0.0000 0.2667 0.0667 0.3333
~ 0.0667 0.2667 0.1333 0.3333
~ 0.1333 0.2667 0.2000 0.3333
~ 0.2000 0.2667 0.2667 0.3333
~ 0.2667 0.2667 0.3333 0.3333
~ 0.3333 0.2667 0.4000 0.3333
~ 0.4000 0.2667 0.4667 0.3333
~ 0.4667 0.2667 0.5333 0.3333
~ 0.5333 0.2667 0.6000 0.3333
~ 0.6000 0.2667 0.6667 0.3333
~ 0.6667 0.2667 0.7333 0.3333
E 0.7333 0.2667 0.8000 0.3333
M 0.8000 0.2667 0.8667 0.3333
E 0.8667 0.2667 0.9333 0.3333
~ 0.9333 0.2667 1.0000 0.3333
~ 0.0000 0.3333 0.0667 0.4000
A 0.0667 0.3333 0.1333 0.4000
G 0.1333 0.3333 0.2000 0.4000
~ 0.2000 0.3333 0.2667 0.4000
~ 0.2667 0.3333 0.3333 0.4000
B 0.3333 0.3333 0.4000 0.4000
A 0.4000 0.3333 0.4667 0.4000
W 0.4667 0.3333 0.5333 0.4000
D 0.5333 0.3333 0.6000 0.4000
~ 0.6000 0.3333 0.6667 0.4000
Q 0.6667 0.3333 0.7333 0.4000
~ 0.7333 0.3333 0.8000 0.4000
A 0.8000 0.3333 0.8667 0.4000
R 0.8667 0.3333 0.9333 0.4000
M 0.9333 0.3333 1.0000 0.4000
~ 0.0000 0.4000 0.0667 0.4667
W 0.0667 0.4000 0.1333 0.4667
O 0.1333 0.4000 0.2000 0.4667
R 0.2000 0.4000 0.2667 0.4667
D 0.2667 0.4000 0.3333 0.4667
I 0.3333 0.4000 0.4000 0.4667
~ 0.4000 0.4000 0.4667 0.4667
H 0.4667 0.4000 0.5333 0.4667
~ 0.5333 0.4000 0.6000 0.4667
~ 0.6000 0.4000 0.6667 0.4667
I 0.6667 0.4000 0.7333 0.4667
~ 0.7333 0.4000 0.8000 0.4667
L 0.8000 0.4000 0.8667 0.4667
~ 0.8667 0.4000 0.9333 0.4667
A 0.9333 0.4000 1.0000 0.4667
G 0.0000 0.4667 0.0667 0.5333
~ 0.0667 0.4667 0.1333 0.5333
~ 0.1333 0.4667 0.2000 0.5333
~ 0.2000 0.4667 0.2667 0.5333
~ 0.2667 0.4667 0.3333 0.5333
~ 0.3333 0.4667 0.4000 0.5333
~ 0.4000 0.4667 0.4667 0.5333
E 0.4667 0.4667 0.5333 0.5333
F 0.5333 0.4667 0.6000 0.5333
F 0.6000 0.4667 0.6667 0.5333
S 0.6667 0.4667 0.7333 0.5333
~ 0.7333 0.4667 0.8000 0.5333
T 0.8000 0.4667 0.8667 0.5333
~ 0.8667 0.4667 0.9333 0.5333
X 0.9333 0.4667 1.0000 0.5333
E 0.0000 0.5333 0.0667 0.6000
~ 0.0667 0.5333 0.1333 0.6000
E 0.1333 0.5333 0.2000 0.6000
~ 0.2000 0.5333 0.2667 0.6000
~ 0.2667 0.5333 0.3333 0.6000
P 0.3333 0.5333 0.4000 0.6000
U 0.4000 0.5333 0.4667 0.6000
N 0.4667 0.5333 0.5333 0.6000
A 0.5333 0.5333 0.6000 0.6000
~ 0.6000 0.5333 0.6667 0.6000
~ 0.6667 0.5333 0.7333 0.6000
~ 0.7333 0.5333 0.8000 0.6000
O 0.8000 0.5333 0.8667 0.6000
~ 0.8667 0.5333 0.9333 0.6000
I 0.9333 0.5333 1.0000 0.6000
C 0.0000 0.6000 0.0667 0.6667
A 0.0667 0.6000 0.1333 0.6667
N 0.1333 0.6000 0.2000 0.6667
D 0.2000 0.6000 0.2667 0.6667
L 0.2667 0.6000 0.3333 0.6667
E 0.3333 0.6000 0.4000 0.6667
S 0.4000 0.6000 0.4667 0.6667
~ 0.4667 0.6000 0.5333 0.6667
G 0.5333 0.6000 0.6000 0.6667
R 0.6000 0.6000 0.6667 0.6667
O 0.6667 0.6000 0.7333 0.6667
T 0.7333 0.6000 0.8000 0.6667
S 0.8000 0.6000 0.8667 0.6667
~ 0.8667 0.6000 0.9333 0.6667
~ 0.9333 0.6000 1.0000 0.6667
K 0.0000 0.6667 0.0667 0.7333
~ 0.0667 0.6667 0.1333 0.7333
T 0.1333 0.6667 0.2000 0.7333
~ 0.2000 0.6667 0.2667 0.7333
U 0.2667 0.6667 0.3333 0.7333
~ 0.3333 0.6667 0.4000 0.7333
~ 0.4000 0.6667 0.4667 0.7333
~ 0.4667 0.6667 0.5333 0.7333
~ 0.5333 0.6667 0.6000 0.7333
E 0.6000 0.6667 0.6667 0.7333
H 0.6667 0.6667 0.7333 0.7333
~ 0.7333 0.6667 0.8000 0.7333
E 0.8000 0.6667 0.8667 0.7333
~ 0.8667 0.6667 0.9333 0.7333
~ 0.9333 0.6667 1.0000 0.7333
~ 0.0000 0.7333 0.0667 0.8000
~ 0.0667 0.7333 0.1333 0.8000
R 0.1333 0.7333 0.2000 0.8000
~ 0.2000 0.7333 0.2667 0.8000
T 0.2667 0.7333 0.3333 0.8000
~ 0.3333 0.7333 0.4000 0.8000
~ 0.4000 0.7333 0.4667 0.8000
~ 0.4667 0.7333 0.5333 0.8000
~ 0.5333 0.7333 0.6000 0.8000
B 0.6000 0.7333 0.6667 0.8000
O 0.6667 0.7333 0.7333 0.8000
Y 0.7333 0.7333 0.8000 0.8000
~ 0.8000 0.7333 0.8667 0.8000
~ 0.8667 0.7333 0.9333 0.8000
~ 0.9333 0.7333 1.0000 0.8000
~ 0.0000 0.8000 0.0667 0.8667
~ 0.0667 0.8000 0.1333 0.8667
Y 0.1333 0.8000 0.2000 0.8667
~ 0.2000 0.8000 0.2667 0.8667
Z 0.2667 0.8000 0.3333 0.8667
~ 0.3333 0.8000 0.4000 0.8667
~ 0.4000 0.8000 0.4667 0.8667
~ 0.4667 0.8000 0.5333 0.8667
~ 0.5333 0.8000 0.6000 0.8667
~ 0.6000 0.8000 0.6667 0.8667
~ 0.6667 0.8000 0.7333 0.8667
~ 0.7333 0.8000 0.8000 0.8667
~ 0.8000 0.8000 0.8667 0.8667
~ 0.8667 0.8000 0.9333 0.8667
~ 0.9333 0.8000 1.0000 0.8667
~ 0.0000 0.8667 0.0667 0.9333
~ 0.0667 0.8667 0.1333 0.9333
~ 0.1333 0.8667 0.2000 0.9333
~ 0.2000 0.8667 0.2667 0.9333
~ 0.2667 0.8667 0.3333 0.9333
~ 0.3333 0.8667 0.4000 0.9333
~ 0.4000 0.8667 0.4667 0.9333
~ 0.4667 0.8667 0.5333 0.9333
~ 0.5333 0.8667 0.6000 0.9333
~ 0.6000 0.8667 0.6667 0.9333
~ 0.6667 0.8667 0.7333 0.9333
~ 0.7333 0.8667 0.8000 0.9333
~ 0.8000 0.8667 0.8667 0.9333
~ 0.8667 0.8667 0.9333 0.9333
~ 0.9333 0.8667 1.0000 0.9333
~ 0.0000 0.9333 0.0667 1.0000
~ 0.0667 0.9333 0.1333 1.0000
~ 0.1333 0.9333 0.2000 1.0000
~ 0.2000 0.9333 0.2667 1.0000
~ 0.2667 0.9333 0.3333 1.0000
~ 0.3333 0.9333 0.4000 1.0000
~ 0.4000 0.9333 0.4667 1.0000
~ 0.4667 0.9333 0.5333 1.0000
~ 0.5333 0.9333 0.6000 1.0000
~ 0.6000 0.9333 0.6667 1.0000
~ 0.6667 0.9333 0.7333 1.0000
~ 0.7333 0.9333 0.8000 1.0000
~ 0.8000 0.9333 0.8667 1.0000
~ 0.8667 0.9333 0.9333 1.0000
~ 0.9333 0.9333 1.0000 1.0000
