~ 0.0000 0.0000 0.0667 0.0667
U 0.0667 0.0000 0.1333 0.0667
~ 0.1333 0.0000 0.2000 0.0667
~ 0.2000 0.0000 0.2667 0.0667
~ 0.2667 0.0000 0.3333 0.0667
~ 0.3333 0.0000 0.4000 0.0667
~ 0.4000 0.0000 0.4667 0.0667
Z 0.4667 0.0000 0.5333 0.0667
A 0.5333 0.0000 0.6000 0.0667
~ 0.6000 0.0000 0.6667 0.0667
~ 0.6667 0.0000 0.7333 0.0667
~ 0.7333 0.0000 0.8000 0.0667
~ 0.8000 0.0000 0.8667 0.0667
~ 0.8667 0.0000 0.9333 0.0667
~ 0.9333 0.0000 1.0000 0.0667
S 0.0000 0.0667 0.0667 0.1333
H 0.0667 0.0667 0.1333 0.1333
A 0.1333 0.0667 0.2000 0.1333
W 0.2000 0.0667 0.2667 0.1333
~ 0.2667 0.0667 0.3333 0.1333
~ 0.3333 0.0667 0.4000 0.1333
~ 0.4000 0.0667 0.4667 0.1333
E 0.4667 0.0667 0.5333 0.1333
X 0.5333 0.0667 0.6000 0.1333
~ 0.6000 0.0667 0.6667 0.1333
~ 0.6667 0.0667 0.7333 0.1333
~ 0.7333 0.0667 0.8000 0.1333
~ 0.8000 0.0667 0.8667 0.1333
~ 0.8667 0.0667 0.9333 0.1333
~ 0.9333 0.0667 1.0000 0.1333
U 0.0000 0.1333 0.0667 0.2000
~ 0.0667 0.1333 0.1333 0.2000
W 0.1333 0.1333 0.2000 0.2000
O 0.2000 0.1333 0.2667 0.2000
~ 0.2667 0.1333 0.3333 0.2000
~ 0.3333 0.1333 0.4000 0.2000
~ 0.4000 0.1333 0.4667 0.2000
N 0.4667 0.1333 0.5333 0.2000
~ 0.5333 0.1333 0.6000 0.2000
~ 0.6000 0.1333 0.6667 0.2000
~ 0.6667 0.1333 0.7333 0.2000
R 0.7333 0.1333 0.8000 0.2000
~ 0.8000 0.1333 0.8667 0.2000
~ 0.8667 0.1333 0.9333 0.2000
~ 0.9333 0.1333 1.0000 0.2000
Q 0.0000 0.2000 0.0667 0.2667
I 0.0667 0.2000 0.1333 0.2667
~ 0.1333 0.2000 0.2000 0.2667
V 0.2000 0.2000 0.2667 0.2667
~ 0.2667 0.2000 0.3333 0.2667
~ 0.3333 0.2000 0.4000 0.2667
~ 0.4000 0.2000 0.4667 0.2667
D 0.4667 0.2000 0.5333 0.2667
~ 0.5333 0.2000 0.6000 0.2667
~ 0.6000 0.2000 0.6667 0.2667
K 0.6667 0.2000 0.7333 0.2667
A 0.7333 0.2000 0.8000 0.2667
~ 0.8000 0.2000 0.8667 0.2667
~ 0.8667 0.2000 0.9333 0.2667
J 0.9333 0.2000 1.0000 0.2667
~ 0.0000 0.2667 0.0667 0.3333
C 0.0667 0.2667 0.1333 0.3333
~ 0.1333 0.2667 0.2000 0.3333
E 0.2000 0.2667 0.2667 0.3333
D 0.2667 0.2667 0.3333 0.3333
~ 0.3333 0.2667 0.4000 0.3333
G 0.4000 0.2667 0.4667 0.3333
O 0.4667 0.2667 0.5333 0.3333
R 0.5333 0.2667 0.6000 0.3333
~ 0.6000 0.2667 0.6667 0.3333
A 0.6667 0.2667 0.7333 0.3333
T 0.7333 0.2667 0.8000 0.3333
~ 0.8000 0.2667 0.8667 0.3333
~ 0.8667 0.2667 0.9333 0.3333
A 0.9333 0.2667 1.0000 0.3333
~ 0.0000 0.3333 0.0667 0.4000
I 0.0667 0.3333 0.1333 0.4000
~ 0.1333 0.3333 0.2000 0.4000
~ 0.2000 0.3333 0.2667 0.4000
O 0.2667 0.3333 0.3333 0.4000
H 0.3333 0.3333 0.4000 0.4000
O 0.4000 0.3333 0.4667 0.4000
~ 0.4667 0.3333 0.5333 0.4000
~ 0.5333 0.3333 0.6000 0.4000
B 0.6000 0.3333 0.6667 0.4000
E 0.6667 0.3333 0.7333 0.4000
T 0.7333 0.3333 0.8000 0.4000
~ 0.8000 0.3333 0.8667 0.4000
~ 0.8667 0.3333 0.9333 0.4000
M 0.9333 0.3333 1.0000 0.4000
~ 0.0000 0.4000 0.0667 0.4667
N 0.0667 0.4000 0.1333 0.4667
~ 0.1333 0.4000 0.2000 0.4667
~ 0.2000 0.4000 0.2667 0.4667
L 0.2667 0.4000 0.3333 0.4667
O 0.3333 0.4000 0.4000 0.4667
O 0.4000 0.4000 0.4667 0.4667
P 0.4667 0.4000 0.5333 0.4667
~ 0.5333 0.4000 0.6000 0.4667
E 0.6000 0.4000 0.6667 0.4667
~ 0.6667 0.4000 0.7333 0.4667
I 0.7333 0.4000 0.8000 0.4667
~ 0.8000 0.4000 0.8667 0.4667
~ 0.8667 0.4000 0.9333 0.4667
M 0.9333 0.4000 1.0000 0.4667
A 0.0000 0.4667 0.0667 0.5333
G 0.0667 0.4667 0.1333 0.5333
~ 0.1333 0.4667 0.2000 0.5333
~ 0.2000 0.4667 0.2667 0.5333
E 0.2667 0.4667 0.3333 0.5333
~ 0.3333 0.4667 0.4000 0.5333
F 0.4000 0.4667 0.4667 0.5333
A 0.4667 0.4667 0.5333 0.5333
T 0.5333 0.4667 0.6000 0.5333
E 0.6000 0.4667 0.6667 0.5333
~ 0.6667 0.4667 0.7333 0.5333
E 0.7333 0.4667 0.8000 0.5333
N 0.8000 0.4667 0.8667 0.5333
V 0.8667 0.4667 0.9333 0.5333
Y 0.9333 0.4667 1.0000 0.5333
I 0.0000 0.5333 0.0667 0.6000
~ 0.0667 0.5333 0.1333 0.6000
N 0.1333 0.5333 0.2000 0.6000
~ 0.2000 0.5333 0.2667 0.6000
~ 0.2667 0.5333 0.3333 0.6000
~ 0.3333 0.5333 0.4000 0.6000
~ 0.4000 0.5333 0.4667 0.6000
C 0.4667 0.5333 0.5333 0.6000
I 0.5333 0.5333 0.6000 0.6000
T 0.6000 0.5333 0.6667 0.6000
E 0.6667 0.5333 0.7333 0.6000
R 0.7333 0.5333 0.8000 0.6000
~ 0.8000 0.5333 0.8667 0.6000
~ 0.8667 0.5333 0.9333 0.6000
~ 0.9333 0.5333 1.0000 0.6000
L 0.0000 0.6000 0.0667 0.6667
~ 0.0667 0.6000 0.1333 0.6667
A 0.1333 0.6000 0.2000 0.6667
~ 0.2000 0.6000 0.2667 0.6667
O 0.2667 0.6000 0.3333 0.6667
N 0.3333 0.6000 0.4000 0.6667
I 0.4000 0.6000 0.4667 0.6667
E 0.4667 0.6000 0.5333 0.6667
S 0.5333 0.6000 0.6000 0.6667
~ 0.6000 0.6000 0.6667 0.6667
~ 0.6667 0.6000 0.7333 0.6667
~ 0.7333 0.6000 0.8000 0.6667
~ 0.8000 0.6000 0.8667 0.6667
~ 0.8667 0.6000 0.9333 0.6667
~ 0.9333 0.6000 1.0000 0.6667
~ 0.0000 0.6667 0.0667 0.7333
~ 0.0667 0.6667 0.1333 0.7333
Y 0.1333 0.6667 0.2000 0.7333
I 0.2000 0.6667 0.2667 0.7333
D 0.2667 0.6667 0.3333 0.7333
~ 0.3333 0.6667 0.4000 0.7333
~ 0.4000 0.6667 0.4667 0.7333
~ 0.4667 0.6667 0.5333 0.7333
~ 0.5333 0.6667 0.6000 0.7333
U 0.6000 0.6667 0.6667 0.7333
L 0.6667 0.6667 0.7333 0.7333
U 0.7333 0.6667 0.8000 0.7333
~ 0.8000 0.6667 0.8667 0.7333
~ 0.8667 0.6667 0.9333 0.7333
~ 0.9333 0.6667 1.0000 0.7333
~ 0.0000 0.7333 0.0667 0.8000
~ 0.0667 0.7333 0.1333 0.8000
~ 0.1333 0.7333 0.2000 0.8000
T 0.2000 0.7333 0.2667 0.8000
A 0.2667 0.7333 0.3333 0.8000
I 0.3333 0.7333 0.4000 0.8000
L 0.4000 0.7333 0.4667 0.8000
O 0.4667 0.7333 0.5333 0.8000
R 0.5333 0.7333 0.6000 0.8000
~ 0.6000 0.7333 0.6667 0.8000
~ 0.6667 0.7333 0.7333 0.8000
~ 0.7333 0.7333 0.8000 0.8000
~ 0.8000 0.7333 0.8667 0.8000
~ 0.8667 0.7333 0.9333 0.8000
~ 0.9333 0.7333 1.0000 0.8000
~ 0.0000 0.8000 0.0667 0.8667
~ 0.0667 0.8000 0.1333 0.8667
~ 0.1333 0.8000 0.2000 0.8667
~ 0.2000 0.8000 0.2667 0.8667
~ 0.2667 0.8000 0.3333 0.8667
~ 0.3333 0.8000 0.4000 0.8667
~ 0.4000 0.8000 0.4667 0.8667
P 0.4667 0.8000 0.5333 0.8667
~ 0.5333 0.8000 0.6000 0.8667
~ 0.6000 0.8000 0.6667 0.8667
~ 0.6667 0.8000 0.7333 0.8667
~ 0.7333 0.8000 0.8000 0.8667
~ 0.8000 0.8000 0.8667 0.8667
~ 0.8667 0.8000 0.9333 0.8667
~ 0.9333 0.8000 1.0000 0.8667
~ 0.0000 0.8667 0.0667 0.9333
~ 0.0667 0.8667 0.1333 0.9333
B 0.1333 0.8667 0.2000 0.9333
R 0.2000 0.8667 0.2667 0.9333
I 0.2667 0.8667 0.3333 0.9333
D 0.3333 0.8667 0.4000 0.9333
G 0.4000 0.8667 0.4667 0.9333
E 0.4667 0.8667 0.5333 0.9333
~ 0.5333 0.8667 0.6000 0.9333
~ 0.6000 0.8667 0.6667 0.9333
~ 0.6667 0.8667 0.7333 0.9333
~ 0.7333 0.8667 0.8000 0.9333
~ 0.8000 0.8667 0.8667 0.9333
~ 0.8667 0.8667 0.9333 0.9333
~ 0.9333 0.8667 1.0000 0.9333
~ 0.0000 0.9333 0.0667 1.0000
~ 0.0667 0.9333 0.1333 1.0000
~ 0.1333 0.9333 0.2000 1.0000
~ 0.2000 0.9333 0.2667 1.0000
~ 0.2667 0.9333 0.3333 1.0000
~ 0.3333 0.9333 0.4000 1.0000
~ 0.4000 0.9333 0.4667 1.0000
N 0.4667 0.9333 0.5333 1.0000
E 0.5333 0.9333 0.6000 1.0000
S 0.6000 0.9333 0.6667 1.0000
T 0.6667 0.9333 0.7333 1.0000
E 0.7333 0.9333 0.8000 1.0000
R 0.8000 0.9333 0.8667 1.0000
S 0.8667 0.9333 0.9333 1.0000
~ 0.9333 0.9333 1.0000 1.0000
