~ 0.0000 0.0000 0.0667 0.0667
~ 0.0667 0.0000 0.1333 0.0667
~ 0.1333 0.0000 0.2000 0.0667
~ 0.2000 0.0000 0.2667 0.0667
~ 0.2667 0.0000 0.3333 0.0667
~ 0.3333 0.0000 0.4000 0.0667
~ 0.4000 0.0000 0.4667 0.0667
~ 0.4667 0.0000 0.5333 0.0667
~ 0.5333 0.0000 0.6000 0.0667
~ 0.6000 0.0000 0.6667 0.0667
~ 0.6667 0.0000 0.7333 0.0667
P 0.7333 0.0000 0.8000 0.0667
L 0.8000 0.0000 0.8667 0.0667
O 0.8667 0.0000 0.9333 0.0667
Y 0.9333 0.0000 1.0000 0.0667
~ 0.0000 0.0667 0.0667 0.1333
~ 0.0667 0.0667 0.1333 0.1333
~ 0.1333 0.0667 0.2000 0.1333
~ 0.2000 0.0667 0.2667 0.1333
~ 0.2667 0.0667 0.3333 0.1333
~ 0.3333 0.0667 0.4000 0.1333
~ 0.4000 0.0667 0.4667 0.1333
~ 0.4667 0.0667 0.5333 0.1333
~ 0.5333 0.0667 0.6000 0.1333
K 0.6000 0.0667 0.6667 0.1333
O 0.6667 0.0667 0.7333 0.1333
R 0.7333 0.0667 0.8000 0.1333
A 0.8000 0.0667 0.8667 0.1333
I 0.8667 0.0667 0.9333 0.1333
~ 0.9333 0.0667 1.0000 0.1333
~ 0.0000 0.1333 0.0667 0.2000
~ 0.0667 0.1333 0.1333 0.2000
~ 0.1333 0.1333 0.2000 0.2000
~ 0.2000 0.1333 0.2667 0.2000
~ 0.2667 0.1333 0.3333 0.2000
~ 0.3333 0.1333 0.4000 0.2000
~ 0.4000 0.1333 0.4667 0.2000
~ 0.4667 0.1333 0.5333 0.2000
~ 0.5333 0.1333 0.6000 0.2000
~ 0.6000 0.1333 0.6667 0.2000
F 0.6667 0.1333 0.7333 0.2000
E 0.7333 0.1333 0.8000 0.2000
D 0.8000 0.1333 0.8667 0.2000
~ 0.8667 0.1333 0.9333 0.2000
~ 0.9333 0.1333 1.0000 0.2000
~ 0.0000 0.2000 0.0667 0.2667
~ 0.0667 0.2000 0.1333 0.2667
~ 0.1333 0.2000 0.2000 0.2667
~ 0.2000 0.2000 0.2667 0.2667
~ 0.2667 0.2000 0.3333 0.2667
~ 0.3333 0.2000 0.4000 0.2667
~ 0.4000 0.2000 0.4667 0.2667
~ 0.4667 0.2000 0.5333 0.2667
~ 0.5333 0.2000 0.6000 0.2667
~ 0.6000 0.2000 0.6667 0.2667
~ 0.6667 0.2000 0.7333 0.2667
X 0.7333 0.2000 0.8000 0.2667
~ 0.8000 0.2000 0.8667 0.2667
~ 0.8667 0.2000 0.9333 0.2667
~ 0.9333 0.2000 1.0000 0.2667
~ 0.0000 0.2667 0.0667 0.3333
~ 0.0667 0.2667 0.1333 0.3333
~ 0.1333 0.2667 0.2000 0.3333
~ 0.2000 0.2667 0.2667 0.3333
~ 0.2667 0.2667 0.3333 0.3333
~ 0.3333 0.2667 0.4000 0.3333
~ 0.4000 0.2667 0.4667 0.3333
~ 0.4667 0.2667 0.5333 0.3333
~ 0.5333 0.2667 0.6000 0.3333
~ 0.6000 0.2667 0.6667 0.3333
J 0.6667 0.2667 0.7333 0.3333
I 0.7333 0.2667 0.8000 0.3333
G 0.8000 0.2667 0.8667 0.3333
S 0.8667 0.2667 0.9333 0.3333
~ 0.9333 0.2667 1.0000 0.3333
~ 0.0000 0.3333 0.0667 0.4000
~ 0.0667 0.3333 0.1333 0.4000
~ 0.1333 0.3333 0.2000 0.4000
~ 0.2000 0.3333 0.2667 0.4000
~ 0.2667 0.3333 0.3333 0.4000
~ 0.3333 0.3333 0.4000 0.4000
~ 0.4000 0.3333 0.4667 0.4000
~ 0.4667 0.3333 0.5333 0.4000
~ 0.5333 0.3333 0.6000 0.4000
W 0.6000 0.3333 0.6667 0.4000
~ 0.6667 0.3333 0.7333 0.4000
E 0.7333 0.3333 0.8000 0.4000
~ 0.8000 0.3333 0.8667 0.4000
Q 0.8667 0.3333 0.9333 0.4000
I 0.9333 0.3333 1.0000 0.4000
~ 0.0000 0.4000 0.0667 0.4667
~ 0.0667 0.4000 0.1333 0.4667
~ 0.1333 0.4000 0.2000 0.4667
~ 0.2000 0.4000 0.2667 0.4667
~ 0.2667 0.4000 0.3333 0.4667
~ 0.3333 0.4000 0.4000 0.4667
~ 0.4000 0.4000 0.4667 0.4667
~ 0.4667 0.4000 0.5333 0.4667
B 0.5333 0.4000 0.6000 0.4667
A 0.6000 0.4000 0.6667 0.4667
H 0.6667 0.4000 0.7333 0.4667
S 0.7333 0.4000 0.8000 0.4667
~ 0.8000 0.4000 0.8667 0.4667
U 0.8667 0.4000 0.9333 0.4667
N 0.9333 0.4000 1.0000 0.4667
~ 0.0000 0.4667 0.0667 0.5333
~ 0.0667 0.4667 0.1333 0.5333
~ 0.1333 0.4667 0.2000 0.5333
~ 0.2000 0.4667 0.2667 0.5333
~ 0.2667 0.4667 0.3333 0.5333
~ 0.3333 0.4667 0.4000 0.5333
~ 0.4000 0.4667 0.4667 0.5333
H 0.4667 0.4667 0.5333 0.5333
U 0.5333 0.4667 0.6000 0.5333
I 0.6000 0.4667 0.6667 0.5333
A 0.6667 0.4667 0.7333 0.5333
~ 0.7333 0.4667 0.8000 0.5333
C 0.8000 0.4667 0.8667 0.5333
A 0.8667 0.4667 0.9333 0.5333
N 0.9333 0.4667 1.0000 0.5333
~ 0.0000 0.5333 0.0667 0.6000
~ 0.0667 0.5333 0.1333 0.6000
~ 0.1333 0.5333 0.2000 0.6000
~ 0.2000 0.5333 0.2667 0.6000
~ 0.2667 0.5333 0.3333 0.6000
~ 0.3333 0.5333 0.4000 0.6000
G 0.4000 0.5333 0.4667 0.6000
E 0.4667 0.5333 0.5333 0.6000
N 0.5333 0.5333 0.6000 0.6000
T 0.6000 0.5333 0.6667 0.6000
Y 0.6667 0.5333 0.7333 0.6000
~ 0.7333 0.5333 0.8000 0.6000
A 0.8000 0.5333 0.8667 0.6000
R 0.8667 0.5333 0.9333 0.6000
~ 0.9333 0.5333 1.0000 0.6000
~ 0.0000 0.6000 0.0667 0.6667
V 0.0667 0.6000 0.1333 0.6667
~ 0.1333 0.6000 0.2000 0.6667
~ 0.2000 0.6000 0.2667 0.6667
~ 0.2667 0.6000 0.3333 0.6667
D 0.3333 0.6000 0.4000 0.6667
O 0.4000 0.6000 0.4667 0.6667
R 0.4667 0.6000 0.5333 0.6667
~ 0.5333 0.6000 0.6000 0.6667
E 0.6000 0.6000 0.6667 0.6667
~ 0.6667 0.6000 0.7333 0.6667
~ 0.7333 0.6000 0.8000 0.6667
T 0.8000 0.6000 0.8667 0.6667
E 0.8667 0.6000 0.9333 0.6667
~ 0.9333 0.6000 1.0000 0.6667
N 0.0000 0.6667 0.0667 0.7333
O 0.0667 0.6667 0.1333 0.7333
B 0.1333 0.6667 0.2000 0.7333
~ 0.2000 0.6667 0.2667 0.7333
T 0.2667 0.6667 0.3333 0.7333
I 0.3333 0.6667 0.4000 0.7333
N 0.4000 0.6667 0.4667 0.7333
D 0.4667 0.6667 0.5333 0.7333
~ 0.5333 0.6667 0.6000 0.7333
R 0.6000 0.6667 0.6667 0.7333
E 0.6667 0.6667 0.7333 0.7333
Z 0.7333 0.6667 0.8000 0.7333
~ 0.8000 0.6667 0.8667 0.7333
~ 0.8667 0.6667 0.9333 0.7333
O 0.9333 0.6667 1.0000 0.7333
~ 0.0000 0.7333 0.0667 0.8000
I 0.0667 0.7333 0.1333 0.8000
O 0.1333 0.7333 0.2000 0.8000
L 0.2000 0.7333 0.2667 0.8000
I 0.2667 0.7333 0.3333 0.8000
T 0.3333 0.7333 0.4000 0.8000
E 0.4000 0.7333 0.4667 0.8000
S 0.4667 0.7333 0.5333 0.8000
~ 0.5333 0.7333 0.6000 0.8000
~ 0.6000 0.7333 0.6667 0.8000
M 0.6667 0.7333 0.7333 0.8000
O 0.7333 0.7333 0.8000 0.8000
W 0.8000 0.7333 0.8667 0.8000
~ 0.8667 0.7333 0.9333 0.8000
V 0.9333 0.7333 1.0000 0.8000
A 0.0000 0.8000 0.0667 0.8667
L 0.0667 0.8000 0.1333 0.8667
~ 0.1333 0.8000 0.2000 0.8667
A 0.2000 0.8000 0.2667 0.8667
G 0.2667 0.8000 0.3333 0.8667
A 0.3333 0.8000 0.4000 0.8667
R 0.4000 0.8000 0.4667 0.8667
~ 0.4667 0.8000 0.5333 0.8667
~ 0.5333 0.8000 0.6000 0.8667
~ 0.6000 0.8000 0.6667 0.8667
~ 0.6667 0.8000 0.7333 0.8667
~ 0.7333 0.8000 0.8000 0.8667
~ 0.8000 0.8000 0.8667 0.8667
D 0.8667 0.8000 0.9333 0.8667
I 0.9333 0.8000 1.0000 0.8667
P 0.0000 0.8667 0.0667 0.9333
A 0.0667 0.8667 0.1333 0.9333
~ 0.1333 0.8667 0.2000 0.9333
C 0.2000 0.8667 0.2667 0.9333
E 0.2667 0.8667 0.3333 0.9333
L 0.3333 0.8667 0.4000 0.9333
~ 0.4000 0.8667 0.4667 0.9333
F 0.4667 0.8667 0.5333 0.9333
~ 0.5333 0.8667 0.6000 0.9333
T 0.6000 0.8667 0.6667 0.9333
~ 0.6667 0.8667 0.7333 0.9333
~ 0.7333 0.8667 0.8000 0.9333
~ 0.8000 0.8667 0.8667 0.9333
U 0.8667 0.8667 0.9333 0.9333
N 0.9333 0.8667 1.0000 0.9333
O 0.0000 0.9333 0.0667 1.0000
~ 0.0667 0.9333 0.1333 1.0000
~ 0.1333 0.9333 0.2000 1.0000
~ 0.2000 0.9333 0.2667 1.0000
~ 0.2667 0.9333 0.3333 1.0000
S 0.3333 0.9333 0.4000 1.0000
U 0.4000 0.9333 0.4667 1.0000
E 0.4667 0.9333 0.5333 1.0000
T 0.5333 0.9333 0.6000 1.0000
I 0.6000 0.9333 0.6667 1.0000
E 0.6667 0.9333 0.7333 1.0000
R 0.7333 0.9333 0.8000 1.0000
~ 0.8000 0.9333 0.8667 1.0000
M 0.8667 0.9333 0.9333 1.0000
E 0.9333 0.9333 1.0000 1.0000
