D 0.0000 0.0000 0.0667 0.0667
~ 0.0667 0.0000 0.1333 0.0667
~ 0.1333 0.0000 0.2000 0.0667
~ 0.2000 0.0000 0.2667 0.0667
~ 0.2667 0.0000 0.3333 0.0667
~ 0.3333 0.0000 0.4000 0.0667
~ 0.4000 0.0000 0.4667 0.0667
V 0.4667 0.0000 0.5333 0.0667
I 0.5333 0.0000 0.6000 0.0667
S 0.6000 0.0000 0.6667 0.0667
I 0.6667 0.0000 0.7333 0.0667
T 0.7333 0.0000 0.8000 0.0667
~ 0.8000 0.0000 0.8667 0.0667
~ 0.8667 0.0000 0.9333 0.0667
~ 0.9333 0.0000 1.0000 0.0667
I 0.0000 0.0667 0.0667 0.1333
~ 0.0667 0.0667 0.1333 0.1333
T 0.1333 0.0667 0.2000 0.1333
~ 0.2000 0.0667 0.2667 0.1333
~ 0.2667 0.0667 0.3333 0.1333
~ 0.3333 0.0667 0.4000 0.1333
~ 0.4000 0.0667 0.4667 0.1333
~ 0.4667 0.0667 0.5333 0.1333
~ 0.5333 0.0667 0.6000 0.1333
~ 0.6000 0.0667 0.6667 0.1333
~ 0.6667 0.0667 0.7333 0.1333
A 0.7333 0.0667 0.8000 0.1333
~ 0.8000 0.0667 0.8667 0.1333
~ 0.8667 0.0667 0.9333 0.1333
R 0.9333 0.0667 1.0000 0.1333
A 0.0000 0.1333 0.0667 0.2000
~ 0.0667 0.1333 0.1333 0.2000
O 0.1333 0.1333 0.2000 0.2000
~ 0.2000 0.1333 0.2667 0.2000
~ 0.2667 0.1333 0.3333 0.2000
P 0.3333 0.1333 0.4000 0.2000
U 0.4000 0.1333 0.4667 0.2000
L 0.4667 0.1333 0.5333 0.2000
I 0.5333 0.1333 0.6000 0.2000
C 0.6000 0.1333 0.6667 0.2000
I 0.6667 0.1333 0.7333 0.2000
N 0.7333 0.1333 0.8000 0.2000
E 0.8000 0.1333 0.8667 0.2000
~ 0.8667 0.1333 0.9333 0.2000
E 0.9333 0.1333 1.0000 0.2000
Z 0.0000 0.2000 0.0667 0.2667
A 0.0667 0.2000 0.1333 0.2667
P 0.1333 0.2000 0.2000 0.2667
S 0.2000 0.2000 0.2667 0.2667
~ 0.2667 0.2000 0.3333 0.2667
~ 0.3333 0.2000 0.4000 0.2667
~ 0.4000 0.2000 0.4667 0.2667
~ 0.4667 0.2000 0.5333 0.2667
~ 0.5333 0.2000 0.6000 0.2667
~ 0.6000 0.2000 0.6667 0.2667
~ 0.6667 0.2000 0.7333 0.2667
G 0.7333 0.2000 0.8000 0.2667
~ 0.8000 0.2000 0.8667 0.2667
~ 0.8667 0.2000 0.9333 0.2667
R 0.9333 0.2000 1.0000 0.2667
O 0.0000 0.2667 0.0667 0.3333
~ 0.0667 0.2667 0.1333 0.3333
S 0.1333 0.2667 0.2000 0.3333
~ 0.2000 0.2667 0.2667 0.3333
~ 0.2667 0.2667 0.3333 0.3333
~ 0.3333 0.2667 0.4000 0.3333
~ 0.4000 0.2667 0.4667 0.3333
~ 0.4667 0.2667 0.5333 0.3333
~ 0.5333 0.2667 0.6000 0.3333
~ 0.6000 0.2667 0.6667 0.3333
~ 0.6667 0.2667 0.7333 0.3333
L 0.7333 0.2667 0.8000 0.3333
~ 0.8000 0.2667 0.8667 0.3333
~ 0.8667 0.2667 0.9333 0.3333
O 0.9333 0.2667 1.0000 0.3333
~ 0.0000 0.3333 0.0667 0.4000
H 0.0667 0.3333 0.1333 0.4000
~ 0.1333 0.3333 0.2000 0.4000
~ 0.2000 0.3333 0.2667 0.4000
~ 0.2667 0.3333 0.3333 0.4000
~ 0.3333 0.3333 0.4000 0.4000
~ 0.4000 0.3333 0.4667 0.4000
K 0.4667 0.3333 0.5333 0.4000
E 0.5333 0.3333 0.6000 0.4000
X 0.6000 0.3333 0.6667 0.4000
~ 0.6667 0.3333 0.7333 0.4000
E 0.7333 0.3333 0.8000 0.4000
~ 0.8000 0.3333 0.8667 0.4000
~ 0.8667 0.3333 0.9333 0.4000
U 0.9333 0.3333 1.0000 0.4000
~ 0.0000 0.4000 0.0667 0.4667
O 0.0667 0.4000 0.1333 0.4667
D 0.1333 0.4000 0.2000 0.4667
~ 0.2000 0.4000 0.2667 0.4667
~ 0.2667 0.4000 0.3333 0.4667
~ 0.3333 0.4000 0.4000 0.4667
~ 0.4000 0.4000 0.4667 0.4667
~ 0.4667 0.4000 0.5333 0.4667
M 0.5333 0.4000 0.6000 0.4667
I 0.6000 0.4000 0.6667 0.4667
G 0.6667 0.4000 0.7333 0.4667
R 0.7333 0.4000 0.8000 0.4667
A 0.8000 0.4000 0.8667 0.4667
N 0.8667 0.4000 0.9333 0.4667
T 0.9333 0.4000 1.0000 0.4667
~ 0.0000 0.4667 0.0667 0.5333
D 0.0667 0.4667 0.1333 0.5333
E 0.1333 0.4667 0.2000 0.5333
F 0.2000 0.4667 0.2667 0.5333
T 0.2667 0.4667 0.3333 0.5333
~ 0.3333 0.4667 0.4000 0.5333
J 0.4000 0.4667 0.4667 0.5333
E 0.4667 0.4667 0.5333 0.5333
U 0.5333 0.4667 0.6000 0.5333
~ 0.6000 0.4667 0.6667 0.5333
U 0.6667 0.4667 0.7333 0.5333
S 0.7333 0.4667 0.8000 0.5333
~ 0.8000 0.4667 0.8667 0.5333
~ 0.8667 0.4667 0.9333 0.5333
E 0.9333 0.4667 1.0000 0.5333
~ 0.0000 0.5333 0.0667 0.6000
~ 0.0667 0.5333 0.1333 0.6000
~ 0.1333 0.5333 0.2000 0.6000
A 0.2000 0.5333 0.2667 0.6000
~ 0.2667 0.5333 0.3333 0.6000
W 0.3333 0.5333 0.4000 0.6000
O 0.4000 0.5333 0.4667 0.6000
N 0.4667 0.5333 0.5333 0.6000
~ 0.5333 0.5333 0.6000 0.6000
H 0.6000 0.5333 0.6667 0.6000
A 0.6667 0.5333 0.7333 0.6000
~ 0.7333 0.5333 0.8000 0.6000
~ 0.8000 0.5333 0.8667 0.6000
~ 0.8667 0.5333 0.9333 0.6000
~ 0.9333 0.5333 1.0000 0.6000
~ 0.0000 0.6000 0.0667 0.6667
I 0.0667 0.6000 0.1333 0.6667
~ 0.1333 0.6000 0.2000 0.6667
C 0.2000 0.6000 0.2667 0.6667
O 0.2667 0.6000 0.3333 0.6667
O 0.3333 0.6000 0.4000 0.6667
E 0.4000 0.6000 0.4667 0.6667
D 0.4667 0.6000 0.5333 0.6667
~ 0.5333 0.6000 0.6000 0.6667
E 0.6000 0.6000 0.6667 0.6667
N 0.6667 0.6000 0.7333 0.6667
~ 0.7333 0.6000 0.8000 0.6667
~ 0.8000 0.6000 0.8667 0.6667
~ 0.8667 0.6000 0.9333 0.6667
~ 0.9333 0.6000 1.0000 0.6667
~ 0.0000 0.6667 0.0667 0.7333
F 0.0667 0.6667 0.1333 0.7333
L 0.1333 0.6667 0.2000 0.7333
I 0.2000 0.6667 0.2667 0.7333
N 0.2667 0.6667 0.3333 0.7333
T 0.3333 0.6667 0.4000 0.7333
Y 0.4000 0.6667 0.4667 0.7333
~ 0.4667 0.6667 0.5333 0.7333
~ 0.5333 0.6667 0.6000 0.7333
R 0.6000 0.6667 0.6667 0.7333
A 0.6667 0.6667 0.7333 0.7333
M 0.7333 0.6667 0.8000 0.7333
~ 0.8000 0.6667 0.8667 0.7333
~ 0.8667 0.6667 0.9333 0.7333
~ 0.9333 0.6667 1.0000 0.7333
~ 0.0000 0.7333 0.0667 0.8000
~ 0.0667 0.7333 0.1333 0.8000
A 0.1333 0.7333 0.2000 0.8000
L 0.2000 0.7333 0.2667 0.8000
~ 0.2667 0.7333 0.3333 0.8000
~ 0.3333 0.7333 0.4000 0.8000
~ 0.4000 0.7333 0.4667 0.8000
~ 0.4667 0.7333 0.5333 0.8000
~ 0.5333 0.7333 0.6000 0.8000
B 0.6000 0.7333 0.6667 0.8000
Y 0.6667 0.7333 0.7333 0.8000
E 0.7333 0.7333 0.8000 0.8000
~ 0.8000 0.7333 0.8667 0.8000
~ 0.8667 0.7333 0.9333 0.8000
~ 0.9333 0.7333 1.0000 0.8000
~ 0.0000 0.8000 0.0667 0.8667
~ 0.0667 0.8000 0.1333 0.8667
W 0.1333 0.8000 0.2000 0.8667
E 0.2000 0.8000 0.2667 0.8667
N 0.2667 0.8000 0.3333 0.8667
~ 0.3333 0.8000 0.4000 0.8667
~ 0.4000 0.8000 0.4667 0.8667
~ 0.4667 0.8000 0.5333 0.8667
~ 0.5333 0.8000 0.6000 0.8667
~ 0.6000 0.8000 0.6667 0.8667
~ 0.6667 0.8000 0.7333 0.8667
G 0.7333 0.8000 0.8000 0.8667
O 0.8000 0.8000 0.8667 0.8667
~ 0.8667 0.8000 0.9333 0.8667
~ 0.9333 0.8000 1.0000 0.8667
~ 0.0000 0.8667 0.0667 0.9333
~ 0.0667 0.8667 0.1333 0.9333
~ 0.1333 0.8667 0.2000 0.9333
~ 0.2000 0.8667 0.2667 0.9333
~ 0.2667 0.8667 0.3333 0.9333
~ 0.3333 0.8667 0.4000 0.9333
~ 0.4000 0.8667 0.4667 0.9333
~ 0.4667 0.8667 0.5333 0.9333
~ 0.5333 0.8667 0.6000 0.9333
Q 0.6000 0.8667 0.6667 0.9333
~ 0.6667 0.8667 0.7333 0.9333
A 0.7333 0.8667 0.8000 0.9333
R 0.8000 0.8667 0.8667 0.9333
E 0.8667 0.8667 0.9333 0.9333
~ 0.9333 0.8667 1.0000 0.9333
~ 0.0000 0.9333 0.0667 1.0000
~ 0.0667 0.9333 0.1333 1.0000
~ 0.1333 0.9333 0.2000 1.0000
~ 0.2000 0.9333 0.2667 1.0000
~ 0.2667 0.9333 0.3333 1.0000
~ 0.3333 0.9333 0.4000 1.0000
~ 0.4000 0.9333 0.4667 1.0000
B 0.4667 0.9333 0.5333 1.0000
R 0.5333 0.9333 0.6000 1.0000
I 0.6000 0.9333 0.6667 1.0000
T 0.6667 0.9333 0.7333 1.0000
~ 0.7333 0.9333 0.8000 1.0000
~ 0.8000 0.9333 0.8667 1.0000
~ 0.8667 0.9333 0.9333 1.0000
~ 0.9333 0.9333 1.0000 1.0000
