J 0.0000 0.0000 0.0667 0.0667
A 0.0667 0.0000 0.1333 0.0667
P 0.1333 0.0000 0.2000 0.0667
E 0.2000 0.0000 0.2667 0.0667
R 0.2667 0.0000 0.3333 0.0667
~ 0.3333 0.0000 0.4000 0.0667
~ 0.4000 0.0000 0.4667 0.0667
~ 0.4667 0.0000 0.5333 0.0667
~ 0.5333 0.0000 0.6000 0.0667
F 0.6000 0.0000 0.6667 0.0667
R 0.6667 0.0000 0.7333 0.0667
E 0.7333 0.0000 0.8000 0.0667
M 0.8000 0.0000 0.8667 0.0667
D 0.8667 0.0000 0.9333 0.0667
S 0.9333 0.0000 1.0000 0.0667
~ 0.0000 0.0667 0.0667 0.1333
~ 0.0667 0.0667 0.1333 0.1333
~ 0.1333 0.0667 0.2000 0.1333
R 0.2000 0.0667 0.2667 0.1333
~ 0.2667 0.0667 0.3333 0.1333
~ 0.3333 0.0667 0.4000 0.1333
~ 0.4000 0.0667 0.4667 0.1333
~ 0.4667 0.0667 0.5333 0.1333
O 0.5333 0.0667 0.6000 0.1333
I 0.6000 0.0667 0.6667 0.1333
~ 0.6667 0.0667 0.7333 0.1333
~ 0.7333 0.0667 0.8000 0.1333
~ 0.8000 0.0667 0.8667 0.1333
~ 0.8667 0.0667 0.9333 0.1333
T 0.9333 0.0667 1.0000 0.1333
~ 0.0000 0.1333 0.0667 0.2000
~ 0.0667 0.1333 0.1333 0.2000
~ 0.1333 0.1333 0.2000 0.2000
G 0.2000 0.1333 0.2667 0.2000
~ 0.2667 0.1333 0.3333 0.2000
~ 0.3333 0.1333 0.4000 0.2000
~ 0.4000 0.1333 0.4667 0.2000
~ 0.4667 0.1333 0.5333 0.2000
Y 0.5333 0.1333 0.6000 0.2000
A 0.6000 0.1333 0.6667 0.2000
~ 0.6667 0.1333 0.7333 0.2000
~ 0.7333 0.1333 0.8000 0.2000
Q 0.8000 0.1333 0.8667 0.2000
~ 0.8667 0.1333 0.9333 0.2000
E 0.9333 0.1333 1.0000 0.2000
~ 0.0000 0.2000 0.0667 0.2667
~ 0.0667 0.2000 0.1333 0.2667
~ 0.1333 0.2000 0.2000 0.2667
O 0.2000 0.2000 0.2667 0.2667
~ 0.2667 0.2000 0.3333 0.2667
~ 0.3333 0.2000 0.4000 0.2667
~ 0.4000 0.2000 0.4667 0.2667
~ 0.4667 0.2000 0.5333 0.2667
~ 0.5333 0.2000 0.6000 0.2667
T 0.6000 0.2000 0.6667 0.2667
~ 0.6667 0.2000 0.7333 0.2667
B 0.7333 0.2000 0.8000 0.2667
I 0.8000 0.2000 0.8667 0.2667
~ 0.8667 0.2000 0.9333 0.2667
A 0.9333 0.2000 1.0000 0.2667
~ 0.0000 0.2667 0.0667 0.3333
~ 0.0667 0.2667 0.1333 0.3333
~ 0.1333 0.2667 0.2000 0.3333
D 0.2000 0.2667 0.2667 0.3333
~ 0.2667 0.2667 0.3333 0.3333
~ 0.3333 0.2667 0.4000 0.3333
~ 0.4000 0.2667 0.4667 0.3333
~ 0.4667 0.2667 0.5333 0.3333
~ 0.5333 0.2667 0.6000 0.3333
~ 0.6000 0.2667 0.6667 0.3333
E 0.6667 0.2667 0.7333 0.3333
E 0.7333 0.2667 0.8000 0.3333
N 0.8000 0.2667 0.8667 0.3333
~ 0.8667 0.2667 0.9333 0.3333
M 0.9333 0.2667 1.0000 0.3333
~ 0.0000 0.3333 0.0667 0.4000
~ 0.0667 0.3333 0.1333 0.4000
~ 0.1333 0.3333 0.2000 0.4000
I 0.2000 0.3333 0.2667 0.4000
~ 0.2667 0.3333 0.3333 0.4000
A 0.3333 0.3333 0.4000 0.4000
~ 0.4000 0.3333 0.4667 0.4000
~ 0.4667 0.3333 0.5333 0.4000
~ 0.5333 0.3333 0.6000 0.4000
B 0.6000 0.3333 0.6667 0.4000
E 0.6667 0.3333 0.7333 0.4000
Y 0.7333 0.3333 0.8000 0.4000
~ 0.8000 0.3333 0.8667 0.4000
H 0.8667 0.3333 0.9333 0.4000
I 0.9333 0.3333 1.0000 0.4000
~ 0.0000 0.4000 0.0667 0.4667
~ 0.0667 0.4000 0.1333 0.4667
~ 0.1333 0.4000 0.2000 0.4667
C 0.2000 0.4000 0.2667 0.4667
O 0.2667 0.4000 0.3333 0.4667
W 0.3333 0.4000 0.4000 0.4667
~ 0.4000 0.4000 0.4667 0.4667
V 0.4667 0.4000 0.5333 0.4667
~ 0.5333 0.4000 0.6000 0.4667
O 0.6000 0.4000 0.6667 0.4667
~ 0.6667 0.4000 0.7333 0.4667
~ 0.7333 0.4000 0.8000 0.4667
F 0.8000 0.4000 0.8667 0.4667
U 0.8667 0.4000 0.9333 0.4667
N 0.9333 0.4000 1.0000 0.4667
~ 0.0000 0.4667 0.0667 0.5333
~ 0.0667 0.4667 0.1333 0.5333
~ 0.1333 0.4667 0.2000 0.5333
~ 0.2000 0.4667 0.2667 0.5333
N 0.2667 0.4667 0.3333 0.5333
A 0.3333 0.4667 0.4000 0.5333
P 0.4000 0.4667 0.4667 0.5333
E 0.4667 0.4667 0.5333 0.5333
~ 0.5333 0.4667 0.6000 0.5333
L 0.6000 0.4667 0.6667 0.5333
A 0.6667 0.4667 0.7333 0.5333
D 0.7333 0.4667 0.8000 0.5333
I 0.8000 0.4667 0.8667 0.5333
N 0.8667 0.4667 0.9333 0.5333
G 0.9333 0.4667 1.0000 0.5333
~ 0.0000 0.5333 0.0667 0.6000
~ 0.0667 0.5333 0.1333 0.6000
~ 0.1333 0.5333 0.2000 0.6000
~ 0.2000 0.5333 0.2667 0.6000
~ 0.2667 0.5333 0.3333 0.6000
~ 0.3333 0.5333 0.4000 0.6000
A 0.4000 0.5333 0.4667 0.6000
X 0.4667 0.5333 0.5333 0.6000
E 0.5333 0.5333 0.6000 0.6000
L 0.6000 0.5333 0.6667 0.6000
~ 0.6667 0.5333 0.7333 0.6000
~ 0.7333 0.5333 0.8000 0.6000
L 0.8000 0.5333 0.8667 0.6000
~ 0.8667 0.5333 0.9333 0.6000
~ 0.9333 0.5333 1.0000 0.6000
~ 0.0000 0.6000 0.0667 0.6667
~ 0.0667 0.6000 0.1333 0.6667
~ 0.1333 0.6000 0.2000 0.6667
~ 0.2000 0.6000 0.2667 0.6667
W 0.2667 0.6000 0.3333 0.6667
O 0.3333 0.6000 0.4000 0.6667
N 0.4000 0.6000 0.4667 0.6667
T 0.4667 0.6000 0.5333 0.6667
~ 0.5333 0.6000 0.6000 0.6667
~ 0.6000 0.6000 0.6667 0.6667
U 0.6667 0.6000 0.7333 0.6667
T 0.7333 0.6000 0.8000 0.6667
A 0.8000 0.6000 0.8667 0.6667
~ 0.8667 0.6000 0.9333 0.6667
~ 0.9333 0.6000 1.0000 0.6667
~ 0.0000 0.6667 0.0667 0.7333
~ 0.0667 0.6667 0.1333 0.7333
~ 0.1333 0.6667 0.2000 0.7333
C 0.2000 0.6667 0.2667 0.7333
O 0.2667 0.6667 0.3333 0.7333
D 0.3333 0.6667 0.4000 0.7333
E 0.4000 0.6667 0.4667 0.7333
~ 0.4667 0.6667 0.5333 0.7333
R 0.5333 0.6667 0.6000 0.7333
I 0.6000 0.6667 0.6667 0.7333
G 0.6667 0.6667 0.7333 0.7333
~ 0.7333 0.6667 0.8000 0.7333
~ 0.8000 0.6667 0.8667 0.7333
~ 0.8667 0.6667 0.9333 0.7333
~ 0.9333 0.6667 1.0000 0.7333
~ 0.0000 0.7333 0.0667 0.8000
~ 0.0667 0.7333 0.1333 0.8000
S 0.1333 0.7333 0.2000 0.8000
H 0.2000 0.7333 0.2667 0.8000
E 0.2667 0.7333 0.3333 0.8000
A 0.3333 0.7333 0.4000 0.8000
~ 0.4000 0.7333 0.4667 0.8000
K 0.4667 0.7333 0.5333 0.8000
~ 0.5333 0.7333 0.6000 0.8000
~ 0.6000 0.7333 0.6667 0.8000
~ 0.6667 0.7333 0.7333 0.8000
~ 0.7333 0.7333 0.8000 0.8000
~ 0.8000 0.7333 0.8667 0.8000
~ 0.8667 0.7333 0.9333 0.8000
~ 0.9333 0.7333 1.0000 0.8000
~ 0.0000 0.8000 0.0667 0.8667
Z 0.0667 0.8000 0.1333 0.8667
O 0.1333 0.8000 0.2000 0.8667
~ 0.2000 0.8000 0.2667 0.8667
~ 0.2667 0.8000 0.3333 0.8667
S 0.3333 0.8000 0.4000 0.8667
E 0.4000 0.8000 0.4667 0.8667
R 0.4667 0.8000 0.5333 0.8667
I 0.5333 0.8000 0.6000 0.8667
O 0.6000 0.8000 0.6667 0.8667
U 0.6667 0.8000 0.7333 0.8667
~ 0.7333 0.8000 0.8000 0.8667
~ 0.8000 0.8000 0.8667 0.8667
~ 0.8667 0.8000 0.9333 0.8667
~ 0.9333 0.8000 1.0000 0.8667
~ 0.0000 0.8667 0.0667 0.9333
~ 0.0667 0.8667 0.1333 0.9333
~ 0.1333 0.8667 0.2000 0.9333
~ 0.2000 0.8667 0.2667 0.9333
~ 0.2667 0.8667 0.3333 0.9333
~ 0.3333 0.8667 0.4000 0.9333
~ 0.4000 0.8667 0.4667 0.9333
I 0.4667 0.8667 0.5333 0.9333
~ 0.5333 0.8667 0.6000 0.9333
~ 0.6000 0.8667 0.6667 0.9333
~ 0.6667 0.8667 0.7333 0.9333
~ 0.7333 0.8667 0.8000 0.9333
~ 0.8000 0.8667 0.8667 0.9333
~ 0.8667 0.8667 0.9333 0.9333
~ 0.9333 0.8667 1.0000 0.9333
~ 0.0000 0.9333 0.0667 1.0000
~ 0.0667 0.9333 0.1333 1.0000
~ 0.1333 0.9333 0.2000 1.0000
~ 0.2000 0.9333 0.2667 1.0000
~ 0.2667 0.9333 0.3333 1.0000
~ 0.3333 0.9333 0.4000 1.0000
~ 0.4000 0.9333 0.4667 1.0000
S 0.4667 0.9333 0.5333 1.0000
T 0.5333 0.9333 0.6000 1.0000
U 0.6000 0.9333 0.6667 1.0000
I 0.6667 0.9333 0.7333 1.0000
V 0.7333 0.9333 0.8000 1.0000
E 0.8000 0.9333 0.8667 1.0000
R 0.8667 0.9333 0.9333 1.0000
~ 0.9333 0.9333 1.0000 1.0000
