F 0.0000 0.0000 0.0667 0.0667
~ 0.0667 0.0000 0.1333 0.0667
~ 0.1333 0.0000 0.2000 0.0667
~ 0.2000 0.0000 0.2667 0.0667
~ 0.2667 0.0000 0.3333 0.0667
~ 0.3333 0.0000 0.4000 0.0667
~ 0.4000 0.0000 0.4667 0.0667
Z 0.4667 0.0000 0.5333 0.0667
~ 0.5333 0.0000 0.6000 0.0667
~ 0.6000 0.0000 0.6667 0.0667
~ 0.6667 0.0000 0.7333 0.0667
~ 0.7333 0.0000 0.8000 0.0667
~ 0.8000 0.0000 0.8667 0.0667
~ 0.8667 0.0000 0.9333 0.0667
A 0.9333 0.0000 1.0000 0.0667
I 0.0000 0.0667 0.0667 0.1333
~ 0.0667 0.0667 0.1333 0.1333
E 0.1333 0.0667 0.2000 0.1333
~ 0.2000 0.0667 0.2667 0.1333
~ 0.2667 0.0667 0.3333 0.1333
~ 0.3333 0.0667 0.4000 0.1333
~ 0.4000 0.0667 0.4667 0.1333
O 0.4667 0.0667 0.5333 0.1333
~ 0.5333 0.0667 0.6000 0.1333
~ 0.6000 0.0667 0.6667 0.1333
~ 0.6667 0.0667 0.7333 0.1333
C 0.7333 0.0667 0.8000 0.1333
H 0.8000 0.0667 0.8667 0.1333
U 0.8667 0.0667 0.9333 0.1333
B 0.9333 0.0667 1.0000 0.1333
L 0.0000 0.1333 0.0667 0.2000
~ 0.0667 0.1333 0.1333 0.2000
R 0.1333 0.1333 0.2000 0.2000
~ 0.2000 0.1333 0.2667 0.2000
~ 0.2667 0.1333 0.3333 0.2000
D 0.3333 0.1333 0.4000 0.2000
R 0.4000 0.1333 0.4667 0.2000
A 0.4667 0.1333 0.5333 0.2000
G 0.5333 0.1333 0.6000 0.2000
~ 0.6000 0.1333 0.6667 0.2000
~ 0.6667 0.1333 0.7333 0.2000
~ 0.7333 0.1333 0.8000 0.2000
O 0.8000 0.1333 0.8667 0.2000
~ 0.8667 0.1333 0.9333 0.2000
U 0.9333 0.1333 1.0000 0.2000
O 0.0000 0.2000 0.0667 0.2667
W 0.0667 0.2000 0.1333 0.2667
N 0.1333 0.2000 0.2000 0.2667
~ 0.2000 0.2000 0.2667 0.2667
Q 0.2667 0.2000 0.3333 0.2667
I 0.3333 0.2000 0.4000 0.2667
~ 0.4000 0.2000 0.4667 0.2667
~ 0.4667 0.2000 0.5333 0.2667
~ 0.5333 0.2000 0.6000 0.2667
~ 0.6000 0.2000 0.6667 0.2667
~ 0.6667 0.2000 0.7333 0.2667
P 0.7333 0.2000 0.8000 0.2667
A 0.8000 0.2000 0.8667 0.2667
~ 0.8667 0.2000 0.9333 0.2667
T 0.9333 0.2000 1.0000 0.2667
~ 0.0000 0.2667 0.0667 0.3333
O 0.0667 0.2667 0.1333 0.3333
~ 0.1333 0.2667 0.2000 0.3333
~ 0.2000 0.2667 0.2667 0.3333
~ 0.2667 0.2667 0.3333 0.3333
F 0.3333 0.2667 0.4000 0.3333
A 0.4000 0.2667 0.4667 0.3333
G 0.4667 0.2667 0.5333 0.3333
~ 0.5333 0.2667 0.6000 0.3333
~ 0.6000 0.2667 0.6667 0.3333
V 0.6667 0.2667 0.7333 0.3333
E 0.7333 0.2667 0.8000 0.3333
X 0.8000 0.2667 0.8667 0.3333
T 0.8667 0.2667 0.9333 0.3333
~ 0.9333 0.2667 1.0000 0.3333
~ 0.0000 0.3333 0.0667 0.4000
W 0.0667 0.3333 0.1333 0.4000
O 0.1333 0.3333 0.2000 0.4000
~ 0.2000 0.3333 0.2667 0.4000
~ 0.2667 0.3333 0.3333 0.4000
~ 0.3333 0.3333 0.4000 0.4000
R 0.4000 0.3333 0.4667 0.4000
A 0.4667 0.3333 0.5333 0.4000
H 0.5333 0.3333 0.6000 0.4000
~ 0.6000 0.3333 0.6667 0.4000
~ 0.6667 0.3333 0.7333 0.4000
L 0.7333 0.3333 0.8000 0.4000
~ 0.8000 0.3333 0.8667 0.4000
U 0.8667 0.3333 0.9333 0.4000
P 0.9333 0.3333 1.0000 0.4000
~ 0.0000 0.4000 0.0667 0.4667
~ 0.0667 0.4000 0.1333 0.4667
~ 0.1333 0.4000 0.2000 0.4667
~ 0.2000 0.4000 0.2667 0.4667
~ 0.2667 0.4000 0.3333 0.4667
~ 0.3333 0.4000 0.4000 0.4667
~ 0.4000 0.4000 0.4667 0.4667
M 0.4667 0.4000 0.5333 0.4667
O 0.5333 0.4000 0.6000 0.4667
~ 0.6000 0.4000 0.6667 0.4667
~ 0.6667 0.4000 0.7333 0.4667
I 0.7333 0.4000 0.8000 0.4667
~ 0.8000 0.4000 0.8667 0.4667
R 0.8667 0.4000 0.9333 0.4667
E 0.9333 0.4000 1.0000 0.4667
S 0.0000 0.4667 0.0667 0.5333
T 0.0667 0.4667 0.1333 0.5333
E 0.1333 0.4667 0.2000 0.5333
T 0.2000 0.4667 0.2667 0.5333
~ 0.2667 0.4667 0.3333 0.5333
~ 0.3333 0.4667 0.4000 0.5333
V 0.4000 0.4667 0.4667 0.5333
A 0.4667 0.4667 0.5333 0.5333
N 0.5333 0.4667 0.6000 0.5333
~ 0.6000 0.4667 0.6667 0.5333
I 0.6667 0.4667 0.7333 0.5333
T 0.7333 0.4667 0.8000 0.5333
~ 0.8000 0.4667 0.8667 0.5333
N 0.8667 0.4667 0.9333 0.5333
E 0.9333 0.4667 1.0000 0.5333
~ 0.0000 0.5333 0.0667 0.6000
~ 0.0667 0.5333 0.1333 0.6000
R 0.1333 0.5333 0.2000 0.6000
~ 0.2000 0.5333 0.2667 0.6000
~ 0.2667 0.5333 0.3333 0.6000
~ 0.3333 0.5333 0.4000 0.6000
~ 0.4000 0.5333 0.4667 0.6000
~ 0.4667 0.5333 0.5333 0.6000
K 0.5333 0.5333 0.6000 0.6000
I 0.6000 0.5333 0.6667 0.6000
N 0.6667 0.5333 0.7333 0.6000
E 0.7333 0.5333 0.8000 0.6000
~ 0.8000 0.5333 0.8667 0.6000
E 0.8667 0.5333 0.9333 0.6000
D 0.9333 0.5333 1.0000 0.6000
~ 0.0000 0.6000 0.0667 0.6667
~ 0.0667 0.6000 0.1333 0.6667
B 0.1333 0.6000 0.2000 0.6667
~ 0.2000 0.6000 0.2667 0.6667
A 0.2667 0.6000 0.3333 0.6667
G 0.3333 0.6000 0.4000 0.6667
I 0.4000 0.6000 0.4667 0.6667
O 0.4667 0.6000 0.5333 0.6667
S 0.5333 0.6000 0.6000 0.6667
~ 0.6000 0.6000 0.6667 0.6667
I 0.6667 0.6000 0.7333 0.6667
~ 0.7333 0.6000 0.8000 0.6667
~ 0.8000 0.6000 0.8667 0.6667
D 0.8667 0.6000 0.9333 0.6667
~ 0.9333 0.6000 1.0000 0.6667
~ 0.0000 0.6667 0.0667 0.7333
D 0.0667 0.6667 0.1333 0.7333
I 0.1333 0.6667 0.2000 0.7333
R 0.2000 0.6667 0.2667 0.7333
L 0.2667 0.6667 0.3333 0.7333
~ 0.3333 0.6667 0.4000 0.7333
~ 0.4000 0.6667 0.4667 0.7333
~ 0.4667 0.6667 0.5333 0.7333
~ 0.5333 0.6667 0.6000 0.7333
~ 0.6000 0.6667 0.6667 0.7333
A 0.6667 0.6667 0.7333 0.7333
M 0.7333 0.6667 0.8000 0.7333
~ 0.8000 0.6667 0.8667 0.7333
~ 0.8667 0.6667 0.9333 0.7333
~ 0.9333 0.6667 1.0000 0.7333
J 0.0000 0.7333 0.0667 0.8000
E 0.0667 0.7333 0.1333 0.8000
T 0.1333 0.7333 0.2000 0.8000
E 0.2000 0.7333 0.2667 0.8000
S 0.2667 0.7333 0.3333 0.8000
~ 0.3333 0.7333 0.4000 0.8000
~ 0.4000 0.7333 0.4667 0.8000
~ 0.4667 0.7333 0.5333 0.8000
~ 0.5333 0.7333 0.6000 0.8000
~ 0.6000 0.7333 0.6667 0.8000
~ 0.6667 0.7333 0.7333 0.8000
O 0.7333 0.7333 0.8000 0.8000
~ 0.8000 0.7333 0.8667 0.8000
~ 0.8667 0.7333 0.9333 0.8000
~ 0.9333 0.7333 1.0000 0.8000
A 0.0000 0.8000 0.0667 0.8667
~ 0.0667 0.8000 0.1333 0.8667
E 0.1333 0.8000 0.2000 0.8667
~ 0.2000 0.8000 0.2667 0.8667
~ 0.2667 0.8000 0.3333 0.8667
~ 0.3333 0.8000 0.4000 0.8667
~ 0.4000 0.8000 0.4667 0.8667
~ 0.4667 0.8000 0.5333 0.8667
Y 0.5333 0.8000 0.6000 0.8667
I 0.6000 0.8000 0.6667 0.8667
N 0.6667 0.8000 0.7333 0.8667
C 0.7333 0.8000 0.8000 0.8667
E 0.8000 0.8000 0.8667 0.8667
~ 0.8667 0.8000 0.9333 0.8667
~ 0.9333 0.8000 1.0000 0.8667
Y 0.0000 0.8667 0.0667 0.9333
~ 0.0667 0.8667 0.1333 0.9333
~ 0.1333 0.8667 0.2000 0.9333
~ 0.2000 0.8667 0.2667 0.9333
~ 0.2667 0.8667 0.3333 0.9333
~ 0.3333 0.8667 0.4000 0.9333
~ 0.4000 0.8667 0.4667 0.9333
~ 0.4667 0.8667 0.5333 0.9333
~ 0.5333 0.8667 0.6000 0.9333
~ 0.6000 0.8667 0.6667 0.9333
~ 0.6667 0.8667 0.7333 0.9333
~ 0.7333 0.8667 0.8000 0.9333
~ 0.8000 0.8667 0.8667 0.9333
~ 0.8667 0.8667 0.9333 0.9333
~ 0.9333 0.8667 1.0000 0.9333
S 0.0000 0.9333 0.0667 1.0000
~ 0.0667 0.9333 0.1333 1.0000
~ 0.1333 0.9333 0.2000 1.0000
~ 0.2000 0.9333 0.2667 1.0000
~ 0.2667 0.9333 0.3333 1.0000
~ 0.3333 0.9333 0.4000 1.0000
~ 0.4000 0.9333 0.4667 1.0000
~ 0.4667 0.9333 0.5333 1.0000
~ 0.5333 0.9333 0.6000 1.0000
~ 0.6000 0.9333 0.6667 1.0000
~ 0.6667 0.9333 0.7333 1.0000
~ 0.7333 0.9333 0.8000 1.0000
~ 0.8000 0.9333 0.8667 1.0000
~ 0.8667 0.9333 0.9333 1.0000
~ 0.9333 0.9333 1.0000 1.0000
