L 0.0000 0.0000 0.0667 0.0667
~ 0.0667 0.0000 0.1333 0.0667
~ 0.1333 0.0000 0.2000 0.0667
~ 0.2000 0.0000 0.2667 0.0667
~ 0.2667 0.0000 0.3333 0.0667
~ 0.3333 0.0000 0.4000 0.0667
L 0.4000 0.0000 0.4667 0.0667
I 0.4667 0.0000 0.5333 0.0667
T 0.5333 0.0000 0.6000 0.0667
M 0.6000 0.0000 0.6667 0.0667
I 0.6667 0.0000 0.7333 0.0667
G 0.7333 0.0000 0.8000 0.0667
T 0.8000 0.0000 0.8667 0.0667
~ 0.8667 0.0000 0.9333 0.0667
B 0.9333 0.0000 1.0000 0.0667
E 0.0000 0.0667 0.0667 0.1333
S 0.0667 0.0667 0.1333 0.1333
~ 0.1333 0.0667 0.2000 0.1333
~ 0.2000 0.0667 0.2667 0.1333
~ 0.2667 0.0667 0.3333 0.1333
J 0.3333 0.0667 0.4000 0.1333
O 0.4000 0.0667 0.4667 0.1333
~ 0.4667 0.0667 0.5333 0.1333
~ 0.5333 0.0667 0.6000 0.1333
~ 0.6000 0.0667 0.6667 0.1333
~ 0.6667 0.0667 0.7333 0.1333
~ 0.7333 0.0667 0.8000 0.1333
~ 0.8000 0.0667 0.8667 0.1333
~ 0.8667 0.0667 0.9333 0.1333
R 0.9333 0.0667 1.0000 0.1333
A 0.0000 0.1333 0.0667 0.2000
H 0.0667 0.1333 0.1333 0.2000
O 0.1333 0.1333 0.2000 0.2000
Y 0.2000 0.1333 0.2667 0.2000
~ 0.2667 0.1333 0.3333 0.2000
E 0.3333 0.1333 0.4000 0.2000
X 0.4000 0.1333 0.4667 0.2000
~ 0.4667 0.1333 0.5333 0.2000
~ 0.5333 0.1333 0.6000 0.2000
Q 0.6000 0.1333 0.6667 0.2000
~ 0.6667 0.1333 0.7333 0.2000
P 0.7333 0.1333 0.8000 0.2000
E 0.8000 0.1333 0.8667 0.2000
P 0.8667 0.1333 0.9333 0.2000
O 0.9333 0.1333 1.0000 0.2000
F 0.0000 0.2000 0.0667 0.2667
A 0.0667 0.2000 0.1333 0.2667
N 0.1333 0.2000 0.2000 0.2667
O 0.2000 0.2000 0.2667 0.2667
~ 0.2667 0.2000 0.3333 0.2667
E 0.3333 0.2000 0.4000 0.2667
~ 0.4000 0.2000 0.4667 0.2667
~ 0.4667 0.2000 0.5333 0.2667
R 0.5333 0.2000 0.6000 0.2667
I 0.6000 0.2000 0.6667 0.2667
A 0.6667 0.2000 0.7333 0.2667
L 0.7333 0.2000 0.8000 0.2667
~ 0.8000 0.2000 0.8667 0.2667
~ 0.8667 0.2000 0.9333 0.2667
I 0.9333 0.2000 1.0000 0.2667
~ 0.0000 0.2667 0.0667 0.3333
~ 0.0667 0.2667 0.1333 0.3333
E 0.1333 0.2667 0.2000 0.3333
N 0.2000 0.2667 0.2667 0.3333
E 0.2667 0.2667 0.3333 0.3333
R 0.3333 0.2667 0.4000 0.3333
A 0.4000 0.2667 0.4667 0.3333
L 0.4667 0.2667 0.5333 0.3333
~ 0.5333 0.2667 0.6000 0.3333
~ 0.6000 0.2667 0.6667 0.3333
Y 0.6667 0.2667 0.7333 0.3333
U 0.7333 0.2667 0.8000 0.3333
M 0.8000 0.2667 0.8667 0.3333
~ 0.8667 0.2667 0.9333 0.3333
D 0.9333 0.2667 1.0000 0.3333
~ 0.0000 0.3333 0.0667 0.4000
~ 0.0667 0.3333 0.1333 0.4000
~ 0.1333 0.3333 0.2000 0.4000
I 0.2000 0.3333 0.2667 0.4000
D 0.2667 0.3333 0.3333 0.4000
S 0.3333 0.3333 0.4000 0.4000
~ 0.4000 0.3333 0.4667 0.4000
O 0.4667 0.3333 0.5333 0.4000
O 0.5333 0.3333 0.6000 0.4000
Z 0.6000 0.3333 0.6667 0.4000
E 0.6667 0.3333 0.7333 0.4000
S 0.7333 0.3333 0.8000 0.4000
~ 0.8000 0.3333 0.8667 0.4000
W 0.8667 0.3333 0.9333 0.4000
E 0.9333 0.3333 1.0000 0.4000
~ 0.0000 0.4000 0.0667 0.4667
~ 0.0667 0.4000 0.1333 0.4667
~ 0.1333 0.4000 0.2000 0.4667
~ 0.2000 0.4000 0.2667 0.4667
~ 0.2667 0.4000 0.3333 0.4667
~ 0.3333 0.4000 0.4000 0.4667
~ 0.4000 0.4000 0.4667 0.4667
~ 0.4667 0.4000 0.5333 0.4667
K 0.5333 0.4000 0.6000 0.4667
A 0.6000 0.4000 0.6667 0.4667
~ 0.6667 0.4000 0.7333 0.4667
H 0.7333 0.4000 0.8000 0.4667
~ 0.8000 0.4000 0.8667 0.4667
E 0.8667 0.4000 0.9333 0.4667
R 0.9333 0.4000 1.0000 0.4667
~ 0.0000 0.4667 0.0667 0.5333
~ 0.0667 0.4667 0.1333 0.5333
~ 0.1333 0.4667 0.2000 0.5333
C 0.2000 0.4667 0.2667 0.5333
O 0.2667 0.4667 0.3333 0.5333
R 0.3333 0.4667 0.4000 0.5333
N 0.4000 0.4667 0.4667 0.5333
U 0.4667 0.4667 0.5333 0.5333
A 0.5333 0.4667 0.6000 0.5333
~ 0.6000 0.4667 0.6667 0.5333
~ 0.6667 0.4667 0.7333 0.5333
~ 0.7333 0.4667 0.8000 0.5333
~ 0.8000 0.4667 0.8667 0.5333
T 0.8667 0.4667 0.9333 0.5333
~ 0.9333 0.4667 1.0000 0.5333
~ 0.0000 0.5333 0.0667 0.6000
~ 0.0667 0.5333 0.1333 0.6000
~ 0.1333 0.5333 0.2000 0.6000
I 0.2000 0.5333 0.2667 0.6000
~ 0.2667 0.5333 0.3333 0.6000
~ 0.3333 0.5333 0.4000 0.6000
~ 0.4000 0.5333 0.4667 0.6000
~ 0.4667 0.5333 0.5333 0.6000
~ 0.5333 0.5333 0.6000 0.6000
F 0.6000 0.5333 0.6667 0.6000
~ 0.6667 0.5333 0.7333 0.6000
~ 0.7333 0.5333 0.8000 0.6000
~ 0.8000 0.5333 0.8667 0.6000
~ 0.8667 0.5333 0.9333 0.6000
~ 0.9333 0.5333 1.0000 0.6000
~ 0.0000 0.6000 0.0667 0.6667
~ 0.0667 0.6000 0.1333 0.6667
T 0.1333 0.6000 0.2000 0.6667
A 0.2000 0.6000 0.2667 0.6667
R 0.2667 0.6000 0.3333 0.6667
G 0.3333 0.6000 0.4000 0.6667
E 0.4000 0.6000 0.4667 0.6667
T 0.4667 0.6000 0.5333 0.6667
~ 0.5333 0.6000 0.6000 0.6667
U 0.6000 0.6000 0.6667 0.6667
~ 0.6667 0.6000 0.7333 0.6667
~ 0.7333 0.6000 0.8000 0.6667
V 0.8000 0.6000 0.8667 0.6667
~ 0.8667 0.6000 0.9333 0.6667
~ 0.9333 0.6000 1.0000 0.6667
~ 0.0000 0.6667 0.0667 0.7333
~ 0.0667 0.6667 0.1333 0.7333
~ 0.1333 0.6667 0.2000 0.7333
O 0.2000 0.6667 0.2667 0.7333
~ 0.2667 0.6667 0.3333 0.7333
D 0.3333 0.6667 0.4000 0.7333
D 0.4000 0.6667 0.4667 0.7333
I 0.4667 0.6667 0.5333 0.7333
G 0.5333 0.6667 0.6000 0.7333
S 0.6000 0.6667 0.6667 0.7333
~ 0.6667 0.6667 0.7333 0.7333
~ 0.7333 0.6667 0.8000 0.7333
I 0.8000 0.6667 0.8667 0.7333
~ 0.8667 0.6667 0.9333 0.7333
~ 0.9333 0.6667 1.0000 0.7333
~ 0.0000 0.7333 0.0667 0.8000
~ 0.0667 0.7333 0.1333 0.8000
~ 0.1333 0.7333 0.2000 0.8000
~ 0.2000 0.7333 0.2667 0.8000
~ 0.2667 0.7333 0.3333 0.8000
~ 0.3333 0.7333 0.4000 0.8000
~ 0.4000 0.7333 0.4667 0.8000
~ 0.4667 0.7333 0.5333 0.8000
~ 0.5333 0.7333 0.6000 0.8000
T 0.6000 0.7333 0.6667 0.8000
~ 0.6667 0.7333 0.7333 0.8000
~ 0.7333 0.7333 0.8000 0.8000
V 0.8000 0.7333 0.8667 0.8000
~ 0.8667 0.7333 0.9333 0.8000
~ 0.9333 0.7333 1.0000 0.8000
~ 0.0000 0.8000 0.0667 0.8667
~ 0.0667 0.8000 0.1333 0.8667
~ 0.1333 0.8000 0.2000 0.8667
~ 0.2000 0.8000 0.2667 0.8667
~ 0.2667 0.8000 0.3333 0.8667
~ 0.3333 0.8000 0.4000 0.8667
~ 0.4000 0.8000 0.4667 0.8667
~ 0.4667 0.8000 0.5333 0.8667
W 0.5333 0.8000 0.6000 0.8667
I 0.6000 0.8000 0.6667 0.8667
N 0.6667 0.8000 0.7333 0.8667
C 0.7333 0.8000 0.8000 0.8667
E 0.8000 0.8000 0.8667 0.8667
~ 0.8667 0.8000 0.9333 0.8667
~ 0.9333 0.8000 1.0000 0.8667
~ 0.0000 0.8667 0.0667 0.9333
~ 0.0667 0.8667 0.1333 0.9333
~ 0.1333 0.8667 0.2000 0.9333
~ 0.2000 0.8667 0.2667 0.9333
~ 0.2667 0.8667 0.3333 0.9333
~ 0.3333 0.8667 0.4000 0.9333
~ 0.4000 0.8667 0.4667 0.9333
~ 0.4667 0.8667 0.5333 0.9333
~ 0.5333 0.8667 0.6000 0.9333
A 0.6000 0.8667 0.6667 0.9333
~ 0.6667 0.8667 0.7333 0.9333
~ 0.7333 0.8667 0.8000 0.9333
~ 0.8000 0.8667 0.8667 0.9333
~ 0.8667 0.8667 0.9333 0.9333
~ 0.9333 0.8667 1.0000 0.9333
~ 0.0000 0.9333 0.0667 1.0000
~ 0.0667 0.9333 0.1333 1.0000
~ 0.1333 0.9333 0.2000 1.0000
~ 0.2000 0.9333 0.2667 1.0000
U 0.2667 0.9333 0.3333 1.0000
~ 0.3333 0.9333 0.4000 1.0000
B 0.4000 0.9333 0.4667 1.0000
A 0.4667 0.9333 0.5333 1.0000
N 0.5333 0.9333 0.6000 1.0000
N 0.6000 0.9333 0.6667 1.0000
E 0.6667 0.9333 0.7333 1.0000
D 0.7333 0.9333 0.8000 1.0000
~ 0.8000 0.9333 0.8667 1.0000
~ 0.8667 0.9333 0.9333 1.0000
~ 0.9333 0.9333 1.0000 1.0000
