~ 0.0000 0.0000 0.0667 0.0667
~ 0.0667 0.0000 0.1333 0.0667
~ 0.1333 0.0000 0.2000 0.0667
~ 0.2000 0.0000 0.2667 0.0667
Q 0.2667 0.0000 0.3333 0.0667
I 0.3333 0.0000 0.4000 0.0667
~ 0.4000 0.0000 0.4667 0.0667
O 0.4667 0.0000 0.5333 0.0667
I 0.5333 0.0000 0.6000 0.0667
~ 0.6000 0.0000 0.6667 0.0667
B 0.6667 0.0000 0.7333 0.0667
I 0.7333 0.0000 0.8000 0.0667
~ 0.8000 0.0000 0.8667 0.0667
K 0.8667 0.0000 0.9333 0.0667
A 0.9333 0.0000 1.0000 0.0667
~ 0.0000 0.0667 0.0667 0.1333
~ 0.0667 0.0667 0.1333 0.1333
~ 0.1333 0.0667 0.2000 0.1333
~ 0.2000 0.0667 0.2667 0.1333
A 0.2667 0.0667 0.3333 0.1333
R 0.3333 0.0667 0.4000 0.1333
I 0.4000 0.0667 0.4667 0.1333
S 0.4667 0.0667 0.5333 0.1333
~ 0.5333 0.0667 0.6000 0.1333
A 0.6000 0.0667 0.6667 0.1333
E 0.6667 0.0667 0.7333 0.1333
~ 0.7333 0.0667 0.8000 0.1333
D 0.8000 0.0667 0.8667 0.1333
E 0.8667 0.0667 0.9333 0.1333
N 0.9333 0.0667 1.0000 0.1333
~ 0.0000 0.1333 0.0667 0.2000
J 0.0667 0.1333 0.1333 0.2000
E 0.1333 0.1333 0.2000 0.2000
S 0.2000 0.1333 0.2667 0.2000
T 0.2667 0.1333 0.3333 0.2000
E 0.3333 0.1333 0.4000 0.2000
D 0.4000 0.1333 0.4667 0.2000
~ 0.4667 0.1333 0.5333 0.2000
~ 0.5333 0.1333 0.6000 0.2000
~ 0.6000 0.1333 0.6667 0.2000
~ 0.6667 0.1333 0.7333 0.2000
F 0.7333 0.1333 0.8000 0.2000
A 0.8000 0.1333 0.8667 0.2000
Y 0.8667 0.1333 0.9333 0.2000
~ 0.9333 0.1333 1.0000 0.2000
~ 0.0000 0.2000 0.0667 0.2667
~ 0.0667 0.2000 0.1333 0.2667
~ 0.1333 0.2000 0.2000 0.2667
C 0.2000 0.2000 0.2667 0.2667
~ 0.2667 0.2000 0.3333 0.2667
~ 0.3333 0.2000 0.4000 0.2667
~ 0.4000 0.2000 0.4667 0.2667
~ 0.4667 0.2000 0.5333 0.2667
~ 0.5333 0.2000 0.6000 0.2667
~ 0.6000 0.2000 0.6667 0.2667
L 0.6667 0.2000 0.7333 0.2667
O 0.7333 0.2000 0.8000 0.2667
P 0.8000 0.2000 0.8667 0.2667
~ 0.8667 0.2000 0.9333 0.2667
~ 0.9333 0.2000 1.0000 0.2667
~ 0.0000 0.2667 0.0667 0.3333
~ 0.0667 0.2667 0.1333 0.3333
H 0.1333 0.2667 0.2000 0.3333
O 0.2000 0.2667 0.2667 0.3333
B 0.2667 0.2667 0.3333 0.3333
~ 0.3333 0.2667 0.4000 0.3333
~ 0.4000 0.2667 0.4667 0.3333
~ 0.4667 0.2667 0.5333 0.3333
~ 0.5333 0.2667 0.6000 0.3333
~ 0.6000 0.2667 0.6667 0.3333
O 0.6667 0.2667 0.7333 0.3333
Y 0.7333 0.2667 0.8000 0.3333
~ 0.8000 0.2667 0.8667 0.3333
~ 0.8667 0.2667 0.9333 0.3333
~ 0.9333 0.2667 1.0000 0.3333
~ 0.0000 0.3333 0.0667 0.4000
R 0.0667 0.3333 0.1333 0.4000
E 0.1333 0.3333 0.2000 0.4000
W 0.2000 0.3333 0.2667 0.4000
O 0.2667 0.3333 0.3333 0.4000
R 0.3333 0.3333 0.4000 0.4000
D 0.4000 0.3333 0.4667 0.4000
~ 0.4667 0.3333 0.5333 0.4000
D 0.5333 0.3333 0.6000 0.4000
~ 0.6000 0.3333 0.6667 0.4000
U 0.6667 0.3333 0.7333 0.4000
~ 0.7333 0.3333 0.8000 0.4000
~ 0.8000 0.3333 0.8667 0.4000
~ 0.8667 0.3333 0.9333 0.4000
~ 0.9333 0.3333 1.0000 0.4000
P 0.0000 0.4000 0.0667 0.4667
A 0.0667 0.4000 0.1333 0.4667
X 0.1333 0.4000 0.2000 0.4667
~ 0.2000 0.4000 0.2667 0.4667
G 0.2667 0.4000 0.3333 0.4667
E 0.3333 0.4000 0.4000 0.4667
E 0.4000 0.4000 0.4667 0.4667
~ 0.4667 0.4000 0.5333 0.4667
A 0.5333 0.4000 0.6000 0.4667
~ 0.6000 0.4000 0.6667 0.4667
I 0.6667 0.4000 0.7333 0.4667
~ 0.7333 0.4000 0.8000 0.4667
~ 0.8000 0.4000 0.8667 0.4667
~ 0.8667 0.4000 0.9333 0.4667
~ 0.9333 0.4000 1.0000 0.4667
I 0.0000 0.4667 0.0667 0.5333
T 0.0667 0.4667 0.1333 0.5333
~ 0.1333 0.4667 0.2000 0.5333
~ 0.2000 0.4667 0.2667 0.5333
~ 0.2667 0.4667 0.3333 0.5333
~ 0.3333 0.4667 0.4000 0.5333
~ 0.4000 0.4667 0.4667 0.5333
O 0.4667 0.4667 0.5333 0.5333
N 0.5333 0.4667 0.6000 0.5333
C 0.6000 0.4667 0.6667 0.5333
E 0.6667 0.4667 0.7333 0.5333
T 0.7333 0.4667 0.8000 0.5333
~ 0.8000 0.4667 0.8667 0.5333
~ 0.8667 0.4667 0.9333 0.5333
~ 0.9333 0.4667 1.0000 0.5333
T 0.0000 0.5333 0.0667 0.6000
I 0.0667 0.5333 0.1333 0.6000
~ 0.1333 0.5333 0.2000 0.6000
~ 0.2000 0.5333 0.2667 0.6000
~ 0.2667 0.5333 0.3333 0.6000
~ 0.3333 0.5333 0.4000 0.6000
Z 0.4000 0.5333 0.4667 0.6000
I 0.4667 0.5333 0.5333 0.6000
G 0.5333 0.5333 0.6000 0.6000
~ 0.6000 0.5333 0.6667 0.6000
~ 0.6667 0.5333 0.7333 0.6000
I 0.7333 0.5333 0.8000 0.6000
~ 0.8000 0.5333 0.8667 0.6000
~ 0.8667 0.5333 0.9333 0.6000
~ 0.9333 0.5333 1.0000 0.6000
~ 0.0000 0.6000 0.0667 0.6667
O 0.0667 0.6000 0.1333 0.6667
~ 0.1333 0.6000 0.2000 0.6667
L 0.2000 0.6000 0.2667 0.6667
U 0.2667 0.6000 0.3333 0.6667
V 0.3333 0.6000 0.4000 0.6667
~ 0.4000 0.6000 0.4667 0.6667
~ 0.4667 0.6000 0.5333 0.6667
L 0.5333 0.6000 0.6000 0.6667
~ 0.6000 0.6000 0.6667 0.6667
~ 0.6667 0.6000 0.7333 0.6667
N 0.7333 0.6000 0.8000 0.6667
~ 0.8000 0.6000 0.8667 0.6667
~ 0.8667 0.6000 0.9333 0.6667
~ 0.9333 0.6000 1.0000 0.6667
~ 0.0000 0.6667 0.0667 0.7333
N 0.0667 0.6667 0.1333 0.7333
~ 0.1333 0.6667 0.2000 0.7333
~ 0.2000 0.6667 0.2667 0.7333
L 0.2667 0.6667 0.3333 0.7333
~ 0.3333 0.6667 0.4000 0.7333
~ 0.4000 0.6667 0.4667 0.7333
H 0.4667 0.6667 0.5333 0.7333
E 0.5333 0.6667 0.6000 0.7333
N 0.6000 0.6667 0.6667 0.7333
~ 0.6667 0.6667 0.7333 0.7333
~ 0.7333 0.6667 0.8000 0.7333
~ 0.8000 0.6667 0.8667 0.7333
~ 0.8667 0.6667 0.9333 0.7333
~ 0.9333 0.6667 1.0000 0.7333
W 0.0000 0.7333 0.0667 0.8000
E 0.0667 0.7333 0.1333 0.8000
A 0.1333 0.7333 0.2000 0.8000
V 0.2000 0.7333 0.2667 0.8000
E 0.2667 0.7333 0.3333 0.8000
~ 0.3333 0.7333 0.4000 0.8000
~ 0.4000 0.7333 0.4667 0.8000
A 0.4667 0.7333 0.5333 0.8000
R 0.5333 0.7333 0.6000 0.8000
E 0.6000 0.7333 0.6667 0.8000
~ 0.6667 0.7333 0.7333 0.8000
~ 0.7333 0.7333 0.8000 0.8000
~ 0.8000 0.7333 0.8667 0.8000
~ 0.8667 0.7333 0.9333 0.8000
~ 0.9333 0.7333 1.0000 0.8000
~ 0.0000 0.8000 0.0667 0.8667
R 0.0667 0.8000 0.1333 0.8667
~ 0.1333 0.8000 0.2000 0.8667
~ 0.2000 0.8000 0.2667 0.8667
~ 0.2667 0.8000 0.3333 0.8667
~ 0.3333 0.8000 0.4000 0.8667
M 0.4000 0.8000 0.4667 0.8667
U 0.4667 0.8000 0.5333 0.8667
S 0.5333 0.8000 0.6000 0.8667
T 0.6000 0.8000 0.6667 0.8667
~ 0.6667 0.8000 0.7333 0.8667
~ 0.7333 0.8000 0.8000 0.8667
~ 0.8000 0.8000 0.8667 0.8667
~ 0.8667 0.8000 0.9333 0.8667
~ 0.9333 0.8000 1.0000 0.8667
~ 0.0000 0.8667 0.0667 0.9333
S 0.0667 0.8667 0.1333 0.9333
U 0.1333 0.8667 0.2000 0.9333
R 0.2000 0.8667 0.2667 0.9333
F 0.2667 0.8667 0.3333 0.9333
~ 0.3333 0.8667 0.4000 0.9333
O 0.4000 0.8667 0.4667 0.9333
N 0.4667 0.8667 0.5333 0.9333
~ 0.5333 0.8667 0.6000 0.9333
~ 0.6000 0.8667 0.6667 0.9333
~ 0.6667 0.8667 0.7333 0.9333
~ 0.7333 0.8667 0.8000 0.9333
~ 0.8000 0.8667 0.8667 0.9333
~ 0.8667 0.8667 0.9333 0.9333
~ 0.9333 0.8667 1.0000 0.9333
~ 0.0000 0.9333 0.0667 1.0000
~ 0.0667 0.9333 0.1333 1.0000
~ 0.1333 0.9333 0.2000 1.0000
~ 0.2000 0.9333 0.2667 1.0000
~ 0.2667 0.9333 0.3333 1.0000
~ 0.3333 0.9333 0.4000 1.0000
A 0.4000 0.9333 0.4667 1.0000
T 0.4667 0.9333 0.5333 1.0000
~ 0.5333 0.9333 0.6000 1.0000
~ 0.6000 0.9333 0.6667 1.0000
~ 0.6667 0.9333 0.7333 1.0000
~ 0.7333 0.9333 0.8000 1.0000
~ 0.8000 0.9333 0.8667 1.0000
~ 0.8667 0.9333 0.9333 1.0000
~ 0.9333 0.9333 1.0000 1.0000
