~ 0.0000 0.0000 0.0667 0.0667
~ 0.0667 0.0000 0.1333 0.0667
I 0.1333 0.0000 0.2000 0.0667
F 0.2000 0.0000 0.2667 0.0667
~ 0.2667 0.0000 0.3333 0.0667
~ 0.3333 0.0000 0.4000 0.0667
~ 0.4000 0.0000 0.4667 0.0667
F 0.4667 0.0000 0.5333 0.0667
~ 0.5333 0.0000 0.6000 0.0667
~ 0.6000 0.0000 0.6667 0.0667
Q 0.6667 0.0000 0.7333 0.0667
~ 0.7333 0.0000 0.8000 0.0667
R 0.8000 0.0000 0.8667 0.0667
O 0.8667 0.0000 0.9333 0.0667
W 0.9333 0.0000 1.0000 0.0667
~ 0.0000 0.0667 0.0667 0.1333
~ 0.0667 0.0667 0.1333 0.1333
~ 0.1333 0.0667 0.2000 0.1333
L 0.2000 0.0667 0.2667 0.1333
~ 0.2667 0.0667 0.3333 0.1333
O 0.3333 0.0667 0.4000 0.1333
~ 0.4000 0.0667 0.4667 0.1333
E 0.4667 0.0667 0.5333 0.1333
R 0.5333 0.0667 0.6000 0.1333
B 0.6000 0.0667 0.6667 0.1333
I 0.6667 0.0667 0.7333 0.1333
T 0.7333 0.0667 0.8000 0.1333
E 0.8000 0.0667 0.8667 0.1333
~ 0.8667 0.0667 0.9333 0.1333
~ 0.9333 0.0667 1.0000 0.1333
~ 0.0000 0.1333 0.0667 0.2000
~ 0.0667 0.1333 0.1333 0.2000
J 0.1333 0.1333 0.2000 0.2000
U 0.2000 0.1333 0.2667 0.2000
B 0.2667 0.1333 0.3333 0.2000
E 0.3333 0.1333 0.4000 0.2000
~ 0.4000 0.1333 0.4667 0.2000
W 0.4667 0.1333 0.5333 0.2000
E 0.5333 0.1333 0.6000 0.2000
~ 0.6000 0.1333 0.6667 0.2000
~ 0.6667 0.1333 0.7333 0.2000
O 0.7333 0.1333 0.8000 0.2000
V 0.8000 0.1333 0.8667 0.2000
A 0.8667 0.1333 0.9333 0.2000
L 0.9333 0.1333 1.0000 0.2000
~ 0.0000 0.2000 0.0667 0.2667
D 0.0667 0.2000 0.1333 0.2667
O 0.1333 0.2000 0.2000 0.2667
N 0.2000 0.2000 0.2667 0.2667
A 0.2667 0.2000 0.3333 0.2667
S 0.3333 0.2000 0.4000 0.2667
~ 0.4000 0.2000 0.4667 0.2667
~ 0.4667 0.2000 0.5333 0.2667
D 0.5333 0.2000 0.6000 0.2667
E 0.6000 0.2000 0.6667 0.2667
~ 0.6667 0.2000 0.7333 0.2667
~ 0.7333 0.2000 0.8000 0.2667
~ 0.8000 0.2000 0.8667 0.2667
~ 0.8667 0.2000 0.9333 0.2667
I 0.9333 0.2000 1.0000 0.2667
~ 0.0000 0.2667 0.0667 0.3333
~ 0.0667 0.2667 0.1333 0.3333
~ 0.1333 0.2667 0.2000 0.3333
G 0.2000 0.2667 0.2667 0.3333
~ 0.2667 0.2667 0.3333 0.3333
~ 0.3333 0.2667 0.4000 0.3333
~ 0.4000 0.2667 0.4667 0.3333
~ 0.4667 0.2667 0.5333 0.3333
I 0.5333 0.2667 0.6000 0.3333
T 0.6000 0.2667 0.6667 0.3333
~ 0.6667 0.2667 0.7333 0.3333
~ 0.7333 0.2667 0.8000 0.3333
~ 0.8000 0.2667 0.8667 0.3333
~ 0.8667 0.2667 0.9333 0.3333
G 0.9333 0.2667 1.0000 0.3333
~ 0.0000 0.3333 0.0667 0.4000
~ 0.0667 0.3333 0.1333 0.4000
~ 0.1333 0.3333 0.2000 0.4000
~ 0.2000 0.3333 0.2667 0.4000
~ 0.2667 0.3333 0.3333 0.4000
M 0.3333 0.3333 0.4000 0.4000
I 0.4000 0.3333 0.4667 0.4000
~ 0.4667 0.3333 0.5333 0.4000
A 0.5333 0.3333 0.6000 0.4000
H 0.6000 0.3333 0.6667 0.4000
~ 0.6667 0.3333 0.7333 0.4000
~ 0.7333 0.3333 0.8000 0.4000
~ 0.8000 0.3333 0.8667 0.4000
Y 0.8667 0.3333 0.9333 0.4000
A 0.9333 0.3333 1.0000 0.4000
~ 0.0000 0.4000 0.0667 0.4667
~ 0.0667 0.4000 0.1333 0.4667
K 0.1333 0.4000 0.2000 0.4667
A 0.2000 0.4000 0.2667 0.4667
V 0.2667 0.4000 0.3333 0.4667
A 0.3333 0.4000 0.4000 0.4667
~ 0.4000 0.4000 0.4667 0.4667
~ 0.4667 0.4000 0.5333 0.4667
L 0.5333 0.4000 0.6000 0.4667
~ 0.6000 0.4000 0.6667 0.4667
~ 0.6667 0.4000 0.7333 0.4667
~ 0.7333 0.4000 0.8000 0.4667
~ 0.8000 0.4000 0.8667 0.4667
E 0.8667 0.4000 0.9333 0.4667
T 0.9333 0.4000 1.0000 0.4667
~ 0.0000 0.4667 0.0667 0.5333
C 0.0667 0.4667 0.1333 0.5333
A 0.1333 0.4667 0.2000 0.5333
M 0.2000 0.4667 0.2667 0.5333
I 0.2667 0.4667 0.3333 0.5333
S 0.3333 0.4667 0.4000 0.5333
I 0.4000 0.4667 0.4667 0.5333
A 0.4667 0.4667 0.5333 0.5333
S 0.5333 0.4667 0.6000 0.5333
~ 0.6000 0.4667 0.6667 0.5333
~ 0.6667 0.4667 0.7333 0.5333
~ 0.7333 0.4667 0.8000 0.5333
O 0.8000 0.4667 0.8667 0.5333
N 0.8667 0.4667 0.9333 0.5333
O 0.9333 0.4667 1.0000 0.5333
~ 0.0000 0.5333 0.0667 0.6000
O 0.0667 0.5333 0.1333 0.6000
~ 0.1333 0.5333 0.2000 0.6000
~ 0.2000 0.5333 0.2667 0.6000
N 0.2667 0.5333 0.3333 0.6000
~ 0.3333 0.5333 0.4000 0.6000
~ 0.4000 0.5333 0.4667 0.6000
~ 0.4667 0.5333 0.5333 0.6000
~ 0.5333 0.5333 0.6000 0.6000
~ 0.6000 0.5333 0.6667 0.6000
~ 0.6667 0.5333 0.7333 0.6000
~ 0.7333 0.5333 0.8000 0.6000
D 0.8000 0.5333 0.8667 0.6000
~ 0.8667 0.5333 0.9333 0.6000
R 0.9333 0.5333 1.0000 0.6000
~ 0.0000 0.6000 0.0667 0.6667
Z 0.0667 0.6000 0.1333 0.6667
~ 0.1333 0.6000 0.2000 0.6667
P 0.2000 0.6000 0.2667 0.6667
E 0.2667 0.6000 0.3333 0.6667
H 0.3333 0.6000 0.4000 0.6667
~ 0.4000 0.6000 0.4667 0.6667
~ 0.4667 0.6000 0.5333 0.6667
~ 0.5333 0.6000 0.6000 0.6667
~ 0.6000 0.6000 0.6667 0.6667
~ 0.6667 0.6000 0.7333 0.6667
~ 0.7333 0.6000 0.8000 0.6667
I 0.8000 0.6000 0.8667 0.6667
~ 0.8667 0.6000 0.9333 0.6667
~ 0.9333 0.6000 1.0000 0.6667
~ 0.0000 0.6667 0.0667 0.7333
E 0.0667 0.6667 0.1333 0.7333
~ 0.1333 0.6667 0.2000 0.7333
E 0.2000 0.6667 0.2667 0.7333
G 0.2667 0.6667 0.3333 0.7333
O 0.3333 0.6667 0.4000 0.7333
~ 0.4000 0.6667 0.4667 0.7333
~ 0.4667 0.6667 0.5333 0.7333
~ 0.5333 0.6667 0.6000 0.7333
~ 0.6000 0.6667 0.6667 0.7333
~ 0.6667 0.6667 0.7333 0.7333
~ 0.7333 0.6667 0.8000 0.7333
~ 0.8000 0.6667 0.8667 0.7333
~ 0.8667 0.6667 0.9333 0.7333
~ 0.9333 0.6667 1.0000 0.7333
~ 0.0000 0.7333 0.0667 0.8000
N 0.0667 0.7333 0.1333 0.8000
~ 0.1333 0.7333 0.2000 0.8000
N 0.2000 0.7333 0.2667 0.8000
A 0.2667 0.7333 0.3333 0.8000
N 0.3333 0.7333 0.4000 0.8000
~ 0.4000 0.7333 0.4667 0.8000
~ 0.4667 0.7333 0.5333 0.8000
~ 0.5333 0.7333 0.6000 0.8000
C 0.6000 0.7333 0.6667 0.8000
U 0.6667 0.7333 0.7333 0.8000
T 0.7333 0.7333 0.8000 0.8000
U 0.8000 0.7333 0.8667 0.8000
P 0.8667 0.7333 0.9333 0.8000
~ 0.9333 0.7333 1.0000 0.8000
R 0.0000 0.8000 0.0667 0.8667
E 0.0667 0.8000 0.1333 0.8667
~ 0.1333 0.8000 0.2000 0.8667
T 0.2000 0.8000 0.2667 0.8667
R 0.2667 0.8000 0.3333 0.8667
E 0.3333 0.8000 0.4000 0.8667
T 0.4000 0.8000 0.4667 0.8667
~ 0.4667 0.8000 0.5333 0.8667
~ 0.5333 0.8000 0.6000 0.8667
~ 0.6000 0.8000 0.6667 0.8667
~ 0.6667 0.8000 0.7333 0.8667
~ 0.7333 0.8000 0.8000 0.8667
S 0.8000 0.8000 0.8667 0.8667
I 0.8667 0.8000 0.9333 0.8667
~ 0.9333 0.8000 1.0000 0.8667
E 0.0000 0.8667 0.0667 0.9333
D 0.0667 0.8667 0.1333 0.9333
~ 0.1333 0.8667 0.2000 0.9333
~ 0.2000 0.8667 0.2667 0.9333
Y 0.2667 0.8667 0.3333 0.9333
~ 0.3333 0.8667 0.4000 0.9333
~ 0.4000 0.8667 0.4667 0.9333
~ 0.4667 0.8667 0.5333 0.9333
~ 0.5333 0.8667 0.6000 0.9333
~ 0.6000 0.8667 0.6667 0.9333
~ 0.6667 0.8667 0.7333 0.9333
~ 0.7333 0.8667 0.8000 0.9333
~ 0.8000 0.8667 0.8667 0.9333
~ 0.8667 0.8667 0.9333 0.9333
~ 0.9333 0.8667 1.0000 0.9333
X 0.0000 0.9333 0.0667 1.0000
~ 0.0667 0.9333 0.1333 1.0000
~ 0.1333 0.9333 0.2000 1.0000
~ 0.2000 0.9333 0.2667 1.0000
~ 0.2667 0.9333 0.3333 1.0000
~ 0.3333 0.9333 0.4000 1.0000
~ 0.4000 0.9333 0.4667 1.0000
~ 0.4667 0.9333 0.5333 1.0000
~ 0.5333 0.9333 0.6000 1.0000
~ 0.6000 0.9333 0.6667 1.0000
~ 0.6667 0.9333 0.7333 1.0000
~ 0.7333 0.9333 0.8000 1.0000
~ 0.8000 0.9333 0.8667 1.0000
~ 0.8667 0.9333 0.9333 1.0000
~ 0.9333 0.9333 1.0000 1.0000
