V 0.0000 0.0000 0.0667 0.0667
~ 0.0667 0.0000 0.1333 0.0667
~ 0.1333 0.0000 0.2000 0.0667
~ 0.2000 0.0000 0.2667 0.0667
~ 0.2667 0.0000 0.3333 0.0667
~ 0.3333 0.0000 0.4000 0.0667
~ 0.4000 0.0000 0.4667 0.0667
E 0.4667 0.0000 0.5333 0.0667
N 0.5333 0.0000 0.6000 0.0667
G 0.6000 0.0000 0.6667 0.0667
I 0.6667 0.0000 0.7333 0.0667
R 0.7333 0.0000 0.8000 0.0667
D 0.8000 0.0000 0.8667 0.0667
L 0.8667 0.0000 0.9333 0.0667
E 0.9333 0.0000 1.0000 0.0667
O 0.0000 0.0667 0.0667 0.1333
W 0.0667 0.0667 0.1333 0.1333
~ 0.1333 0.0667 0.2000 0.1333
~ 0.2000 0.0667 0.2667 0.1333
~ 0.2667 0.0667 0.3333 0.1333
F 0.3333 0.0667 0.4000 0.1333
A 0.4000 0.0667 0.4667 0.1333
V 0.4667 0.0667 0.5333 0.1333
A 0.5333 0.0667 0.6000 0.1333
~ 0.6000 0.0667 0.6667 0.1333
~ 0.6667 0.0667 0.7333 0.1333
~ 0.7333 0.0667 0.8000 0.1333
~ 0.8000 0.0667 0.8667 0.1333
~ 0.8667 0.0667 0.9333 0.1333
~ 0.9333 0.0667 1.0000 0.1333
W 0.0000 0.1333 0.0667 0.2000
O 0.0667 0.1333 0.1333 0.2000
~ 0.1333 0.1333 0.2000 0.2000
~ 0.2000 0.1333 0.2667 0.2000
~ 0.2667 0.1333 0.3333 0.2000
~ 0.3333 0.1333 0.4000 0.2000
~ 0.4000 0.1333 0.4667 0.2000
A 0.4667 0.1333 0.5333 0.2000
~ 0.5333 0.1333 0.6000 0.2000
~ 0.6000 0.1333 0.6667 0.2000
~ 0.6667 0.1333 0.7333 0.2000
~ 0.7333 0.1333 0.8000 0.2000
K 0.8000 0.1333 0.8667 0.2000
O 0.8667 0.1333 0.9333 0.2000
I 0.9333 0.1333 1.0000 0.2000
I 0.0000 0.2000 0.0667 0.2667
~ 0.0667 0.2000 0.1333 0.2667
Q 0.1333 0.2000 0.2000 0.2667
~ 0.2000 0.2000 0.2667 0.2667
~ 0.2667 0.2000 0.3333 0.2667
~ 0.3333 0.2000 0.4000 0.2667
~ 0.4000 0.2000 0.4667 0.2667
D 0.4667 0.2000 0.5333 0.2667
H 0.5333 0.2000 0.6000 0.2667
U 0.6000 0.2000 0.6667 0.2667
R 0.6667 0.2000 0.7333 0.2667
N 0.7333 0.2000 0.8000 0.2667
A 0.8000 0.2000 0.8667 0.2667
~ 0.8667 0.2000 0.9333 0.2667
~ 0.9333 0.2000 1.0000 0.2667
N 0.0000 0.2667 0.0667 0.3333
O 0.0667 0.2667 0.1333 0.3333
I 0.1333 0.2667 0.2000 0.3333
~ 0.2000 0.2667 0.2667 0.3333
E 0.2667 0.2667 0.3333 0.3333
T 0.3333 0.2667 0.4000 0.3333
T 0.4000 0.2667 0.4667 0.3333
E 0.4667 0.2667 0.5333 0.3333
~ 0.5333 0.2667 0.6000 0.3333
~ 0.6000 0.2667 0.6667 0.3333
~ 0.6667 0.2667 0.7333 0.3333
~ 0.7333 0.2667 0.8000 0.3333
~ 0.8000 0.2667 0.8667 0.3333
~ 0.8667 0.2667 0.9333 0.3333
~ 0.9333 0.2667 1.0000 0.3333
G 0.0000 0.3333 0.0667 0.4000
~ 0.0667 0.3333 0.1333 0.4000
~ 0.1333 0.3333 0.2000 0.4000
~ 0.2000 0.3333 0.2667 0.4000
I 0.2667 0.3333 0.3333 0.4000
~ 0.3333 0.3333 0.4000 0.4000
~ 0.4000 0.3333 0.4667 0.4000
~ 0.4667 0.3333 0.5333 0.4000
~ 0.5333 0.3333 0.6000 0.4000
~ 0.6000 0.3333 0.6667 0.4000
P 0.6667 0.3333 0.7333 0.4000
~ 0.7333 0.3333 0.8000 0.4000
~ 0.8000 0.3333 0.8667 0.4000
~ 0.8667 0.3333 0.9333 0.4000
~ 0.9333 0.3333 1.0000 0.4000
~ 0.0000 0.4000 0.0667 0.4667
~ 0.0667 0.4000 0.1333 0.4667
~ 0.1333 0.4000 0.2000 0.4667
~ 0.2000 0.4000 0.2667 0.4667
B 0.2667 0.4000 0.3333 0.4667
~ 0.3333 0.4000 0.4000 0.4667
~ 0.4000 0.4000 0.4667 0.4667
Z 0.4667 0.4000 0.5333 0.4667
~ 0.5333 0.4000 0.6000 0.4667
~ 0.6000 0.4000 0.6667 0.4667
A 0.6667 0.4000 0.7333 0.4667
E 0.7333 0.4000 0.8000 0.4667
~ 0.8000 0.4000 0.8667 0.4667
~ 0.8667 0.4000 0.9333 0.4667
~ 0.9333 0.4000 1.0000 0.4667
~ 0.0000 0.4667 0.0667 0.5333
~ 0.0667 0.4667 0.1333 0.5333
~ 0.1333 0.4667 0.2000 0.5333
R 0.2000 0.4667 0.2667 0.5333
A 0.2667 0.4667 0.3333 0.5333
T 0.3333 0.4667 0.4000 0.5333
L 0.4000 0.4667 0.4667 0.5333
I 0.4667 0.4667 0.5333 0.5333
N 0.5333 0.4667 0.6000 0.5333
~ 0.6000 0.4667 0.6667 0.5333
E 0.6667 0.4667 0.7333 0.5333
X 0.7333 0.4667 0.8000 0.5333
U 0.8000 0.4667 0.8667 0.5333
D 0.8667 0.4667 0.9333 0.5333
E 0.9333 0.4667 1.0000 0.5333
~ 0.0000 0.5333 0.0667 0.6000
~ 0.0667 0.5333 0.1333 0.6000
~ 0.1333 0.5333 0.2000 0.6000
~ 0.2000 0.5333 0.2667 0.6000
~ 0.2667 0.5333 0.3333 0.6000
~ 0.3333 0.5333 0.4000 0.6000
~ 0.4000 0.5333 0.4667 0.6000
T 0.4667 0.5333 0.5333 0.6000
O 0.5333 0.5333 0.6000 0.6000
Y 0.6000 0.5333 0.6667 0.6000
S 0.6667 0.5333 0.7333 0.6000
~ 0.7333 0.5333 0.8000 0.6000
~ 0.8000 0.5333 0.8667 0.6000
U 0.8667 0.5333 0.9333 0.6000
~ 0.9333 0.5333 1.0000 0.6000
~ 0.0000 0.6000 0.0667 0.6667
~ 0.0667 0.6000 0.1333 0.6667
~ 0.1333 0.6000 0.2000 0.6667
~ 0.2000 0.6000 0.2667 0.6667
~ 0.2667 0.6000 0.3333 0.6667
F 0.3333 0.6000 0.4000 0.6667
E 0.4000 0.6000 0.4667 0.6667
S 0.4667 0.6000 0.5333 0.6667
T 0.5333 0.6000 0.6000 0.6667
~ 0.6000 0.6000 0.6667 0.6667
A 0.6667 0.6000 0.7333 0.6667
~ 0.7333 0.6000 0.8000 0.6667
~ 0.8000 0.6000 0.8667 0.6667
I 0.8667 0.6000 0.9333 0.6667
D 0.9333 0.6000 1.0000 0.6667
C 0.0000 0.6667 0.0667 0.7333
O 0.0667 0.6667 0.1333 0.7333
U 0.1333 0.6667 0.2000 0.7333
N 0.2000 0.6667 0.2667 0.7333
T 0.2667 0.6667 0.3333 0.7333
E 0.3333 0.6667 0.4000 0.7333
R 0.4000 0.6667 0.4667 0.7333
~ 0.4667 0.6667 0.5333 0.7333
~ 0.5333 0.6667 0.6000 0.7333
~ 0.6000 0.6667 0.6667 0.7333
N 0.6667 0.6667 0.7333 0.7333
~ 0.7333 0.6667 0.8000 0.7333
~ 0.8000 0.6667 0.8667 0.7333
~ 0.8667 0.6667 0.9333 0.7333
R 0.9333 0.6667 1.0000 0.7333
~ 0.0000 0.7333 0.0667 0.8000
~ 0.0667 0.7333 0.1333 0.8000
~ 0.1333 0.7333 0.2000 0.8000
~ 0.2000 0.7333 0.2667 0.8000
~ 0.2667 0.7333 0.3333 0.8000
~ 0.3333 0.7333 0.4000 0.8000
~ 0.4000 0.7333 0.4667 0.8000
~ 0.4667 0.7333 0.5333 0.8000
~ 0.5333 0.7333 0.6000 0.8000
M 0.6000 0.7333 0.6667 0.8000
I 0.6667 0.7333 0.7333 0.8000
S 0.7333 0.7333 0.8000 0.8000
~ 0.8000 0.7333 0.8667 0.8000
~ 0.8667 0.7333 0.9333 0.8000
A 0.9333 0.7333 1.0000 0.8000
~ 0.0000 0.8000 0.0667 0.8667
~ 0.0667 0.8000 0.1333 0.8667
~ 0.1333 0.8000 0.2000 0.8667
~ 0.2000 0.8000 0.2667 0.8667
~ 0.2667 0.8000 0.3333 0.8667
~ 0.3333 0.8000 0.4000 0.8667
~ 0.4000 0.8000 0.4667 0.8667
~ 0.4667 0.8000 0.5333 0.8667
~ 0.5333 0.8000 0.6000 0.8667
O 0.6000 0.8000 0.6667 0.8667
~ 0.6667 0.8000 0.7333 0.8667
A 0.7333 0.8000 0.8000 0.8667
E 0.8000 0.8000 0.8667 0.8667
~ 0.8667 0.8000 0.9333 0.8667
I 0.9333 0.8000 1.0000 0.8667
~ 0.0000 0.8667 0.0667 0.9333
~ 0.0667 0.8667 0.1333 0.9333
~ 0.1333 0.8667 0.2000 0.9333
~ 0.2000 0.8667 0.2667 0.9333
~ 0.2667 0.8667 0.3333 0.9333
~ 0.3333 0.8667 0.4000 0.9333
~ 0.4000 0.8667 0.4667 0.9333
~ 0.4667 0.8667 0.5333 0.9333
~ 0.5333 0.8667 0.6000 0.9333
B 0.6000 0.8667 0.6667 0.9333
~ 0.6667 0.8667 0.7333 0.9333
M 0.7333 0.8667 0.8000 0.9333
Y 0.8000 0.8667 0.8667 0.9333
~ 0.8667 0.8667 0.9333 0.9333
G 0.9333 0.8667 1.0000 0.9333
~ 0.0000 0.9333 0.0667 1.0000
~ 0.0667 0.9333 0.1333 1.0000
~ 0.1333 0.9333 0.2000 1.0000
~ 0.2000 0.9333 0.2667 1.0000
~ 0.2667 0.9333 0.3333 1.0000
J 0.3333 0.9333 0.4000 1.0000
E 0.4000 0.9333 0.4667 1.0000
L 0.4667 0.9333 0.5333 1.0000
L 0.5333 0.9333 0.6000 1.0000
S 0.6000 0.9333 0.6667 1.0000
~ 0.6667 0.9333 0.7333 1.0000
P 0.7333 0.9333 0.8000 1.0000
E 0.8000 0.9333 0.8667 1.0000
~ 0.8667 0.9333 0.9333 1.0000
H 0.9333 0.9333 1.0000 1.0000
