~ 0.0000 0.0000 0.0667 0.0667
~ 0.0667 0.0000 0.1333 0.0667
~ 0.1333 0.0000 0.2000 0.0667
A 0.2000 0.0000 0.2667 0.0667
~ 0.2667 0.0000 0.3333 0.0667
~ 0.3333 0.0000 0.4000 0.0667
N 0.4000 0.0000 0.4667 0.0667
O 0.4667 0.0000 0.5333 0.0667
G 0.5333 0.0000 0.6000 0.0667
~ 0.6000 0.0000 0.6667 0.0667
S 0.6667 0.0000 0.7333 0.0667
I 0.7333 0.0000 0.8000 0.0667
~ 0.8000 0.0000 0.8667 0.0667
~ 0.8667 0.0000 0.9333 0.0667
R 0.9333 0.0000 1.0000 0.0667
~ 0.0000 0.0667 0.0667 0.1333
C 0.0667 0.0667 0.1333 0.1333
U 0.1333 0.0667 0.2000 0.1333
R 0.2000 0.0667 0.2667 0.1333
I 0.2667 0.0667 0.3333 0.1333
O 0.3333 0.0667 0.4000 0.1333
U 0.4000 0.0667 0.4667 0.1333
S 0.4667 0.0667 0.5333 0.1333
~ 0.5333 0.0667 0.6000 0.1333
~ 0.6000 0.0667 0.6667 0.1333
~ 0.6667 0.0667 0.7333 0.1333
~ 0.7333 0.0667 0.8000 0.1333
~ 0.8000 0.0667 0.8667 0.1333
~ 0.8667 0.0667 0.9333 0.1333
E 0.9333 0.0667 1.0000 0.1333
~ 0.0000 0.1333 0.0667 0.2000
I 0.0667 0.1333 0.1333 0.2000
~ 0.1333 0.1333 0.2000 0.2000
A 0.2000 0.1333 0.2667 0.2000
~ 0.2667 0.1333 0.3333 0.2000
~ 0.3333 0.1333 0.4000 0.2000
~ 0.4000 0.1333 0.4667 0.2000
~ 0.4667 0.1333 0.5333 0.2000
~ 0.5333 0.1333 0.6000 0.2000
~ 0.6000 0.1333 0.6667 0.2000
~ 0.6667 0.1333 0.7333 0.2000
~ 0.7333 0.1333 0.8000 0.2000
B 0.8000 0.1333 0.8667 0.2000
O 0.8667 0.1333 0.9333 0.2000
A 0.9333 0.1333 1.0000 0.2000
~ 0.0000 0.2000 0.0667 0.2667
A 0.0667 0.2000 0.1333 0.2667
~ 0.1333 0.2000 0.2000 0.2667
N 0.2000 0.2000 0.2667 0.2667
E 0.2667 0.2000 0.3333 0.2667
~ 0.3333 0.2000 0.4000 0.2667
~ 0.4000 0.2000 0.4667 0.2667
~ 0.4667 0.2000 0.5333 0.2667
~ 0.5333 0.2000 0.6000 0.2667
Z 0.6000 0.2000 0.6667 0.2667
A 0.6667 0.2000 0.7333 0.2667
G 0.7333 0.2000 0.8000 0.2667
~ 0.8000 0.2000 0.8667 0.2667
~ 0.8667 0.2000 0.9333 0.2667
P 0.9333 0.2000 1.0000 0.2667
~ 0.0000 0.2667 0.0667 0.3333
O 0.0667 0.2667 0.1333 0.3333
~ 0.1333 0.2667 0.2000 0.3333
E 0.2000 0.2667 0.2667 0.3333
X 0.2667 0.2667 0.3333 0.3333
~ 0.3333 0.2667 0.4000 0.3333
~ 0.4000 0.2667 0.4667 0.3333
~ 0.4667 0.2667 0.5333 0.3333
~ 0.5333 0.2667 0.6000 0.3333
~ 0.6000 0.2667 0.6667 0.3333
H 0.6667 0.2667 0.7333 0.3333
U 0.7333 0.2667 0.8000 0.3333
E 0.8000 0.2667 0.8667 0.3333
~ 0.8667 0.2667 0.9333 0.3333
E 0.9333 0.2667 1.0000 0.3333
~ 0.0000 0.3333 0.0667 0.4000
~ 0.0667 0.3333 0.1333 0.4000
~ 0.1333 0.3333 0.2000 0.4000
~ 0.2000 0.3333 0.2667 0.4000
~ 0.2667 0.3333 0.3333 0.4000
D 0.3333 0.3333 0.4000 0.4000
~ 0.4000 0.3333 0.4667 0.4000
~ 0.4667 0.3333 0.5333 0.4000
F 0.5333 0.3333 0.6000 0.4000
L 0.6000 0.3333 0.6667 0.4000
I 0.6667 0.3333 0.7333 0.4000
N 0.7333 0.3333 0.8000 0.4000
T 0.8000 0.3333 0.8667 0.4000
E 0.8667 0.3333 0.9333 0.4000
D 0.9333 0.3333 1.0000 0.4000
~ 0.0000 0.4000 0.0667 0.4667
~ 0.0667 0.4000 0.1333 0.4667
O 0.1333 0.4000 0.2000 0.4667
D 0.2000 0.4000 0.2667 0.4667
~ 0.2667 0.4000 0.3333 0.4667
R 0.3333 0.4000 0.4000 0.4667
~ 0.4000 0.4000 0.4667 0.4667
Y 0.4667 0.4000 0.5333 0.4667
E 0.5333 0.4000 0.6000 0.4667
~ 0.6000 0.4000 0.6667 0.4667
~ 0.6667 0.4000 0.7333 0.4667
~ 0.7333 0.4000 0.8000 0.4667
~ 0.8000 0.4000 0.8667 0.4667
~ 0.8667 0.4000 0.9333 0.4667
~ 0.9333 0.4000 1.0000 0.4667
H 0.0000 0.4667 0.0667 0.5333
U 0.0667 0.4667 0.1333 0.5333
P 0.1333 0.4667 0.2000 0.5333
~ 0.2000 0.4667 0.2667 0.5333
~ 0.2667 0.4667 0.3333 0.5333
A 0.3333 0.4667 0.4000 0.5333
J 0.4000 0.4667 0.4667 0.5333
A 0.4667 0.4667 0.5333 0.5333
R 0.5333 0.4667 0.6000 0.5333
~ 0.6000 0.4667 0.6667 0.5333
Q 0.6667 0.4667 0.7333 0.5333
~ 0.7333 0.4667 0.8000 0.5333
~ 0.8000 0.4667 0.8667 0.5333
~ 0.8667 0.4667 0.9333 0.5333
~ 0.9333 0.4667 1.0000 0.5333
~ 0.0000 0.5333 0.0667 0.6000
~ 0.0667 0.5333 0.1333 0.6000
T 0.1333 0.5333 0.2000 0.6000
~ 0.2000 0.5333 0.2667 0.6000
~ 0.2667 0.5333 0.3333 0.6000
M 0.3333 0.5333 0.4000 0.6000
~ 0.4000 0.5333 0.4667 0.6000
G 0.4667 0.5333 0.5333 0.6000
E 0.5333 0.5333 0.6000 0.6000
N 0.6000 0.5333 0.6667 0.6000
I 0.6667 0.5333 0.7333 0.6000
T 0.7333 0.5333 0.8000 0.6000
O 0.8000 0.5333 0.8667 0.6000
R 0.8667 0.5333 0.9333 0.6000
~ 0.9333 0.5333 1.0000 0.6000
~ 0.0000 0.6000 0.0667 0.6667
W 0.0667 0.6000 0.1333 0.6667
I 0.1333 0.6000 0.2000 0.6667
N 0.2000 0.6000 0.2667 0.6667
K 0.2667 0.6000 0.3333 0.6667
S 0.3333 0.6000 0.4000 0.6667
~ 0.4000 0.6000 0.4667 0.6667
~ 0.4667 0.6000 0.5333 0.6667
~ 0.5333 0.6000 0.6000 0.6667
~ 0.6000 0.6000 0.6667 0.6667
~ 0.6667 0.6000 0.7333 0.6667
~ 0.7333 0.6000 0.8000 0.6667
V 0.8000 0.6000 0.8667 0.6667
~ 0.8667 0.6000 0.9333 0.6667
~ 0.9333 0.6000 1.0000 0.6667
~ 0.0000 0.6667 0.0667 0.7333
C 0.0667 0.6667 0.1333 0.7333
C 0.1333 0.6667 0.2000 0.7333
~ 0.2000 0.6667 0.2667 0.7333
~ 0.2667 0.6667 0.3333 0.7333
~ 0.3333 0.6667 0.4000 0.7333
~ 0.4000 0.6667 0.4667 0.7333
~ 0.4667 0.6667 0.5333 0.7333
~ 0.5333 0.6667 0.6000 0.7333
~ 0.6000 0.6667 0.6667 0.7333
~ 0.6667 0.6667 0.7333 0.7333
~ 0.7333 0.6667 0.8000 0.7333
A 0.8000 0.6667 0.8667 0.7333
~ 0.8667 0.6667 0.9333 0.7333
~ 0.9333 0.6667 1.0000 0.7333
B 0.0000 0.7333 0.0667 0.8000
O 0.0667 0.7333 0.1333 0.8000
I 0.1333 0.7333 0.2000 0.8000
L 0.2000 0.7333 0.2667 0.8000
E 0.2667 0.7333 0.3333 0.8000
R 0.3333 0.7333 0.4000 0.8000
~ 0.4000 0.7333 0.4667 0.8000
~ 0.4667 0.7333 0.5333 0.8000
~ 0.5333 0.7333 0.6000 0.8000
~ 0.6000 0.7333 0.6667 0.8000
~ 0.6667 0.7333 0.7333 0.8000
~ 0.7333 0.7333 0.8000 0.8000
L 0.8000 0.7333 0.8667 0.8000
~ 0.8667 0.7333 0.9333 0.8000
~ 0.9333 0.7333 1.0000 0.8000
~ 0.0000 0.8000 0.0667 0.8667
~ 0.0667 0.8000 0.1333 0.8667
A 0.1333 0.8000 0.2000 0.8667
~ 0.2000 0.8000 0.2667 0.8667
D 0.2667 0.8000 0.3333 0.8667
E 0.3333 0.8000 0.4000 0.8667
M 0.4000 0.8000 0.4667 0.8667
O 0.4667 0.8000 0.5333 0.8667
T 0.5333 0.8000 0.6000 0.8667
~ 0.6000 0.8000 0.6667 0.8667
~ 0.6667 0.8000 0.7333 0.8667
~ 0.7333 0.8000 0.8000 0.8667
I 0.8000 0.8000 0.8667 0.8667
~ 0.8667 0.8000 0.9333 0.8667
~ 0.9333 0.8000 1.0000 0.8667
~ 0.0000 0.8667 0.0667 0.9333
~ 0.0667 0.8667 0.1333 0.9333
N 0.1333 0.8667 0.2000 0.9333
~ 0.2000 0.8667 0.2667 0.9333
~ 0.2667 0.8667 0.3333 0.9333
~ 0.3333 0.8667 0.4000 0.9333
~ 0.4000 0.8667 0.4667 0.9333
~ 0.4667 0.8667 0.5333 0.9333
~ 0.5333 0.8667 0.6000 0.9333
~ 0.6000 0.8667 0.6667 0.9333
~ 0.6667 0.8667 0.7333 0.9333
~ 0.7333 0.8667 0.8000 0.9333
T 0.8000 0.8667 0.8667 0.9333
~ 0.8667 0.8667 0.9333 0.9333
~ 0.9333 0.8667 1.0000 0.9333
V 0.0000 0.9333 0.0667 1.0000
E 0.0667 0.9333 0.1333 1.0000
S 0.1333 0.9333 0.2000 1.0000
T 0.2000 0.9333 0.2667 1.0000
~ 0.2667 0.9333 0.3333 1.0000
~ 0.3333 0.9333 0.4000 1.0000
~ 0.4000 0.9333 0.4667 1.0000
W 0.4667 0.9333 0.5333 1.0000
I 0.5333 0.9333 0.6000 1.0000
F 0.6000 0.9333 0.6667 1.0000
E 0.6667 0.9333 0.7333 1.0000
L 0.7333 0.9333 0.8000 1.0000
Y 0.8000 0.9333 0.8667 1.0000
~ 0.8667 0.9333 0.9333 1.0000
~ 0.9333 0.9333 1.0000 1.0000
