O 0.0000 0.0000 0.0667 0.0667
~ 0.0667 0.0000 0.1333 0.0667
~ 0.1333 0.0000 0.2000 0.0667
~ 0.2000 0.0000 0.2667 0.0667
~ 0.2667 0.0000 0.3333 0.0667
~ 0.3333 0.0000 0.4000 0.0667
R 0.4000 0.0000 0.4667 0.0667
R 0.4667 0.0000 0.5333 0.0667
~ 0.5333 0.0000 0.6000 0.0667
~ 0.6000 0.0000 0.6667 0.0667
~ 0.6667 0.0000 0.7333 0.0667
~ 0.7333 0.0000 0.8000 0.0667
~ 0.8000 0.0000 0.8667 0.0667
~ 0.8667 0.0000 0.9333 0.0667
U 0.9333 0.0000 1.0000 0.0667
Y 0.0000 0.0667 0.0667 0.1333
E 0.0667 0.0667 0.1333 0.1333
~ 0.1333 0.0667 0.2000 0.1333
F 0.2000 0.0667 0.2667 0.1333
~ 0.2667 0.0667 0.3333 0.1333
~ 0.3333 0.0667 0.4000 0.1333
~ 0.4000 0.0667 0.4667 0.1333
A 0.4667 0.0667 0.5333 0.1333
~ 0.5333 0.0667 0.6000 0.1333
~ 0.6000 0.0667 0.6667 0.1333
~ 0.6667 0.0667 0.7333 0.1333
~ 0.7333 0.0667 0.8000 0.1333
~ 0.8000 0.0667 0.8667 0.1333
M 0.8667 0.0667 0.9333 0.1333
I 0.9333 0.0667 1.0000 0.1333
~ 0.0000 0.1333 0.0667 0.2000
H 0.0667 0.1333 0.1333 0.2000
A 0.1333 0.1333 0.2000 0.2000
I 0.2000 0.1333 0.2667 0.2000
K 0.2667 0.1333 0.3333 0.2000
U 0.3333 0.1333 0.4000 0.2000
~ 0.4000 0.1333 0.4667 0.2000
Z 0.4667 0.1333 0.5333 0.2000
~ 0.5333 0.1333 0.6000 0.2000
S 0.6000 0.1333 0.6667 0.2000
A 0.6667 0.1333 0.7333 0.2000
V 0.7333 0.1333 0.8000 0.2000
O 0.8000 0.1333 0.8667 0.2000
U 0.8667 0.1333 0.9333 0.2000
R 0.9333 0.1333 1.0000 0.2000
~ 0.0000 0.2000 0.0667 0.2667
~ 0.0667 0.2000 0.1333 0.2667
~ 0.1333 0.2000 0.2000 0.2667
D 0.2000 0.2000 0.2667 0.2667
~ 0.2667 0.2000 0.3333 0.2667
~ 0.3333 0.2000 0.4000 0.2667
~ 0.4000 0.2000 0.4667 0.2667
E 0.4667 0.2000 0.5333 0.2667
~ 0.5333 0.2000 0.6000 0.2667
I 0.6000 0.2000 0.6667 0.2667
~ 0.6667 0.2000 0.7333 0.2667
~ 0.7333 0.2000 0.8000 0.2667
~ 0.8000 0.2000 0.8667 0.2667
~ 0.8667 0.2000 0.9333 0.2667
~ 0.9333 0.2000 1.0000 0.2667
~ 0.0000 0.2667 0.0667 0.3333
~ 0.0667 0.2667 0.1333 0.3333
~ 0.1333 0.2667 0.2000 0.3333
D 0.2000 0.2667 0.2667 0.3333
~ 0.2667 0.2667 0.3333 0.3333
J 0.3333 0.2667 0.4000 0.3333
U 0.4000 0.2667 0.4667 0.3333
R 0.4667 0.2667 0.5333 0.3333
I 0.5333 0.2667 0.6000 0.3333
E 0.6000 0.2667 0.6667 0.3333
D 0.6667 0.2667 0.7333 0.3333
~ 0.7333 0.2667 0.8000 0.3333
~ 0.8000 0.2667 0.8667 0.3333
~ 0.8667 0.2667 0.9333 0.3333
~ 0.9333 0.2667 1.0000 0.3333
~ 0.0000 0.3333 0.0667 0.4000
B 0.0667 0.3333 0.1333 0.4000
A 0.1333 0.3333 0.2000 0.4000
L 0.2000 0.3333 0.2667 0.4000
~ 0.2667 0.3333 0.3333 0.4000
A 0.3333 0.3333 0.4000 0.4000
~ 0.4000 0.3333 0.4667 0.4000
~ 0.4667 0.3333 0.5333 0.4000
~ 0.5333 0.3333 0.6000 0.4000
N 0.6000 0.3333 0.6667 0.4000
~ 0.6667 0.3333 0.7333 0.4000
~ 0.7333 0.3333 0.8000 0.4000
~ 0.8000 0.3333 0.8667 0.4000
~ 0.8667 0.3333 0.9333 0.4000
~ 0.9333 0.3333 1.0000 0.4000
P 0.0000 0.4000 0.0667 0.4667
O 0.0667 0.4000 0.1333 0.4667
P 0.1333 0.4000 0.2000 0.4667
E 0.2000 0.4000 0.2667 0.4667
~ 0.2667 0.4000 0.3333 0.4667
W 0.3333 0.4000 0.4000 0.4667
~ 0.4000 0.4000 0.4667 0.4667
~ 0.4667 0.4000 0.5333 0.4667
Q 0.5333 0.4000 0.6000 0.4667
I 0.6000 0.4000 0.6667 0.4667
~ 0.6667 0.4000 0.7333 0.4667
~ 0.7333 0.4000 0.8000 0.4667
~ 0.8000 0.4000 0.8667 0.4667
~ 0.8667 0.4000 0.9333 0.4667
~ 0.9333 0.4000 1.0000 0.4667
E 0.0000 0.4667 0.0667 0.5333
X 0.0667 0.4667 0.1333 0.5333
E 0.1333 0.4667 0.2000 0.5333
R 0.2000 0.4667 0.2667 0.5333
T 0.2667 0.4667 0.3333 0.5333
S 0.3333 0.4667 0.4000 0.5333
~ 0.4000 0.4667 0.4667 0.5333
W 0.4667 0.4667 0.5333 0.5333
A 0.5333 0.4667 0.6000 0.5333
T 0.6000 0.4667 0.6667 0.5333
~ 0.6667 0.4667 0.7333 0.5333
~ 0.7333 0.4667 0.8000 0.5333
~ 0.8000 0.4667 0.8667 0.5333
~ 0.8667 0.4667 0.9333 0.5333
~ 0.9333 0.4667 1.0000 0.5333
~ 0.0000 0.5333 0.0667 0.6000
~ 0.0667 0.5333 0.1333 0.6000
~ 0.1333 0.5333 0.2000 0.6000
~ 0.2000 0.5333 0.2667 0.6000
~ 0.2667 0.5333 0.3333 0.6000
~ 0.3333 0.5333 0.4000 0.6000
C 0.4000 0.5333 0.4667 0.6000
O 0.4667 0.5333 0.5333 0.6000
T 0.5333 0.5333 0.6000 0.6000
E 0.6000 0.5333 0.6667 0.6000
~ 0.6667 0.5333 0.7333 0.6000
~ 0.7333 0.5333 0.8000 0.6000
~ 0.8000 0.5333 0.8667 0.6000
I 0.8667 0.5333 0.9333 0.6000
~ 0.9333 0.5333 1.0000 0.6000
~ 0.0000 0.6000 0.0667 0.6667
~ 0.0667 0.6000 0.1333 0.6667
~ 0.1333 0.6000 0.2000 0.6667
~ 0.2000 0.6000 0.2667 0.6667
O 0.2667 0.6000 0.3333 0.6667
J 0.3333 0.6000 0.4000 0.6667
~ 0.4000 0.6000 0.4667 0.6667
E 0.4667 0.6000 0.5333 0.6667
~ 0.5333 0.6000 0.6000 0.6667
~ 0.6000 0.6000 0.6667 0.6667
~ 0.6667 0.6000 0.7333 0.6667
~ 0.7333 0.6000 0.8000 0.6667
~ 0.8000 0.6000 0.8667 0.6667
H 0.8667 0.6000 0.9333 0.6667
~ 0.9333 0.6000 1.0000 0.6667
~ 0.0000 0.6667 0.0667 0.7333
~ 0.0667 0.6667 0.1333 0.7333
V 0.1333 0.6667 0.2000 0.7333
~ 0.2000 0.6667 0.2667 0.7333
F 0.2667 0.6667 0.3333 0.7333
E 0.3333 0.6667 0.4000 0.7333
A 0.4000 0.6667 0.4667 0.7333
S 0.4667 0.6667 0.5333 0.7333
I 0.5333 0.6667 0.6000 0.7333
N 0.6000 0.6667 0.6667 0.7333
G 0.6667 0.6667 0.7333 0.7333
~ 0.7333 0.6667 0.8000 0.7333
~ 0.8000 0.6667 0.8667 0.7333
N 0.8667 0.6667 0.9333 0.7333
~ 0.9333 0.6667 1.0000 0.7333
G 0.0000 0.7333 0.0667 0.8000
L 0.0667 0.7333 0.1333 0.8000
I 0.1333 0.7333 0.2000 0.8000
N 0.2000 0.7333 0.2667 0.8000
T 0.2667 0.7333 0.3333 0.8000
~ 0.3333 0.7333 0.4000 0.8000
~ 0.4000 0.7333 0.4667 0.8000
~ 0.4667 0.7333 0.5333 0.8000
~ 0.5333 0.7333 0.6000 0.8000
~ 0.6000 0.7333 0.6667 0.8000
~ 0.6667 0.7333 0.7333 0.8000
~ 0.7333 0.7333 0.8000 0.8000
~ 0.8000 0.7333 0.8667 0.8000
O 0.8667 0.7333 0.9333 0.8000
~ 0.9333 0.7333 1.0000 0.8000
O 0.0000 0.8000 0.0667 0.8667
~ 0.0667 0.8000 0.1333 0.8667
N 0.1333 0.8000 0.2000 0.8667
~ 0.2000 0.8000 0.2667 0.8667
~ 0.2667 0.8000 0.3333 0.8667
~ 0.3333 0.8000 0.4000 0.8667
~ 0.4000 0.8000 0.4667 0.8667
~ 0.4667 0.8000 0.5333 0.8667
~ 0.5333 0.8000 0.6000 0.8667
~ 0.6000 0.8000 0.6667 0.8667
~ 0.6667 0.8000 0.7333 0.8667
~ 0.7333 0.8000 0.8000 0.8667
~ 0.8000 0.8000 0.8667 0.8667
B 0.8667 0.8000 0.9333 0.8667
~ 0.9333 0.8000 1.0000 0.8667
R 0.0000 0.8667 0.0667 0.9333
~ 0.0667 0.8667 0.1333 0.9333
C 0.1333 0.8667 0.2000 0.9333
A 0.2000 0.8667 0.2667 0.9333
L 0.2667 0.8667 0.3333 0.9333
U 0.3333 0.8667 0.4000 0.9333
T 0.4000 0.8667 0.4667 0.9333
R 0.4667 0.8667 0.5333 0.9333
O 0.5333 0.8667 0.6000 0.9333
~ 0.6000 0.8667 0.6667 0.9333
~ 0.6667 0.8667 0.7333 0.9333
~ 0.7333 0.8667 0.8000 0.9333
~ 0.8000 0.8667 0.8667 0.9333
L 0.8667 0.8667 0.9333 0.9333
~ 0.9333 0.8667 1.0000 0.9333
E 0.0000 0.9333 0.0667 1.0000
~ 0.0667 0.9333 0.1333 1.0000
A 0.1333 0.9333 0.2000 1.0000
~ 0.2000 0.9333 0.2667 1.0000
~ 0.2667 0.9333 0.3333 1.0000
~ 0.3333 0.9333 0.4000 1.0000
~ 0.4000 0.9333 0.4667 1.0000
~ 0.4667 0.9333 0.5333 1.0000
M 0.5333 0.9333 0.6000 1.0000
E 0.6000 0.9333 0.6667 1.0000
I 0.6667 0.9333 0.7333 1.0000
S 0.7333 0.9333 0.8000 1.0000
T 0.8000 0.9333 0.8667 1.0000
E 0.8667 0.9333 0.9333 1.0000
~ 0.9333 0.9333 1.0000 1.0000
