~ 0.0000 0.0000 0.0667 0.0667
~ 0.0667 0.0000 0.1333 0.0667
~ 0.1333 0.0000 0.2000 0.0667
~ 0.2000 0.0000 0.2667 0.0667
~ 0.2667 0.0000 0.3333 0.0667
~ 0.3333 0.0000 0.4000 0.0667
~ 0.4000 0.0000 0.4667 0.0667
A 0.4667 0.0000 0.5333 0.0667
~ 0.5333 0.0000 0.6000 0.0667
O 0.6000 0.0000 0.6667 0.0667
E 0.6667 0.0000 0.7333 0.0667
~ 0.7333 0.0000 0.8000 0.0667
~ 0.8000 0.0000 0.8667 0.0667
~ 0.8667 0.0000 0.9333 0.0667
~ 0.9333 0.0000 1.0000 0.0667
~ 0.0000 0.0667 0.0667 0.1333
~ 0.0667 0.0667 0.1333 0.1333
~ 0.1333 0.0667 0.2000 0.1333
~ 0.2000 0.0667 0.2667 0.1333
~ 0.2667 0.0667 0.3333 0.1333
G 0.3333 0.0667 0.4000 0.1333
E 0.4000 0.0667 0.4667 0.1333
E 0.4667 0.0667 0.5333 0.1333
~ 0.5333 0.0667 0.6000 0.1333
B 0.6000 0.0667 0.6667 0.1333
R 0.6667 0.0667 0.7333 0.1333
A 0.7333 0.0667 0.8000 0.1333
V 0.8000 0.0667 0.8667 0.1333
I 0.8667 0.0667 0.9333 0.1333
~ 0.9333 0.0667 1.0000 0.1333
~ 0.0000 0.1333 0.0667 0.2000
~ 0.0667 0.1333 0.1333 0.2000
~ 0.1333 0.1333 0.2000 0.2000
~ 0.2000 0.1333 0.2667 0.2000
P 0.2667 0.1333 0.3333 0.2000
~ 0.3333 0.1333 0.4000 0.2000
~ 0.4000 0.1333 0.4667 0.2000
~ 0.4667 0.1333 0.5333 0.2000
J 0.5333 0.1333 0.6000 0.2000
E 0.6000 0.1333 0.6667 0.2000
E 0.6667 0.1333 0.7333 0.2000
~ 0.7333 0.1333 0.8000 0.2000
E 0.8000 0.1333 0.8667 0.2000
~ 0.8667 0.1333 0.9333 0.2000
~ 0.9333 0.1333 1.0000 0.2000
~ 0.0000 0.2000 0.0667 0.2667
~ 0.0667 0.2000 0.1333 0.2667
~ 0.1333 0.2000 0.2000 0.2667
Z 0.2000 0.2000 0.2667 0.2667
O 0.2667 0.2000 0.3333 0.2667
N 0.3333 0.2000 0.4000 0.2667
K 0.4000 0.2000 0.4667 0.2667
~ 0.4667 0.2000 0.5333 0.2667
~ 0.5333 0.2000 0.6000 0.2667
~ 0.6000 0.2000 0.6667 0.2667
~ 0.6667 0.2000 0.7333 0.2667
A 0.7333 0.2000 0.8000 0.2667
X 0.8000 0.2000 0.8667 0.2667
~ 0.8667 0.2000 0.9333 0.2667
T 0.9333 0.2000 1.0000 0.2667
~ 0.0000 0.2667 0.0667 0.3333
L 0.0667 0.2667 0.1333 0.3333
O 0.1333 0.2667 0.2000 0.3333
A 0.2000 0.2667 0.2667 0.3333
N 0.2667 0.2667 0.3333 0.3333
~ 0.3333 0.2667 0.4000 0.3333
A 0.4000 0.2667 0.4667 0.3333
V 0.4667 0.2667 0.5333 0.3333
O 0.5333 0.2667 0.6000 0.3333
W 0.6000 0.2667 0.6667 0.3333
E 0.6667 0.2667 0.7333 0.3333
D 0.7333 0.2667 0.8000 0.3333
~ 0.8000 0.2667 0.8667 0.3333
~ 0.8667 0.2667 0.9333 0.3333
E 0.9333 0.2667 1.0000 0.3333
~ 0.0000 0.3333 0.0667 0.4000
~ 0.0667 0.3333 0.1333 0.4000
~ 0.1333 0.3333 0.2000 0.4000
~ 0.2000 0.3333 0.2667 0.4000
D 0.2667 0.3333 0.3333 0.4000
~ 0.3333 0.3333 0.4000 0.4000
~ 0.4000 0.3333 0.4667 0.4000
O 0.4667 0.3333 0.5333 0.4000
~ 0.5333 0.3333 0.6000 0.4000
~ 0.6000 0.3333 0.6667 0.4000
~ 0.6667 0.3333 0.7333 0.4000
L 0.7333 0.3333 0.8000 0.4000
~ 0.8000 0.3333 0.8667 0.4000
~ 0.8667 0.3333 0.9333 0.4000
M 0.9333 0.3333 1.0000 0.4000
~ 0.0000 0.4000 0.0667 0.4667
~ 0.0667 0.4000 0.1333 0.4667
A 0.1333 0.4000 0.2000 0.4667
I 0.2000 0.4000 0.2667 0.4667
S 0.2667 0.4000 0.3333 0.4667
~ 0.3333 0.4000 0.4000 0.4667
U 0.4000 0.4000 0.4667 0.4667
K 0.4667 0.4000 0.5333 0.4667
U 0.5333 0.4000 0.6000 0.4667
~ 0.6000 0.4000 0.6667 0.4667
~ 0.6667 0.4000 0.7333 0.4667
I 0.7333 0.4000 0.8000 0.4667
F 0.8000 0.4000 0.8667 0.4667
~ 0.8667 0.4000 0.9333 0.4667
P 0.9333 0.4000 1.0000 0.4667
~ 0.0000 0.4667 0.0667 0.5333
~ 0.0667 0.4667 0.1333 0.5333
~ 0.1333 0.4667 0.2000 0.5333
