~ 0.0000 0.0000 0.0667 0.0667
~ 0.0667 0.0000 0.1333 0.0667
~ 0.1333 0.0000 0.2000 0.0667
~ 0.2000 0.0000 0.2667 0.0667
~ 0.2667 0.0000 0.3333 0.0667
~ 0.3333 0.0000 0.4000 0.0667
~ 0.4000 0.0000 0.4667 0.0667
~ 0.4667 0.0000 0.5333 0.0667
~ 0.5333 0.0000 0.6000 0.0667
~ 0.6000 0.0000 0.6667 0.0667
~ 0.6667 0.0000 0.7333 0.0667
T 0.7333 0.0000 0.8000 0.0667
U 0.8000 0.0000 0.8667 0.0667
R 0.8667 0.0000 0.9333 0.0667
F 0.9333 0.0000 1.0000 0.0667
~ 0.0000 0.0667 0.0667 0.1333
~ 0.0667 0.0667 0.1333 0.1333
~ 0.1333 0.0667 0.2000 0.1333
T 0.2000 0.0667 0.2667 0.1333
~ 0.2667 0.0667 0.3333 0.1333
~ 0.3333 0.0667 0.4000 0.1333
C 0.4000 0.0667 0.4667 0.1333
O 0.4667 0.0667 0.5333 0.1333
P 0.5333 0.0667 0.6000 0.1333
E 0.6000 0.0667 0.6667 0.1333
~ 0.6667 0.0667 0.7333 0.1333
U 0.7333 0.0667 0.8000 0.1333
~ 0.8000 0.0667 0.8667 0.1333
E 0.8667 0.0667 0.9333 0.1333
~ 0.9333 0.0667 1.0000 0.1333
~ 0.0000 0.1333 0.0667 0.2000
~ 0.0667 0.1333 0.1333 0.2000
~ 0.1333 0.1333 0.2000 0.2000
A 0.2000 0.1333 0.2667 0.2000
~ 0.2667 0.1333 0.3333 0.2000
~ 0.3333 0.1333 0.4000 0.2000
~ 0.4000 0.1333 0.4667 0.2000
~ 0.4667 0.1333 0.5333 0.2000
~ 0.5333 0.1333 0.6000 0.2000
T 0.6000 0.1333 0.6667 0.2000
U 0.6667 0.1333 0.7333 0.2000
N 0.7333 0.1333 0.8000 0.2000
~ 0.8000 0.1333 0.8667 0.2000
L 0.8667 0.1333 0.9333 0.2000
~ 0.9333 0.1333 1.0000 0.2000
~ 0.0000 0.2000 0.0667 0.2667
~ 0.0667 0.2000 0.1333 0.2667
~ 0.1333 0.2000 0.2000 0.2667
K 0.2000 0.2000 0.2667 0.2667
~ 0.2667 0.2000 0.3333 0.2667
~ 0.3333 0.2000 0.4000 0.2667
~ 0.4000 0.2000 0.4667 0.2667
~ 0.4667 0.2000 0.5333 0.2667
~ 0.5333 0.2000 0.6000 0.2667
~ 0.6000 0.2000 0.6667 0.2667
~ 0.6667 0.2000 0.7333 0.2667
E 0.7333 0.2000 0.8000 0.2667
~ 0.8000 0.2000 0.8667 0.2667
A 0.8667 0.2000 0.9333 0.2667
Y 0.9333 0.2000 1.0000 0.2667
~ 0.0000 0.2667 0.0667 0.3333
~ 0.0667 0.2667 0.1333 0.3333
V 0.1333 0.2667 0.2000 0.3333
A 0.2000 0.2667 0.2667 0.3333
C 0.2667 0.2667 0.3333 0.3333
~ 0.3333 0.2667 0.4000 0.3333
~ 0.4000 0.2667 0.4667 0.3333
~ 0.4667 0.2667 0.5333 0.3333
~ 0.5333 0.2667 0.6000 0.3333
T 0.6000 0.2667 0.6667 0.3333
~ 0.6667 0.2667 0.7333 0.3333
~ 0.7333 0.2667 0.8000 0.3333
~ 0.8000 0.2667 0.8667 0.3333
T 0.8667 0.2667 0.9333 0.3333
O 0.9333 0.2667 1.0000 0.3333
~ 0.0000 0.3333 0.0667 0.4000
~ 0.0667 0.3333 0.1333 0.4000
E 0.1333 0.3333 0.2000 0.4000
~ 0.2000 0.3333 0.2667 0.4000
~ 0.2667 0.3333 0.3333 0.4000
~ 0.3333 0.3333 0.4000 0.4000
~ 0.4000 0.3333 0.4667 0.4000
~ 0.4667 0.3333 0.5333 0.4000
~ 0.5333 0.3333 0.6000 0.4000
H 0.6000 0.3333 0.6667 0.4000
~ 0.6667 0.3333 0.7333 0.4000
~ 0.7333 0.3333 0.8000 0.4000
~ 0.8000 0.3333 0.8667 0.4000
I 0.8667 0.3333 0.9333 0.4000
~ 0.9333 0.3333 1.0000 0.4000
~ 0.0000 0.4000 0.0667 0.4667
~ 0.0667 0.4000 0.1333 0.4667
T 0.1333 0.4000 0.2000 0.4667
A 0.2000 0.4000 0.2667 0.4667
~ 0.2667 0.4000 0.3333 0.4667
~ 0.3333 0.4000 0.4000 0.4667
H 0.4000 0.4000 0.4667 0.4667
O 0.4667 0.4000 0.5333 0.4667
B 0.5333 0.4000 0.6000 0.4667
O 0.6000 0.4000 0.6667 0.4667
~ 0.6667 0.4000 0.7333 0.4667
~ 0.7333 0.4000 0.8000 0.4667
B 0.8000 0.4000 0.8667 0.4667
O 0.8667 0.4000 0.9333 0.4667
~ 0.9333 0.4000 1.0000 0.4667
~ 0.0000 0.4667 0.0667 0.5333
~ 0.0667 0.4667 0.1333 0.5333
~ 0.1333 0.4667 0.2000 0.5333
V 0.2000 0.4667 0.2667 0.5333
I 0.2667 0.4667 0.3333 0.5333
G 0.3333 0.4667 0.4000 0.5333
O 0.4000 0.4667 0.4667 0.5333
R 0.4667 0.4667 0.5333 0.5333
~ 0.5333 0.4667 0.6000 0.5333
~ 0.6000 0.4667 0.6667 0.5333
F 0.6667 0.4667 0.7333 0.5333
E 0.7333 0.4667 0.8000 0.5333
R 0.8000 0.4667 0.8667 0.5333
N 0.8667 0.4667 0.9333 0.5333
Y 0.9333 0.4667 1.0000 0.5333
~ 0.0000 0.5333 0.0667 0.6000
~ 0.0667 0.5333 0.1333 0.6000
M 0.1333 0.5333 0.2000 0.6000
O 0.2000 0.5333 0.2667 0.6000
D 0.2667 0.5333 0.3333 0.6000
~ 0.3333 0.5333 0.4000 0.6000
P 0.4000 0.5333 0.4667 0.6000
A 0.4667 0.5333 0.5333 0.6000
L 0.5333 0.5333 0.6000 0.6000
~ 0.6000 0.5333 0.6667 0.6000
I 0.6667 0.5333 0.7333 0.6000
~ 0.7333 0.5333 0.8000 0.6000
I 0.8000 0.5333 0.8667 0.6000
S 0.8667 0.5333 0.9333 0.6000
~ 0.9333 0.5333 1.0000 0.6000
~ 0.0000 0.6000 0.0667 0.6667
J 0.0667 0.6000 0.1333 0.6667
A 0.1333 0.6000 0.2000 0.6667
W 0.2000 0.6000 0.2667 0.6667
~ 0.2667 0.6000 0.3333 0.6667
~ 0.3333 0.6000 0.4000 0.6667
~ 0.4000 0.6000 0.4667 0.6667
~ 0.4667 0.6000 0.5333 0.6667
~ 0.5333 0.6000 0.6000 0.6667
~ 0.6000 0.6000 0.6667 0.6667
Q 0.6667 0.6000 0.7333 0.6667
~ 0.7333 0.6000 0.8000 0.6667
M 0.8000 0.6000 0.8667 0.6667
~ 0.8667 0.6000 0.9333 0.6667
~ 0.9333 0.6000 1.0000 0.6667
~ 0.0000 0.6667 0.0667 0.7333
~ 0.0667 0.6667 0.1333 0.7333
D 0.1333 0.6667 0.2000 0.7333
I 0.2000 0.6667 0.2667 0.7333
R 0.2667 0.6667 0.3333 0.7333
L 0.3333 0.6667 0.4000 0.7333
~ 0.4000 0.6667 0.4667 0.7333
~ 0.4667 0.6667 0.5333 0.7333
~ 0.5333 0.6667 0.6000 0.7333
~ 0.6000 0.6667 0.6667 0.7333
U 0.6667 0.6667 0.7333 0.7333
~ 0.7333 0.6667 0.8000 0.7333
~ 0.8000 0.6667 0.8667 0.7333
~ 0.8667 0.6667 0.9333 0.7333
~ 0.9333 0.6667 1.0000 0.7333
~ 0.0000 0.7333 0.0667 0.8000
~ 0.0667 0.7333 0.1333 0.8000
~ 0.1333 0.7333 0.2000 0.8000
N 0.2000 0.7333 0.2667 0.8000
~ 0.2667 0.7333 0.3333 0.8000
I 0.3333 0.7333 0.4000 0.8000
N 0.4000 0.7333 0.4667 0.8000
S 0.4667 0.7333 0.5333 0.8000
I 0.5333 0.7333 0.6000 0.8000
D 0.6000 0.7333 0.6667 0.8000
E 0.6667 0.7333 0.7333 0.8000
R 0.7333 0.7333 0.8000 0.8000
~ 0.8000 0.7333 0.8667 0.8000
~ 0.8667 0.7333 0.9333 0.8000
~ 0.9333 0.7333 1.0000 0.8000
~ 0.0000 0.8000 0.0667 0.8667
~ 0.0667 0.8000 0.1333 0.8667
~ 0.1333 0.8000 0.2000 0.8667
G 0.2000 0.8000 0.2667 0.8667
~ 0.2667 0.8000 0.3333 0.8667
~ 0.3333 0.8000 0.4000 0.8667
~ 0.4000 0.8000 0.4667 0.8667
I 0.4667 0.8000 0.5333 0.8667
~ 0.5333 0.8000 0.6000 0.8667
~ 0.6000 0.8000 0.6667 0.8667
~ 0.6667 0.8000 0.7333 0.8667
E 0.7333 0.8000 0.8000 0.8667
X 0.8000 0.8000 0.8667 0.8667
E 0.8667 0.8000 0.9333 0.8667
D 0.9333 0.8000 1.0000 0.8667
~ 0.0000 0.8667 0.0667 0.9333
~ 0.0667 0.8667 0.1333 0.9333
~ 0.1333 0.8667 0.2000 0.9333
~ 0.2000 0.8667 0.2667 0.9333
~ 0.2667 0.8667 0.3333 0.9333
~ 0.3333 0.8667 0.4000 0.9333
~ 0.4000 0.8667 0.4667 0.9333
Z 0.4667 0.8667 0.5333 0.9333
O 0.5333 0.8667 0.6000 0.9333
W 0.6000 0.8667 0.6667 0.9333
I 0.6667 0.8667 0.7333 0.9333
E 0.7333 0.8667 0.8000 0.9333
~ 0.8000 0.8667 0.8667 0.9333
~ 0.8667 0.8667 0.9333 0.9333
~ 0.9333 0.8667 1.0000 0.9333
E 0.0000 0.9333 0.0667 1.0000
N 0.0667 0.9333 0.1333 1.0000
~ 0.1333 0.9333 0.2000 1.0000
A 0.2000 0.9333 0.2667 1.0000
N 0.2667 0.9333 0.3333 1.0000
G 0.3333 0.9333 0.4000 1.0000
L 0.4000 0.9333 0.4667 1.0000
E 0.4667 0.9333 0.5333 1.0000
~ 0.5333 0.9333 0.6000 1.0000
~ 0.6000 0.9333 0.6667 1.0000
~ 0.6667 0.9333 0.7333 1.0000
S 0.7333 0.9333 0.8000 1.0000
E 0.8000 0.9333 0.8667 1.0000
A 0.8667 0.9333 0.9333 1.0000
R 0.9333 0.9333 1.0000 1.0000
