C 0.0000 0.0000 0.0667 0.0667
~ 0.0667 0.0000 0.1333 0.0667
~ 0.1333 0.0000 0.2000 0.0667
~ 0.2000 0.0000 0.2667 0.0667
~ 0.2667 0.0000 0.3333 0.0667
~ 0.3333 0.0000 0.4000 0.0667
T 0.4000 0.0000 0.4667 0.0667
~ 0.4667 0.0000 0.5333 0.0667
~ 0.5333 0.0000 0.6000 0.0667
L 0.6000 0.0000 0.6667 0.0667
~ 0.6667 0.0000 0.7333 0.0667
G 0.7333 0.0000 0.8000 0.0667
~ 0.8000 0.0000 0.8667 0.0667
~ 0.8667 0.0000 0.9333 0.0667
~ 0.9333 0.0000 1.0000 0.0667
I 0.0000 0.0667 0.0667 0.1333
~ 0.0667 0.0667 0.1333 0.1333
~ 0.1333 0.0667 0.2000 0.1333
~ 0.2000 0.0667 0.2667 0.1333
~ 0.2667 0.0667 0.3333 0.1333
~ 0.3333 0.0667 0.4000 0.1333
U 0.4000 0.0667 0.4667 0.1333
~ 0.4667 0.0667 0.5333 0.1333
~ 0.5333 0.0667 0.6000 0.1333
E 0.6000 0.0667 0.6667 0.1333
V 0.6667 0.0667 0.7333 0.1333
E 0.7333 0.0667 0.8000 0.1333
N 0.8000 0.0667 0.8667 0.1333
T 0.8667 0.0667 0.9333 0.1333
~ 0.9333 0.0667 1.0000 0.1333
S 0.0000 0.1333 0.0667 0.2000
P 0.0667 0.1333 0.1333 0.2000
A 0.1333 0.1333 0.2000 0.2000
Y 0.2000 0.1333 0.2667 0.2000
~ 0.2667 0.1333 0.3333 0.2000
~ 0.3333 0.1333 0.4000 0.2000
N 0.4000 0.1333 0.4667 0.2000
~ 0.4667 0.1333 0.5333 0.2000
~ 0.5333 0.1333 0.6000 0.2000
U 0.6000 0.1333 0.6667 0.2000
~ 0.6667 0.1333 0.7333 0.2000
N 0.7333 0.1333 0.8000 0.2000
~ 0.8000 0.1333 0.8667 0.2000
~ 0.8667 0.1333 0.9333 0.2000
E 0.9333 0.1333 1.0000 0.2000
~ 0.0000 0.2000 0.0667 0.2667
A 0.0667 0.2000 0.1333 0.2667
B 0.1333 0.2000 0.2000 0.2667
O 0.2000 0.2000 0.2667 0.2667
V 0.2667 0.2000 0.3333 0.2667
E 0.3333 0.2000 0.4000 0.2667
S 0.4000 0.2000 0.4667 0.2667
~ 0.4667 0.2000 0.5333 0.2667
~ 0.5333 0.2000 0.6000 0.2667
~ 0.6000 0.2000 0.6667 0.2667
~ 0.6667 0.2000 0.7333 0.2667
I 0.7333 0.2000 0.8000 0.2667
~ 0.8000 0.2000 0.8667 0.2667
~ 0.8667 0.2000 0.9333 0.2667
~ 0.9333 0.2000 1.0000 0.2667
~ 0.0000 0.2667 0.0667 0.3333
T 0.0667 0.2667 0.1333 0.3333
~ 0.1333 0.2667 0.2000 0.3333
~ 0.2000 0.2667 0.2667 0.3333
I 0.2667 0.2667 0.3333 0.3333
~ 0.3333 0.2667 0.4000 0.3333
~ 0.4000 0.2667 0.4667 0.3333
C 0.4667 0.2667 0.5333 0.3333
~ 0.5333 0.2667 0.6000 0.3333
A 0.6000 0.2667 0.6667 0.3333
N 0.6667 0.2667 0.7333 0.3333
I 0.7333 0.2667 0.8000 0.3333
~ 0.8000 0.2667 0.8667 0.3333
~ 0.8667 0.2667 0.9333 0.3333
~ 0.9333 0.2667 1.0000 0.3333
~ 0.0000 0.3333 0.0667 0.4000
Z 0.0667 0.3333 0.1333 0.4000
~ 0.1333 0.3333 0.2000 0.4000
~ 0.2000 0.3333 0.2667 0.4000
G 0.2667 0.3333 0.3333 0.4000
O 0.3333 0.3333 0.4000 0.4000
~ 0.4000 0.3333 0.4667 0.4000
A 0.4667 0.3333 0.5333 0.4000
~ 0.5333 0.3333 0.6000 0.4000
W 0.6000 0.3333 0.6667 0.4000
O 0.6667 0.3333 0.7333 0.4000
~ 0.7333 0.3333 0.8000 0.4000
~ 0.8000 0.3333 0.8667 0.4000
~ 0.8667 0.3333 0.9333 0.4000
~ 0.9333 0.3333 1.0000 0.4000
P 0.0000 0.4000 0.0667 0.4667
E 0.0667 0.4000 0.1333 0.4667
~ 0.1333 0.4000 0.2000 0.4667
~ 0.2000 0.4000 0.2667 0.4667
A 0.2667 0.4000 0.3333 0.4667
A 0.3333 0.4000 0.4000 0.4667
~ 0.4000 0.4000 0.4667 0.4667
L 0.4667 0.4000 0.5333 0.4667
~ 0.5333 0.4000 0.6000 0.4667
E 0.6000 0.4000 0.6667 0.4667
R 0.6667 0.4000 0.7333 0.4667
~ 0.7333 0.4000 0.8000 0.4667
F 0.8000 0.4000 0.8667 0.4667
U 0.8667 0.4000 0.9333 0.4667
D 0.9333 0.4000 1.0000 0.4667
E 0.0000 0.4667 0.0667 0.5333
S 0.0667 0.4667 0.1333 0.5333
~ 0.1333 0.4667 0.2000 0.5333
~ 0.2000 0.4667 0.2667 0.5333
~ 0.2667 0.4667 0.3333 0.5333
F 0.3333 0.4667 0.4000 0.5333
L 0.4000 0.4667 0.4667 0.5333
U 0.4667 0.4667 0.5333 0.5333
X 0.5333 0.4667 0.6000 0.5333
~ 0.6000 0.4667 0.6667 0.5333
E 0.6667 0.4667 0.7333 0.5333
M 0.7333 0.4667 0.8000 0.5333
O 0.8000 0.4667 0.8667 0.5333
T 0.8667 0.4667 0.9333 0.5333
E 0.9333 0.4667 1.0000 0.5333
K 0.0000 0.5333 0.0667 0.6000
~ 0.0667 0.5333 0.1333 0.6000
~ 0.1333 0.5333 0.2000 0.6000
~ 0.2000 0.5333 0.2667 0.6000
~ 0.2667 0.5333 0.3333 0.6000
~ 0.3333 0.5333 0.4000 0.6000
~ 0.4000 0.5333 0.4667 0.6000
T 0.4667 0.5333 0.5333 0.6000
~ 0.5333 0.5333 0.6000 0.6000
~ 0.6000 0.5333 0.6667 0.6000
R 0.6667 0.5333 0.7333 0.6000
O 0.7333 0.5333 0.8000 0.6000
Y 0.8000 0.5333 0.8667 0.6000
A 0.8667 0.5333 0.9333 0.6000
L 0.9333 0.5333 1.0000 0.6000
D 0.0000 0.6000 0.0667 0.6667
~ 0.0667 0.6000 0.1333 0.6667
~ 0.1333 0.6000 0.2000 0.6667
~ 0.2000 0.6000 0.2667 0.6667
~ 0.2667 0.6000 0.3333 0.6667
J 0.3333 0.6000 0.4000 0.6667
E 0.4000 0.6000 0.4667 0.6667
R 0.4667 0.6000 0.5333 0.6667
I 0.5333 0.6000 0.6000 0.6667
D 0.6000 0.6000 0.6667 0.6667
S 0.6667 0.6000 0.7333 0.6667
~ 0.7333 0.6000 0.8000 0.6667
~ 0.8000 0.6000 0.8667 0.6667
~ 0.8667 0.6000 0.9333 0.6667
~ 0.9333 0.6000 1.0000 0.6667
~ 0.0000 0.6667 0.0667 0.7333
~ 0.0667 0.6667 0.1333 0.7333
A 0.1333 0.6667 0.2000 0.7333
G 0.2000 0.6667 0.2667 0.7333
I 0.2667 0.6667 0.3333 0.7333
O 0.3333 0.6667 0.4000 0.7333
~ 0.4000 0.6667 0.4667 0.7333
O 0.4667 0.6667 0.5333 0.7333
~ 0.5333 0.6667 0.6000 0.7333
~ 0.6000 0.6667 0.6667 0.7333
~ 0.6667 0.6667 0.7333 0.7333
~ 0.7333 0.6667 0.8000 0.7333
~ 0.8000 0.6667 0.8667 0.7333
~ 0.8667 0.6667 0.9333 0.7333
~ 0.9333 0.6667 1.0000 0.7333
~ 0.0000 0.7333 0.0667 0.8000
~ 0.0667 0.7333 0.1333 0.8000
~ 0.1333 0.7333 0.2000 0.8000
~ 0.2000 0.7333 0.2667 0.8000
~ 0.2667 0.7333 0.3333 0.8000
~ 0.3333 0.7333 0.4000 0.8000
~ 0.4000 0.7333 0.4667 0.8000
~ 0.4667 0.7333 0.5333 0.8000
~ 0.5333 0.7333 0.6000 0.8000
~ 0.6000 0.7333 0.6667 0.8000
Q 0.6667 0.7333 0.7333 0.8000
I 0.7333 0.7333 0.8000 0.8000
~ 0.8000 0.7333 0.8667 0.8000
~ 0.8667 0.7333 0.9333 0.8000
~ 0.9333 0.7333 1.0000 0.8000
~ 0.0000 0.8000 0.0667 0.8667
~ 0.0667 0.8000 0.1333 0.8667
~ 0.1333 0.8000 0.2000 0.8667
~ 0.2000 0.8000 0.2667 0.8667
~ 0.2667 0.8000 0.3333 0.8667
~ 0.3333 0.8000 0.4000 0.8667
A 0.4000 0.8000 0.4667 0.8667
S 0.4667 0.8000 0.5333 0.8667
T 0.5333 0.8000 0.6000 0.8667
R 0.6000 0.8000 0.6667 0.8667
I 0.6667 0.8000 0.7333 0.8667
D 0.7333 0.8000 0.8000 0.8667
~ 0.8000 0.8000 0.8667 0.8667
~ 0.8667 0.8000 0.9333 0.8667
~ 0.9333 0.8000 1.0000 0.8667
~ 0.0000 0.8667 0.0667 0.9333
~ 0.0667 0.8667 0.1333 0.9333
~ 0.1333 0.8667 0.2000 0.9333
B 0.2000 0.8667 0.2667 0.9333
I 0.2667 0.8667 0.3333 0.9333
K 0.3333 0.8667 0.4000 0.9333
E 0.4000 0.8667 0.4667 0.9333
~ 0.4667 0.8667 0.5333 0.9333
~ 0.5333 0.8667 0.6000 0.9333
~ 0.6000 0.8667 0.6667 0.9333
~ 0.6667 0.8667 0.7333 0.9333
~ 0.7333 0.8667 0.8000 0.9333
~ 0.8000 0.8667 0.8667 0.9333
~ 0.8667 0.8667 0.9333 0.9333
~ 0.9333 0.8667 1.0000 0.9333
~ 0.0000 0.9333 0.0667 1.0000
~ 0.0667 0.9333 0.1333 1.0000
~ 0.1333 0.9333 0.2000 1.0000
~ 0.2000 0.9333 0.2667 1.0000
~ 0.2667 0.9333 0.3333 1.0000
~ 0.3333 0.9333 0.4000 1.0000
~ 0.4000 0.9333 0.4667 1.0000
~ 0.4667 0.9333 0.5333 1.0000
~ 0.5333 0.9333 0.6000 1.0000
~ 0.6000 0.9333 0.6667 1.0000
~ 0.6667 0.9333 0.7333 1.0000
~ 0.7333 0.9333 0.8000 1.0000
~ 0.8000 0.9333 0.8667 1.0000
~ 0.8667 0.9333 0.9333 1.0000
~ 0.9333 0.9333 1.0000 1.0000
