D 0.0000 0.0000 0.0667 0.0667
E 0.0667 0.0000 0.1333 0.0667
V 0.1333 0.0000 0.2000 0.0667
~ 0.2000 0.0000 0.2667 0.0667
L 0.2667 0.0000 0.3333 0.0667
U 0.3333 0.0000 0.4000 0.0667
A 0.4000 0.0000 0.4667 0.0667
T 0.4667 0.0000 0.5333 0.0667
I 0.5333 0.0000 0.6000 0.0667
N 0.6000 0.0000 0.6667 0.0667
G 0.6667 0.0000 0.7333 0.0667
~ 0.7333 0.0000 0.8000 0.0667
~ 0.8000 0.0000 0.8667 0.0667
~ 0.8667 0.0000 0.9333 0.0667
~ 0.9333 0.0000 1.0000 0.0667
~ 0.0000 0.0667 0.0667 0.1333
T 0.0667 0.0667 0.1333 0.1333
I 0.1333 0.0667 0.2000 0.1333
~ 0.2000 0.0667 0.2667 0.1333
~ 0.2667 0.0667 0.3333 0.1333
~ 0.3333 0.0667 0.4000 0.1333
B 0.4000 0.0667 0.4667 0.1333
A 0.4667 0.0667 0.5333 0.1333
~ 0.5333 0.0667 0.6000 0.1333
~ 0.6000 0.0667 0.6667 0.1333
O 0.6667 0.0667 0.7333 0.1333
~ 0.7333 0.0667 0.8000 0.1333
~ 0.8000 0.0667 0.8667 0.1333
~ 0.8667 0.0667 0.9333 0.1333
~ 0.9333 0.0667 1.0000 0.1333
~ 0.0000 0.1333 0.0667 0.2000
~ 0.0667 0.1333 0.1333 0.2000
E 0.1333 0.1333 0.2000 0.2000
~ 0.2000 0.1333 0.2667 0.2000
~ 0.2667 0.1333 0.3333 0.2000
~ 0.3333 0.1333 0.4000 0.2000
O 0.4000 0.1333 0.4667 0.2000
X 0.4667 0.1333 0.5333 0.2000
~ 0.5333 0.1333 0.6000 0.2000
V 0.6000 0.1333 0.6667 0.2000
U 0.6667 0.1333 0.7333 0.2000
G 0.7333 0.1333 0.8000 0.2000
H 0.8000 0.1333 0.8667 0.2000
~ 0.8667 0.1333 0.9333 0.2000
~ 0.9333 0.1333 1.0000 0.2000
R 0.0000 0.2000 0.0667 0.2667
E 0.0667 0.2000 0.1333 0.2667
W 0.1333 0.2000 0.2000 0.2667
~ 0.2000 0.2000 0.2667 0.2667
R 0.2667 0.2000 0.3333 0.2667
E 0.3333 0.2000 0.4000 0.2667
~ 0.4000 0.2000 0.4667 0.2667
A 0.4667 0.2000 0.5333 0.2667
B 0.5333 0.2000 0.6000 0.2667
~ 0.6000 0.2000 0.6667 0.2667
R 0.6667 0.2000 0.7333 0.2667
~ 0.7333 0.2000 0.8000 0.2667
A 0.8000 0.2000 0.8667 0.2667
~ 0.8667 0.2000 0.9333 0.2667
~ 0.9333 0.2000 1.0000 0.2667
U 0.0000 0.2667 0.0667 0.3333
~ 0.0667 0.2667 0.1333 0.3333
~ 0.1333 0.2667 0.2000 0.3333
~ 0.2000 0.2667 0.2667 0.3333
~ 0.2667 0.2667 0.3333 0.3333
~ 0.3333 0.2667 0.4000 0.3333
~ 0.4000 0.2667 0.4667 0.3333
~ 0.4667 0.2667 0.5333 0.3333
R 0.5333 0.2667 0.6000 0.3333
E 0.6000 0.2667 0.6667 0.3333
D 0.6667 0.2667 0.7333 0.3333
~ 0.7333 0.2667 0.8000 0.3333
I 0.8000 0.2667 0.8667 0.3333
N 0.8667 0.2667 0.9333 0.3333
~ 0.9333 0.2667 1.0000 0.3333
M 0.0000 0.3333 0.0667 0.4000
~ 0.0667 0.3333 0.1333 0.4000
~ 0.1333 0.3333 0.2000 0.4000
P 0.2000 0.3333 0.2667 0.4000
~ 0.2667 0.3333 0.3333 0.4000
J 0.3333 0.3333 0.4000 0.4000
~ 0.4000 0.3333 0.4667 0.4000
~ 0.4667 0.3333 0.5333 0.4000
I 0.5333 0.3333 0.6000 0.4000
T 0.6000 0.3333 0.6667 0.4000
~ 0.6667 0.3333 0.7333 0.4000
~ 0.7333 0.3333 0.8000 0.4000
K 0.8000 0.3333 0.8667 0.4000
A 0.8667 0.3333 0.9333 0.4000
~ 0.9333 0.3333 1.0000 0.4000
I 0.0000 0.4000 0.0667 0.4667
~ 0.0667 0.4000 0.1333 0.4667
~ 0.1333 0.4000 0.2000 0.4667
O 0.2000 0.4000 0.2667 0.4667
~ 0.2667 0.4000 0.3333 0.4667
O 0.3333 0.4000 0.4000 0.4667
~ 0.4000 0.4000 0.4667 0.4667
~ 0.4667 0.4000 0.5333 0.4667
M 0.5333 0.4000 0.6000 0.4667
~ 0.6000 0.4000 0.6667 0.4667
~ 0.6667 0.4000 0.7333 0.4667
~ 0.7333 0.4000 0.8000 0.4667
~ 0.8000 0.4000 0.8667 0.4667
G 0.8667 0.4000 0.9333 0.4667
~ 0.9333 0.4000 1.0000 0.4667
N 0.0000 0.4667 0.0667 0.5333
~ 0.0667 0.4667 0.1333 0.5333
~ 0.1333 0.4667 0.2000 0.5333
C 0.2000 0.4667 0.2667 0.5333
L 0.2667 0.4667 0.3333 0.5333
E 0.3333 0.4667 0.4000 0.5333
F 0.4000 0.4667 0.4667 0.5333
T 0.4667 0.4667 0.5333 0.5333
S 0.5333 0.4667 0.6000 0.5333
~ 0.6000 0.4667 0.6667 0.5333
~ 0.6667 0.4667 0.7333 0.5333
Q 0.7333 0.4667 0.8000 0.5333
~ 0.8000 0.4667 0.8667 0.5333
~ 0.8667 0.4667 0.9333 0.5333
~ 0.9333 0.4667 1.0000 0.5333
A 0.0000 0.5333 0.0667 0.6000
~ 0.0667 0.5333 0.1333 0.6000
~ 0.1333 0.5333 0.2000 0.6000
~ 0.2000 0.5333 0.2667 0.6000
~ 0.2667 0.5333 0.3333 0.6000
~ 0.3333 0.5333 0.4000 0.6000
~ 0.4000 0.5333 0.4667 0.6000
~ 0.4667 0.5333 0.5333 0.6000
~ 0.5333 0.5333 0.6000 0.6000
~ 0.6000 0.5333 0.6667 0.6000
~ 0.6667 0.5333 0.7333 0.6000
~ 0.7333 0.5333 0.8000 0.6000
~ 0.8000 0.5333 0.8667 0.6000
~ 0.8667 0.5333 0.9333 0.6000
~ 0.9333 0.5333 1.0000 0.6000
L 0.0000 0.6000 0.0667 0.6667
~ 0.0667 0.6000 0.1333 0.6667
D 0.1333 0.6000 0.2000 0.6667
E 0.2000 0.6000 0.2667 0.6667
S 0.2667 0.6000 0.3333 0.6667
T 0.3333 0.6000 0.4000 0.6667
I 0.4000 0.6000 0.4667 0.6667
N 0.4667 0.6000 0.5333 0.6667
E 0.5333 0.6000 0.6000 0.6667
S 0.6000 0.6000 0.6667 0.6667
~ 0.6667 0.6000 0.7333 0.6667
~ 0.7333 0.6000 0.8000 0.6667
~ 0.8000 0.6000 0.8667 0.6667
P 0.8667 0.6000 0.9333 0.6667
~ 0.9333 0.6000 1.0000 0.6667
~ 0.0000 0.6667 0.0667 0.7333
~ 0.0667 0.6667 0.1333 0.7333
~ 0.1333 0.6667 0.2000 0.7333
T 0.2000 0.6667 0.2667 0.7333
A 0.2667 0.6667 0.3333 0.7333
~ 0.3333 0.6667 0.4000 0.7333
~ 0.4000 0.6667 0.4667 0.7333
A 0.4667 0.6667 0.5333 0.7333
L 0.5333 0.6667 0.6000 0.7333
O 0.6000 0.6667 0.6667 0.7333
E 0.6667 0.6667 0.7333 0.7333
~ 0.7333 0.6667 0.8000 0.7333
~ 0.8000 0.6667 0.8667 0.7333
R 0.8667 0.6667 0.9333 0.7333
~ 0.9333 0.6667 1.0000 0.7333
~ 0.0000 0.7333 0.0667 0.8000
~ 0.0667 0.7333 0.1333 0.8000
H 0.1333 0.7333 0.2000 0.8000
E 0.2000 0.7333 0.2667 0.8000
Y 0.2667 0.7333 0.3333 0.8000
~ 0.3333 0.7333 0.4000 0.8000
O 0.4000 0.7333 0.4667 0.8000
W 0.4667 0.7333 0.5333 0.8000
~ 0.5333 0.7333 0.6000 0.8000
~ 0.6000 0.7333 0.6667 0.8000
N 0.6667 0.7333 0.7333 0.8000
A 0.7333 0.7333 0.8000 0.8000
Z 0.8000 0.7333 0.8667 0.8000
I 0.8667 0.7333 0.9333 0.8000
~ 0.9333 0.7333 1.0000 0.8000
~ 0.0000 0.8000 0.0667 0.8667
F 0.0667 0.8000 0.1333 0.8667
E 0.1333 0.8000 0.2000 0.8667
D 0.2000 0.8000 0.2667 0.8667
~ 0.2667 0.8000 0.3333 0.8667
~ 0.3333 0.8000 0.4000 0.8667
~ 0.4000 0.8000 0.4667 0.8667
~ 0.4667 0.8000 0.5333 0.8667
~ 0.5333 0.8000 0.6000 0.8667
~ 0.6000 0.8000 0.6667 0.8667
~ 0.6667 0.8000 0.7333 0.8667
~ 0.7333 0.8000 0.8000 0.8667
~ 0.8000 0.8000 0.8667 0.8667
C 0.8667 0.8000 0.9333 0.8667
~ 0.9333 0.8000 1.0000 0.8667
~ 0.0000 0.8667 0.0667 0.9333
O 0.0667 0.8667 0.1333 0.9333
Y 0.1333 0.8667 0.2000 0.9333
~ 0.2000 0.8667 0.2667 0.9333
~ 0.2667 0.8667 0.3333 0.9333
~ 0.3333 0.8667 0.4000 0.9333
~ 0.4000 0.8667 0.4667 0.9333
~ 0.4667 0.8667 0.5333 0.9333
~ 0.5333 0.8667 0.6000 0.9333
~ 0.6000 0.8667 0.6667 0.9333
~ 0.6667 0.8667 0.7333 0.9333
I 0.7333 0.8667 0.8000 0.9333
~ 0.8000 0.8667 0.8667 0.9333
E 0.8667 0.8667 0.9333 0.9333
~ 0.9333 0.8667 1.0000 0.9333
~ 0.0000 0.9333 0.0667 1.0000
U 0.0667 0.9333 0.1333 1.0000
~ 0.1333 0.9333 0.2000 1.0000
~ 0.2000 0.9333 0.2667 1.0000
~ 0.2667 0.9333 0.3333 1.0000
~ 0.3333 0.9333 0.4000 1.0000
~ 0.4000 0.9333 0.4667 1.0000
~ 0.4667 0.9333 0.5333 1.0000
~ 0.5333 0.9333 0.6000 1.0000
~ 0.6000 0.9333 0.6667 1.0000
~ 0.6667 0.9333 0.7333 1.0000
S 0.7333 0.9333 0.8000 1.0000
O 0.8000 0.9333 0.8667 1.0000
R 0.8667 0.9333 0.9333 1.0000
N 0.9333 0.9333 1.0000 1.0000
