~ 0.0000 0.0000 0.0667 0.0667
~ 0.0667 0.0000 0.1333 0.0667
~ 0.1333 0.0000 0.2000 0.0667
~ 0.2000 0.0000 0.2667 0.0667
~ 0.2667 0.0000 0.3333 0.0667
~ 0.3333 0.0000 0.4000 0.0667
~ 0.4000 0.0000 0.4667 0.0667
O 0.4667 0.0000 0.5333 0.0667
~ 0.5333 0.0000 0.6000 0.0667
~ 0.6000 0.0000 0.6667 0.0667
~ 0.6667 0.0000 0.7333 0.0667
~ 0.7333 0.0000 0.8000 0.0667
~ 0.8000 0.0000 0.8667 0.0667
~ 0.8667 0.0000 0.9333 0.0667
M 0.9333 0.0000 1.0000 0.0667
~ 0.0000 0.0667 0.0667 0.1333
~ 0.0667 0.0667 0.1333 0.1333
~ 0.1333 0.0667 0.2000 0.1333
~ 0.2000 0.0667 0.2667 0.1333
~ 0.2667 0.0667 0.3333 0.1333
T 0.3333 0.0667 0.4000 0.1333
~ 0.4000 0.0667 0.4667 0.1333
D 0.4667 0.0667 0.5333 0.1333
U 0.5333 0.0667 0.6000 0.1333
G 0.6000 0.0667 0.6667 0.1333
~ 0.6667 0.0667 0.7333 0.1333
~ 0.7333 0.0667 0.8000 0.1333
~ 0.8000 0.0667 0.8667 0.1333
F 0.8667 0.0667 0.9333 0.1333
E 0.9333 0.0667 1.0000 0.1333
~ 0.0000 0.1333 0.0667 0.2000
~ 0.0667 0.1333 0.1333 0.2000
~ 0.1333 0.1333 0.2000 0.2000
~ 0.2000 0.1333 0.2667 0.2000
V 0.2667 0.1333 0.3333 0.2000
I 0.3333 0.1333 0.4000 0.2000
N 0.4000 0.1333 0.4667 0.2000
E 0.4667 0.1333 0.5333 0.2000
~ 0.5333 0.1333 0.6000 0.2000
~ 0.6000 0.1333 0.6667 0.2000
J 0.6667 0.1333 0.7333 0.2000
A 0.7333 0.1333 0.8000 0.2000
R 0.8000 0.1333 0.8667 0.2000
L 0.8667 0.1333 0.9333 0.2000
~ 0.9333 0.1333 1.0000 0.2000
~ 0.0000 0.2000 0.0667 0.2667
~ 0.0667 0.2000 0.1333 0.2667
~ 0.1333 0.2000 0.2000 0.2667
~ 0.2000 0.2000 0.2667 0.2667
~ 0.2667 0.2000 0.3333 0.2667
G 0.3333 0.2000 0.4000 0.2667
~ 0.4000 0.2000 0.4667 0.2667
R 0.4667 0.2000 0.5333 0.2667
A 0.5333 0.2000 0.6000 0.2667
N 0.6000 0.2000 0.6667 0.2667
~ 0.6667 0.2000 0.7333 0.2667
Y 0.7333 0.2000 0.8000 0.2667
~ 0.8000 0.2000 0.8667 0.2667
E 0.8667 0.2000 0.9333 0.2667
~ 0.9333 0.2000 1.0000 0.2667
~ 0.0000 0.2667 0.0667 0.3333
~ 0.0667 0.2667 0.1333 0.3333
~ 0.1333 0.2667 0.2000 0.3333
~ 0.2000 0.2667 0.2667 0.3333
~ 0.2667 0.2667 0.3333 0.3333
~ 0.3333 0.2667 0.4000 0.3333
~ 0.4000 0.2667 0.4667 0.3333
~ 0.4667 0.2667 0.5333 0.3333
~ 0.5333 0.2667 0.6000 0.3333
E 0.6000 0.2667 0.6667 0.3333
R 0.6667 0.2667 0.7333 0.3333
A 0.7333 0.2667 0.8000 0.3333
~ 0.8000 0.2667 0.8667 0.3333
X 0.8667 0.2667 0.9333 0.3333
I 0.9333 0.2667 1.0000 0.3333
~ 0.0000 0.3333 0.0667 0.4000
~ 0.0667 0.3333 0.1333 0.4000
~ 0.1333 0.3333 0.2000 0.4000
~ 0.2000 0.3333 0.2667 0.4000
~ 0.2667 0.3333 0.3333 0.4000
~ 0.3333 0.3333 0.4000 0.4000
~ 0.4000 0.3333 0.4667 0.4000
~ 0.4667 0.3333 0.5333 0.4000
W 0.5333 0.3333 0.6000 0.4000
A 0.6000 0.3333 0.6667 0.4000
Y 0.6667 0.3333 0.7333 0.4000
~ 0.7333 0.3333 0.8000 0.4000
~ 0.8000 0.3333 0.8667 0.4000
~ 0.8667 0.3333 0.9333 0.4000
L 0.9333 0.3333 1.0000 0.4000
~ 0.0000 0.4000 0.0667 0.4667
~ 0.0667 0.4000 0.1333 0.4667
~ 0.1333 0.4000 0.2000 0.4667
~ 0.2000 0.4000 0.2667 0.4667
~ 0.2667 0.4000 0.3333 0.4667
~ 0.3333 0.4000 0.4000 0.4667
F 0.4000 0.4000 0.4667 0.4667
~ 0.4667 0.4000 0.5333 0.4667
A 0.5333 0.4000 0.6000 0.4667
T 0.6000 0.4000 0.6667 0.4667
E 0.6667 0.4000 0.7333 0.4667
~ 0.7333 0.4000 0.8000 0.4667
~ 0.8000 0.4000 0.8667 0.4667
~ 0.8667 0.4000 0.9333 0.4667
I 0.9333 0.4000 1.0000 0.4667
~ 0.0000 0.4667 0.0667 0.5333
~ 0.0667 0.4667 0.1333 0.5333
~ 0.1333 0.4667 0.2000 0.5333
~ 0.2000 0.4667 0.2667 0.5333
B 0.2667 0.4667 0.3333 0.5333
O 0.3333 0.4667 0.4000 0.5333
I 0.4000 0.4667 0.4667 0.5333
L 0.4667 0.4667 0.5333 0.5333
S 0.5333 0.4667 0.6000 0.5333
~ 0.6000 0.4667 0.6667 0.5333
~ 0.6667 0.4667 0.7333 0.5333
~ 0.7333 0.4667 0.8000 0.5333
~ 0.8000 0.4667 0.8667 0.5333
M 0.8667 0.4667 0.9333 0.5333
A 0.9333 0.4667 1.0000 0.5333
~ 0.0000 0.5333 0.0667 0.6000
~ 0.0667 0.5333 0.1333 0.6000
~ 0.1333 0.5333 0.2000 0.6000
~ 0.2000 0.5333 0.2667 0.6000
U 0.2667 0.5333 0.3333 0.6000
~ 0.3333 0.5333 0.4000 0.6000
Z 0.4000 0.5333 0.4667 0.6000
~ 0.4667 0.5333 0.5333 0.6000
H 0.5333 0.5333 0.6000 0.6000
~ 0.6000 0.5333 0.6667 0.6000
D 0.6667 0.5333 0.7333 0.6000
~ 0.7333 0.5333 0.8000 0.6000
B 0.8000 0.5333 0.8667 0.6000
O 0.8667 0.5333 0.9333 0.6000
~ 0.9333 0.5333 1.0000 0.6000
~ 0.0000 0.6000 0.0667 0.6667
~ 0.0667 0.6000 0.1333 0.6667
V 0.1333 0.6000 0.2000 0.6667
~ 0.2000 0.6000 0.2667 0.6667
C 0.2667 0.6000 0.3333 0.6667
~ 0.3333 0.6000 0.4000 0.6667
~ 0.4000 0.6000 0.4667 0.6667
~ 0.4667 0.6000 0.5333 0.6667
~ 0.5333 0.6000 0.6000 0.6667
E 0.6000 0.6000 0.6667 0.6667
R 0.6667 0.6000 0.7333 0.6667
~ 0.7333 0.6000 0.8000 0.6667
U 0.8000 0.6000 0.8667 0.6667
P 0.8667 0.6000 0.9333 0.6667
~ 0.9333 0.6000 1.0000 0.6667
~ 0.0000 0.6667 0.0667 0.7333
L 0.0667 0.6667 0.1333 0.7333
O 0.1333 0.6667 0.2000 0.7333
~ 0.2000 0.6667 0.2667 0.7333
K 0.2667 0.6667 0.3333 0.7333
~ 0.3333 0.6667 0.4000 0.7333
Q 0.4000 0.6667 0.4667 0.7333
~ 0.4667 0.6667 0.5333 0.7333
~ 0.5333 0.6667 0.6000 0.7333
~ 0.6000 0.6667 0.6667 0.7333
I 0.6667 0.6667 0.7333 0.7333
~ 0.7333 0.6667 0.8000 0.7333
N 0.8000 0.6667 0.8667 0.7333
E 0.8667 0.6667 0.9333 0.7333
~ 0.9333 0.6667 1.0000 0.7333
~ 0.0000 0.7333 0.0667 0.8000
~ 0.0667 0.7333 0.1333 0.8000
T 0.1333 0.7333 0.2000 0.8000
E 0.2000 0.7333 0.2667 0.8000
~ 0.2667 0.7333 0.3333 0.8000
T 0.3333 0.7333 0.4000 0.8000
I 0.4000 0.7333 0.4667 0.8000
N 0.4667 0.7333 0.5333 0.8000
~ 0.5333 0.7333 0.6000 0.8000
~ 0.6000 0.7333 0.6667 0.8000
P 0.6667 0.7333 0.7333 0.8000
U 0.7333 0.7333 0.8000 0.8000
T 0.8000 0.7333 0.8667 0.8000
~ 0.8667 0.7333 0.9333 0.8000
O 0.9333 0.7333 1.0000 0.8000
C 0.0000 0.8000 0.0667 0.8667
~ 0.0667 0.8000 0.1333 0.8667
E 0.1333 0.8000 0.2000 0.8667
~ 0.2000 0.8000 0.2667 0.8667
~ 0.2667 0.8000 0.3333 0.8667
~ 0.3333 0.8000 0.4000 0.8667
~ 0.4000 0.8000 0.4667 0.8667
O 0.4667 0.8000 0.5333 0.8667
~ 0.5333 0.8000 0.6000 0.8667
~ 0.6000 0.8000 0.6667 0.8667
~ 0.6667 0.8000 0.7333 0.8667
~ 0.7333 0.8000 0.8000 0.8667
~ 0.8000 0.8000 0.8667 0.8667
~ 0.8667 0.8000 0.9333 0.8667
A 0.9333 0.8000 1.0000 0.8667
A 0.0000 0.8667 0.0667 0.9333
G 0.0667 0.8667 0.1333 0.9333
S 0.1333 0.8667 0.2000 0.9333
~ 0.2000 0.8667 0.2667 0.9333
E 0.2667 0.8667 0.3333 0.9333
H 0.3333 0.8667 0.4000 0.9333
~ 0.4000 0.8667 0.4667 0.9333
O 0.4667 0.8667 0.5333 0.9333
~ 0.5333 0.8667 0.6000 0.9333
D 0.6000 0.8667 0.6667 0.9333
R 0.6667 0.8667 0.7333 0.9333
O 0.7333 0.8667 0.8000 0.9333
N 0.8000 0.8667 0.8667 0.9333
E 0.8667 0.8667 0.9333 0.9333
R 0.9333 0.8667 1.0000 0.9333
W 0.0000 0.9333 0.0667 1.0000
~ 0.0667 0.9333 0.1333 1.0000
~ 0.1333 0.9333 0.2000 1.0000
~ 0.2000 0.9333 0.2667 1.0000
D 0.2667 0.9333 0.3333 1.0000
A 0.3333 0.9333 0.4000 1.0000
I 0.4000 0.9333 0.4667 1.0000
N 0.4667 0.9333 0.5333 1.0000
T 0.5333 0.9333 0.6000 1.0000
I 0.6000 0.9333 0.6667 1.0000
E 0.6667 0.9333 0.7333 1.0000
S 0.7333 0.9333 0.8000 1.0000
~ 0.8000 0.9333 0.8667 1.0000
~ 0.8667 0.9333 0.9333 1.0000
S 0.9333 0.9333 1.0000 1.0000
