Z 0.0000 0.0000 0.0667 0.0667
A 0.0667 0.0000 0.1333 0.0667
~ 0.1333 0.0000 0.2000 0.0667
B 0.2000 0.0000 0.2667 0.0667
A 0.2667 0.0000 0.3333 0.0667
~ 0.3333 0.0000 0.4000 0.0667
~ 0.4000 0.0000 0.4667 0.0667
Y 0.4667 0.0000 0.5333 0.0667
O 0.5333 0.0000 0.6000 0.0667
N 0.6000 0.0000 0.6667 0.0667
~ 0.6667 0.0000 0.7333 0.0667
~ 0.7333 0.0000 0.8000 0.0667
~ 0.8000 0.0000 0.8667 0.0667
N 0.8667 0.0000 0.9333 0.0667
E 0.9333 0.0000 1.0000 0.0667
~ 0.0000 0.0667 0.0667 0.1333
E 0.0667 0.0667 0.1333 0.1333
G 0.1333 0.0667 0.2000 0.1333
E 0.2000 0.0667 0.2667 0.1333
S 0.2667 0.0667 0.3333 0.1333
T 0.3333 0.0667 0.4000 0.1333
I 0.4000 0.0667 0.4667 0.1333
O 0.4667 0.0667 0.5333 0.1333
N 0.5333 0.0667 0.6000 0.1333
~ 0.6000 0.0667 0.6667 0.1333
~ 0.6667 0.0667 0.7333 0.1333
~ 0.7333 0.0667 0.8000 0.1333
F 0.8000 0.0667 0.8667 0.1333
O 0.8667 0.0667 0.9333 0.1333
R 0.9333 0.0667 1.0000 0.1333
~ 0.0000 0.1333 0.0667 0.2000
~ 0.0667 0.1333 0.1333 0.2000
R 0.1333 0.1333 0.2000 0.2000
~ 0.2000 0.1333 0.2667 0.2000
~ 0.2667 0.1333 0.3333 0.2000
~ 0.3333 0.1333 0.4000 0.2000
~ 0.4000 0.1333 0.4667 0.2000
~ 0.4667 0.1333 0.5333 0.2000
~ 0.5333 0.1333 0.6000 0.2000
~ 0.6000 0.1333 0.6667 0.2000
~ 0.6667 0.1333 0.7333 0.2000
F 0.7333 0.1333 0.8000 0.2000
E 0.8000 0.1333 0.8667 0.2000
W 0.8667 0.1333 0.9333 0.2000
~ 0.9333 0.1333 1.0000 0.2000
~ 0.0000 0.2000 0.0667 0.2667
~ 0.0667 0.2000 0.1333 0.2667
O 0.1333 0.2000 0.2000 0.2667
~ 0.2000 0.2000 0.2667 0.2667
L 0.2667 0.2000 0.3333 0.2667
~ 0.3333 0.2000 0.4000 0.2667
~ 0.4000 0.2000 0.4667 0.2667
A 0.4667 0.2000 0.5333 0.2667
L 0.5333 0.2000 0.6000 0.2667
~ 0.6000 0.2000 0.6667 0.2667
J 0.6667 0.2000 0.7333 0.2667
U 0.7333 0.2000 0.8000 0.2667
N 0.8000 0.2000 0.8667 0.2667
~ 0.8667 0.2000 0.9333 0.2667
~ 0.9333 0.2000 1.0000 0.2667
~ 0.0000 0.2667 0.0667 0.3333
~ 0.0667 0.2667 0.1333 0.3333
U 0.1333 0.2667 0.2000 0.3333
~ 0.2000 0.2667 0.2667 0.3333
O 0.2667 0.2667 0.3333 0.3333
~ 0.3333 0.2667 0.4000 0.3333
~ 0.4000 0.2667 0.4667 0.3333
M 0.4667 0.2667 0.5333 0.3333
I 0.5333 0.2667 0.6000 0.3333
~ 0.6000 0.2667 0.6667 0.3333
A 0.6667 0.2667 0.7333 0.3333
G 0.7333 0.2667 0.8000 0.3333
~ 0.8000 0.2667 0.8667 0.3333
~ 0.8667 0.2667 0.9333 0.3333
~ 0.9333 0.2667 1.0000 0.3333
~ 0.0000 0.3333 0.0667 0.4000
~ 0.0667 0.3333 0.1333 0.4000
P 0.1333 0.3333 0.2000 0.4000
E 0.2000 0.3333 0.2667 0.4000
T 0.2667 0.3333 0.3333 0.4000
~ 0.3333 0.3333 0.4000 0.4000
Q 0.4000 0.3333 0.4667 0.4000
I 0.4667 0.3333 0.5333 0.4000
S 0.5333 0.3333 0.6000 0.4000
~ 0.6000 0.3333 0.6667 0.4000
W 0.6667 0.3333 0.7333 0.4000
~ 0.7333 0.3333 0.8000 0.4000
~ 0.8000 0.3333 0.8667 0.4000
~ 0.8667 0.3333 0.9333 0.4000
~ 0.9333 0.3333 1.0000 0.4000
U 0.0000 0.4000 0.0667 0.4667
~ 0.0667 0.4000 0.1333 0.4667
~ 0.1333 0.4000 0.2000 0.4667
L 0.2000 0.4000 0.2667 0.4667
A 0.2667 0.4000 0.3333 0.4667
~ 0.3333 0.4000 0.4000 0.4667
O 0.4000 0.4000 0.4667 0.4667
N 0.4667 0.4000 0.5333 0.4667
~ 0.5333 0.4000 0.6000 0.4667
H 0.6000 0.4000 0.6667 0.4667
E 0.6667 0.4000 0.7333 0.4667
~ 0.7333 0.4000 0.8000 0.4667
~ 0.8000 0.4000 0.8667 0.4667
~ 0.8667 0.4000 0.9333 0.4667
~ 0.9333 0.4000 1.0000 0.4667
M 0.0000 0.4667 0.0667 0.5333
A 0.0667 0.4667 0.1333 0.5333
X 0.1333 0.4667 0.2000 0.5333
I 0.2000 0.4667 0.2667 0.5333
~ 0.2667 0.4667 0.3333 0.5333
~ 0.3333 0.4667 0.4000 0.5333
P 0.4000 0.4667 0.4667 0.5333
O 0.4667 0.4667 0.5333 0.5333
L 0.5333 0.4667 0.6000 0.5333
E 0.6000 0.4667 0.6667 0.5333
D 0.6667 0.4667 0.7333 0.5333
~ 0.7333 0.4667 0.8000 0.5333
~ 0.8000 0.4667 0.8667 0.5333
~ 0.8667 0.4667 0.9333 0.5333
~ 0.9333 0.4667 1.0000 0.5333
~ 0.0000 0.5333 0.0667 0.6000
T 0.0667 0.5333 0.1333 0.6000
I 0.1333 0.5333 0.2000 0.6000
C 0.2000 0.5333 0.2667 0.6000
~ 0.2667 0.5333 0.3333 0.6000
E 0.3333 0.5333 0.4000 0.6000
H 0.4000 0.5333 0.4667 0.6000
~ 0.4667 0.5333 0.5333 0.6000
~ 0.5333 0.5333 0.6000 0.6000
R 0.6000 0.5333 0.6667 0.6000
~ 0.6667 0.5333 0.7333 0.6000
~ 0.7333 0.5333 0.8000 0.6000
~ 0.8000 0.5333 0.8667 0.6000
~ 0.8667 0.5333 0.9333 0.6000
~ 0.9333 0.5333 1.0000 0.6000
~ 0.0000 0.6000 0.0667 0.6667
~ 0.0667 0.6000 0.1333 0.6667
S 0.1333 0.6000 0.2000 0.6667
I 0.2000 0.6000 0.2667 0.6667
~ 0.2667 0.6000 0.3333 0.6667
V 0.3333 0.6000 0.4000 0.6667
~ 0.4000 0.6000 0.4667 0.6667
~ 0.4667 0.6000 0.5333 0.6667
~ 0.5333 0.6000 0.6000 0.6667
D 0.6000 0.6000 0.6667 0.6667
~ 0.6667 0.6000 0.7333 0.6667
~ 0.7333 0.6000 0.8000 0.6667
~ 0.8000 0.6000 0.8667 0.6667
~ 0.8667 0.6000 0.9333 0.6667
~ 0.9333 0.6000 1.0000 0.6667
~ 0.0000 0.6667 0.0667 0.7333
~ 0.0667 0.6667 0.1333 0.7333
~ 0.1333 0.6667 0.2000 0.7333
T 0.2000 0.6667 0.2667 0.7333
~ 0.2667 0.6667 0.3333 0.7333
E 0.3333 0.6667 0.4000 0.7333
~ 0.4000 0.6667 0.4667 0.7333
C 0.4667 0.6667 0.5333 0.7333
~ 0.5333 0.6667 0.6000 0.7333
~ 0.6000 0.6667 0.6667 0.7333
~ 0.6667 0.6667 0.7333 0.7333
~ 0.7333 0.6667 0.8000 0.7333
~ 0.8000 0.6667 0.8667 0.7333
~ 0.8667 0.6667 0.9333 0.7333
~ 0.9333 0.6667 1.0000 0.7333
~ 0.0000 0.7333 0.0667 0.8000
~ 0.0667 0.7333 0.1333 0.8000
T 0.1333 0.7333 0.2000 0.8000
E 0.2000 0.7333 0.2667 0.8000
A 0.2667 0.7333 0.3333 0.8000
R 0.3333 0.7333 0.4000 0.8000
~ 0.4000 0.7333 0.4667 0.8000
E 0.4667 0.7333 0.5333 0.8000
R 0.5333 0.7333 0.6000 0.8000
~ 0.6000 0.7333 0.6667 0.8000
~ 0.6667 0.7333 0.7333 0.8000
~ 0.7333 0.7333 0.8000 0.8000
~ 0.8000 0.7333 0.8667 0.8000
~ 0.8667 0.7333 0.9333 0.8000
~ 0.9333 0.7333 1.0000 0.8000
~ 0.0000 0.8000 0.0667 0.8667
~ 0.0667 0.8000 0.1333 0.8667
~ 0.1333 0.8000 0.2000 0.8667
D 0.2000 0.8000 0.2667 0.8667
~ 0.2667 0.8000 0.3333 0.8667
~ 0.3333 0.8000 0.4000 0.8667
~ 0.4000 0.8000 0.4667 0.8667
B 0.4667 0.8000 0.5333 0.8667
~ 0.5333 0.8000 0.6000 0.8667
~ 0.6000 0.8000 0.6667 0.8667
~ 0.6667 0.8000 0.7333 0.8667
~ 0.7333 0.8000 0.8000 0.8667
~ 0.8000 0.8000 0.8667 0.8667
~ 0.8667 0.8000 0.9333 0.8667
~ 0.9333 0.8000 1.0000 0.8667
~ 0.0000 0.8667 0.0667 0.9333
~ 0.0667 0.8667 0.1333 0.9333
~ 0.1333 0.8667 0.2000 0.9333
~ 0.2000 0.8667 0.2667 0.9333
V 0.2667 0.8667 0.3333 0.9333
A 0.3333 0.8667 0.4000 0.9333
G 0.4000 0.8667 0.4667 0.9333
I 0.4667 0.8667 0.5333 0.9333
~ 0.5333 0.8667 0.6000 0.9333
~ 0.6000 0.8667 0.6667 0.9333
~ 0.6667 0.8667 0.7333 0.9333
~ 0.7333 0.8667 0.8000 0.9333
~ 0.8000 0.8667 0.8667 0.9333
~ 0.8667 0.8667 0.9333 0.9333
~ 0.9333 0.8667 1.0000 0.9333
~ 0.0000 0.9333 0.0667 1.0000
~ 0.0667 0.9333 0.1333 1.0000
~ 0.1333 0.9333 0.2000 1.0000
~ 0.2000 0.9333 0.2667 1.0000
~ 0.2667 0.9333 0.3333 1.0000
~ 0.3333 0.9333 0.4000 1.0000
~ 0.4000 0.9333 0.4667 1.0000
D 0.4667 0.9333 0.5333 1.0000
A 0.5333 0.9333 0.6000 1.0000
K 0.6000 0.9333 0.6667 1.0000
~ 0.6667 0.9333 0.7333 1.0000
I 0.7333 0.9333 0.8000 1.0000
T 0.8000 0.9333 0.8667 1.0000
Y 0.8667 0.9333 0.9333 1.0000
~ 0.9333 0.9333 1.0000 1.0000
