~ 0.0000 0.0000 0.0667 0.0667
~ 0.0667 0.0000 0.1333 0.0667
~ 0.1333 0.0000 0.2000 0.0667
~ 0.2000 0.0000 0.2667 0.0667
~ 0.2667 0.0000 0.3333 0.0667
~ 0.3333 0.0000 0.4000 0.0667
U 0.4000 0.0000 0.4667 0.0667
P 0.4667 0.0000 0.5333 0.0667
O 0.5333 0.0000 0.6000 0.0667
~ 0.6000 0.0000 0.6667 0.0667
B 0.6667 0.0000 0.7333 0.0667
A 0.7333 0.0000 0.8000 0.0667
T 0.8000 0.0000 0.8667 0.0667
O 0.8667 0.0000 0.9333 0.0667
N 0.9333 0.0000 1.0000 0.0667
C 0.0000 0.0667 0.0667 0.1333
U 0.0667 0.0667 0.1333 0.1333
L 0.1333 0.0667 0.2000 0.1333
T 0.2000 0.0667 0.2667 0.1333
~ 0.2667 0.0667 0.3333 0.1333
~ 0.3333 0.0667 0.4000 0.1333
~ 0.4000 0.0667 0.4667 0.1333
L 0.4667 0.0667 0.5333 0.1333
~ 0.5333 0.0667 0.6000 0.1333
F 0.6000 0.0667 0.6667 0.1333
O 0.6667 0.0667 0.7333 0.1333
B 0.7333 0.0667 0.8000 0.1333
~ 0.8000 0.0667 0.8667 0.1333
~ 0.8667 0.0667 0.9333 0.1333
~ 0.9333 0.0667 1.0000 0.1333
~ 0.0000 0.1333 0.0667 0.2000
~ 0.0667 0.1333 0.1333 0.2000
I 0.1333 0.1333 0.2000 0.2000
~ 0.2000 0.1333 0.2667 0.2000
S 0.2667 0.1333 0.3333 0.2000
T 0.3333 0.1333 0.4000 0.2000
R 0.4000 0.1333 0.4667 0.2000
I 0.4667 0.1333 0.5333 0.2000
V 0.5333 0.1333 0.6000 0.2000
E 0.6000 0.1333 0.6667 0.2000
D 0.6667 0.1333 0.7333 0.2000
~ 0.7333 0.1333 0.8000 0.2000
~ 0.8000 0.1333 0.8667 0.2000
~ 0.8667 0.1333 0.9333 0.2000
~ 0.9333 0.1333 1.0000 0.2000
~ 0.0000 0.2000 0.0667 0.2667
~ 0.0667 0.2000 0.1333 0.2667
E 0.1333 0.2000 0.2000 0.2667
W 0.2000 0.2000 0.2667 0.2667
W 0.2667 0.2000 0.3333 0.2667
~ 0.3333 0.2000 0.4000 0.2667
~ 0.4000 0.2000 0.4667 0.2667
E 0.4667 0.2000 0.5333 0.2667
~ 0.5333 0.2000 0.6000 0.2667
~ 0.6000 0.2000 0.6667 0.2667
~ 0.6667 0.2000 0.7333 0.2667
P 0.7333 0.2000 0.8000 0.2667
A 0.8000 0.2000 0.8667 0.2667
~ 0.8667 0.2000 0.9333 0.2667
I 0.9333 0.2000 1.0000 0.2667
~ 0.0000 0.2667 0.0667 0.3333
~ 0.0667 0.2667 0.1333 0.3333
~ 0.1333 0.2667 0.2000 0.3333
A 0.2000 0.2667 0.2667 0.3333
L 0.2667 0.2667 0.3333 0.3333
~ 0.3333 0.2667 0.4000 0.3333
~ 0.4000 0.2667 0.4667 0.3333
~ 0.4667 0.2667 0.5333 0.3333
~ 0.5333 0.2667 0.6000 0.3333
~ 0.6000 0.2667 0.6667 0.3333
~ 0.6667 0.2667 0.7333 0.3333
A 0.7333 0.2667 0.8000 0.3333
R 0.8000 0.2667 0.8667 0.3333
~ 0.8667 0.2667 0.9333 0.3333
N 0.9333 0.2667 1.0000 0.3333
~ 0.0000 0.3333 0.0667 0.4000
~ 0.0667 0.3333 0.1333 0.4000
~ 0.1333 0.3333 0.2000 0.4000
D 0.2000 0.3333 0.2667 0.4000
E 0.2667 0.3333 0.3333 0.4000
X 0.3333 0.3333 0.4000 0.4000
~ 0.4000 0.3333 0.4667 0.4000
~ 0.4667 0.3333 0.5333 0.4000
~ 0.5333 0.3333 0.6000 0.4000
V 0.6000 0.3333 0.6667 0.4000
~ 0.6667 0.3333 0.7333 0.4000
~ 0.7333 0.3333 0.8000 0.4000
K 0.8000 0.3333 0.8667 0.4000
~ 0.8667 0.3333 0.9333 0.4000
T 0.9333 0.3333 1.0000 0.4000
A 0.0000 0.4000 0.0667 0.4667
E 0.0667 0.4000 0.1333 0.4667
~ 0.1333 0.4000 0.2000 0.4667
~ 0.2000 0.4000 0.2667 0.4667
C 0.2667 0.4000 0.3333 0.4667
U 0.3333 0.4000 0.4000 0.4667
E 0.4000 0.4000 0.4667 0.4667
~ 0.4667 0.4000 0.5333 0.4667
~ 0.5333 0.4000 0.6000 0.4667
A 0.6000 0.4000 0.6667 0.4667
~ 0.6667 0.4000 0.7333 0.4667
T 0.7333 0.4000 0.8000 0.4667
I 0.8000 0.4000 0.8667 0.4667
~ 0.8667 0.4000 0.9333 0.4667
R 0.9333 0.4000 1.0000 0.4667
G 0.0000 0.4667 0.0667 0.5333
L 0.0667 0.4667 0.1333 0.5333
O 0.1333 0.4667 0.2000 0.5333
A 0.2000 0.4667 0.2667 0.5333
T 0.2667 0.4667 0.3333 0.5333
~ 0.3333 0.4667 0.4000 0.5333
F 0.4000 0.4667 0.4667 0.5333
U 0.4667 0.4667 0.5333 0.5333
J 0.5333 0.4667 0.6000 0.5333
I 0.6000 0.4667 0.6667 0.5333
~ 0.6667 0.4667 0.7333 0.5333
R 0.7333 0.4667 0.8000 0.5333
E 0.8000 0.4667 0.8667 0.5333
D 0.8667 0.4667 0.9333 0.5333
O 0.9333 0.4667 1.0000 0.5333
~ 0.0000 0.5333 0.0667 0.6000
~ 0.0667 0.5333 0.1333 0.6000
~ 0.1333 0.5333 0.2000 0.6000
~ 0.2000 0.5333 0.2667 0.6000
~ 0.2667 0.5333 0.3333 0.6000
~ 0.3333 0.5333 0.4000 0.6000
~ 0.4000 0.5333 0.4667 0.6000
M 0.4667 0.5333 0.5333 0.6000
O 0.5333 0.5333 0.6000 0.6000
R 0.6000 0.5333 0.6667 0.6000
A 0.6667 0.5333 0.7333 0.6000
Y 0.7333 0.5333 0.8000 0.6000
S 0.8000 0.5333 0.8667 0.6000
~ 0.8667 0.5333 0.9333 0.6000
~ 0.9333 0.5333 1.0000 0.6000
~ 0.0000 0.6000 0.0667 0.6667
~ 0.0667 0.6000 0.1333 0.6667
~ 0.1333 0.6000 0.2000 0.6667
~ 0.2000 0.6000 0.2667 0.6667
N 0.2667 0.6000 0.3333 0.6667
~ 0.3333 0.6000 0.4000 0.6667
~ 0.4000 0.6000 0.4667 0.6667
M 0.4667 0.6000 0.5333 0.6667
E 0.5333 0.6000 0.6000 0.6667
~ 0.6000 0.6000 0.6667 0.6667
Z 0.6667 0.6000 0.7333 0.6667
~ 0.7333 0.6000 0.8000 0.6667
~ 0.8000 0.6000 0.8667 0.6667
~ 0.8667 0.6000 0.9333 0.6667
~ 0.9333 0.6000 1.0000 0.6667
~ 0.0000 0.6667 0.0667 0.7333
~ 0.0667 0.6667 0.1333 0.7333
~ 0.1333 0.6667 0.2000 0.7333
~ 0.2000 0.6667 0.2667 0.7333
G 0.2667 0.6667 0.3333 0.7333
~ 0.3333 0.6667 0.4000 0.7333
~ 0.4000 0.6667 0.4667 0.7333
~ 0.4667 0.6667 0.5333 0.7333
~ 0.5333 0.6667 0.6000 0.7333
~ 0.6000 0.6667 0.6667 0.7333
O 0.6667 0.6667 0.7333 0.7333
H 0.7333 0.6667 0.8000 0.7333
~ 0.8000 0.6667 0.8667 0.7333
~ 0.8667 0.6667 0.9333 0.7333
~ 0.9333 0.6667 1.0000 0.7333
~ 0.0000 0.7333 0.0667 0.8000
~ 0.0667 0.7333 0.1333 0.8000
~ 0.1333 0.7333 0.2000 0.8000
~ 0.2000 0.7333 0.2667 0.8000
~ 0.2667 0.7333 0.3333 0.8000
~ 0.3333 0.7333 0.4000 0.8000
~ 0.4000 0.7333 0.4667 0.8000
~ 0.4667 0.7333 0.5333 0.8000
~ 0.5333 0.7333 0.6000 0.8000
~ 0.6000 0.7333 0.6667 0.8000
N 0.6667 0.7333 0.7333 0.8000
E 0.7333 0.7333 0.8000 0.8000
W 0.8000 0.7333 0.8667 0.8000
S 0.8667 0.7333 0.9333 0.8000
~ 0.9333 0.7333 1.0000 0.8000
~ 0.0000 0.8000 0.0667 0.8667
~ 0.0667 0.8000 0.1333 0.8667
~ 0.1333 0.8000 0.2000 0.8667
~ 0.2000 0.8000 0.2667 0.8667
~ 0.2667 0.8000 0.3333 0.8667
~ 0.3333 0.8000 0.4000 0.8667
~ 0.4000 0.8000 0.4667 0.8667
~ 0.4667 0.8000 0.5333 0.8667
Q 0.5333 0.8000 0.6000 0.8667
I 0.6000 0.8000 0.6667 0.8667
S 0.6667 0.8000 0.7333 0.8667
~ 0.7333 0.8000 0.8000 0.8667
H 0.8000 0.8000 0.8667 0.8667
E 0.8667 0.8000 0.9333 0.8667
~ 0.9333 0.8000 1.0000 0.8667
~ 0.0000 0.8667 0.0667 0.9333
~ 0.0667 0.8667 0.1333 0.9333
~ 0.1333 0.8667 0.2000 0.9333
~ 0.2000 0.8667 0.2667 0.9333
~ 0.2667 0.8667 0.3333 0.9333
~ 0.3333 0.8667 0.4000 0.9333
~ 0.4000 0.8667 0.4667 0.9333
G 0.4667 0.8667 0.5333 0.9333
I 0.5333 0.8667 0.6000 0.9333
N 0.6000 0.8667 0.6667 0.9333
~ 0.6667 0.8667 0.7333 0.9333
~ 0.7333 0.8667 0.8000 0.9333
I 0.8000 0.8667 0.8667 0.9333
N 0.8667 0.8667 0.9333 0.9333
~ 0.9333 0.8667 1.0000 0.9333
~ 0.0000 0.9333 0.0667 1.0000
~ 0.0667 0.9333 0.1333 1.0000
~ 0.1333 0.9333 0.2000 1.0000
~ 0.2000 0.9333 0.2667 1.0000
~ 0.2667 0.9333 0.3333 1.0000
~ 0.3333 0.9333 0.4000 1.0000
Y 0.4000 0.9333 0.4667 1.0000
O 0.4667 0.9333 0.5333 1.0000
~ 0.5333 0.9333 0.6000 1.0000
~ 0.6000 0.9333 0.6667 1.0000
~ 0.6667 0.9333 0.7333 1.0000
I 0.7333 0.9333 0.8000 1.0000
D 0.8000 0.9333 0.8667 1.0000
E 0.8667 0.9333 0.9333 1.0000
A 0.9333 0.9333 1.0000 1.0000
