~ 0.0000 0.0000 0.0667 0.0667
~ 0.0667 0.0000 0.1333 0.0667
~ 0.1333 0.0000 0.2000 0.0667
~ 0.2000 0.0000 0.2667 0.0667
~ 0.2667 0.0000 0.3333 0.0667
~ 0.3333 0.0000 0.4000 0.0667
~ 0.4000 0.0000 0.4667 0.0667
V 0.4667 0.0000 0.5333 0.0667
~ 0.5333 0.0000 0.6000 0.0667
~ 0.6000 0.0000 0.6667 0.0667
~ 0.6667 0.0000 0.7333 0.0667
~ 0.7333 0.0000 0.8000 0.0667
~ 0.8000 0.0000 0.8667 0.0667
M 0.8667 0.0000 0.9333 0.0667
I 0.9333 0.0000 1.0000 0.0667
~ 0.0000 0.0667 0.0667 0.1333
~ 0.0667 0.0667 0.1333 0.1333
~ 0.1333 0.0667 0.2000 0.1333
~ 0.2000 0.0667 0.2667 0.1333
~ 0.2667 0.0667 0.3333 0.1333
~ 0.3333 0.0667 0.4000 0.1333
~ 0.4000 0.0667 0.4667 0.1333
E 0.4667 0.0667 0.5333 0.1333
~ 0.5333 0.0667 0.6000 0.1333
~ 0.6000 0.0667 0.6667 0.1333
~ 0.6667 0.0667 0.7333 0.1333
~ 0.7333 0.0667 0.8000 0.1333
Q 0.8000 0.0667 0.8667 0.1333
I 0.8667 0.0667 0.9333 0.1333
S 0.9333 0.0667 1.0000 0.1333
~ 0.0000 0.1333 0.0667 0.2000
~ 0.0667 0.1333 0.1333 0.2000
~ 0.1333 0.1333 0.2000 0.2000
O 0.2000 0.1333 0.2667 0.2000
R 0.2667 0.1333 0.3333 0.2000
~ 0.3333 0.1333 0.4000 0.2000
W 0.4000 0.1333 0.4667 0.2000
I 0.4667 0.1333 0.5333 0.2000
Z 0.5333 0.1333 0.6000 0.2000
~ 0.6000 0.1333 0.6667 0.2000
~ 0.6667 0.1333 0.7333 0.2000
~ 0.7333 0.1333 0.8000 0.2000
I 0.8000 0.1333 0.8667 0.2000
S 0.8667 0.1333 0.9333 0.2000
M 0.9333 0.1333 1.0000 0.2000
~ 0.0000 0.2000 0.0667 0.2667
~ 0.0667 0.2000 0.1333 0.2667
~ 0.1333 0.2000 0.2000 0.2667
F 0.2000 0.2000 0.2667 0.2667
E 0.2667 0.2000 0.3333 0.2667
H 0.3333 0.2000 0.4000 0.2667
~ 0.4000 0.2000 0.4667 0.2667
N 0.4667 0.2000 0.5333 0.2667
A 0.5333 0.2000 0.6000 0.2667
~ 0.6000 0.2000 0.6667 0.2667
~ 0.6667 0.2000 0.7333 0.2667
U 0.7333 0.2000 0.8000 0.2667
S 0.8000 0.2000 0.8667 0.2667
E 0.8667 0.2000 0.9333 0.2667
~ 0.9333 0.2000 1.0000 0.2667
~ 0.0000 0.2667 0.0667 0.3333
~ 0.0667 0.2667 0.1333 0.3333
~ 0.1333 0.2667 0.2000 0.3333
~ 0.2000 0.2667 0.2667 0.3333
P 0.2667 0.2667 0.3333 0.3333
A 0.3333 0.2667 0.4000 0.3333
~ 0.4000 0.2667 0.4667 0.3333
~ 0.4667 0.2667 0.5333 0.3333
G 0.5333 0.2667 0.6000 0.3333
A 0.6000 0.2667 0.6667 0.3333
U 0.6667 0.2667 0.7333 0.3333
N 0.7333 0.2667 0.8000 0.3333
~ 0.8000 0.2667 0.8667 0.3333
~ 0.8667 0.2667 0.9333 0.3333
~ 0.9333 0.2667 1.0000 0.3333
~ 0.0000 0.3333 0.0667 0.4000
~ 0.0667 0.3333 0.1333 0.4000
~ 0.1333 0.3333 0.2000 0.4000
~ 0.2000 0.3333 0.2667 0.4000
~ 0.2667 0.3333 0.3333 0.4000
L 0.3333 0.3333 0.4000 0.4000
~ 0.4000 0.3333 0.4667 0.4000
~ 0.4667 0.3333 0.5333 0.4000
~ 0.5333 0.3333 0.6000 0.4000
D 0.6000 0.3333 0.6667 0.4000
~ 0.6667 0.3333 0.7333 0.4000
B 0.7333 0.3333 0.8000 0.4000
O 0.8000 0.3333 0.8667 0.4000
O 0.8667 0.3333 0.9333 0.4000
N 0.9333 0.3333 1.0000 0.4000
~ 0.0000 0.4000 0.0667 0.4667
~ 0.0667 0.4000 0.1333 0.4667
J 0.1333 0.4000 0.2000 0.4667
O 0.2000 0.4000 0.2667 0.4667
T 0.2667 0.4000 0.3333 0.4667
A 0.3333 0.4000 0.4000 0.4667
~ 0.4000 0.4000 0.4667 0.4667
A 0.4667 0.4000 0.5333 0.4667
N 0.5333 0.4000 0.6000 0.4667
Y 0.6000 0.4000 0.6667 0.4667
B 0.6667 0.4000 0.7333 0.4667
O 0.7333 0.4000 0.8000 0.4667
D 0.8000 0.4000 0.8667 0.4667
~ 0.8667 0.4000 0.9333 0.4667
~ 0.9333 0.4000 1.0000 0.4667
~ 0.0000 0.4667 0.0667 0.5333
~ 0.0667 0.4667 0.1333 0.5333
~ 0.1333 0.4667 0.2000 0.5333
P 0.2000 0.4667 0.2667 0.5333
O 0.2667 0.4667 0.3333 0.5333
K 0.3333 0.4667 0.4000 0.5333
E 0.4000 0.4667 0.4667 0.5333
R 0.4667 0.4667 0.5333 0.5333
~ 0.5333 0.4667 0.6000 0.5333
T 0.6000 0.4667 0.6667 0.5333
A 0.6667 0.4667 0.7333 0.5333
X 0.7333 0.4667 0.8000 0.5333
~ 0.8000 0.4667 0.8667 0.5333
~ 0.8667 0.4667 0.9333 0.5333
~ 0.9333 0.4667 1.0000 0.5333
~ 0.0000 0.5333 0.0667 0.6000
~ 0.0667 0.5333 0.1333 0.6000
~ 0.1333 0.5333 0.2000 0.6000
~ 0.2000 0.5333 0.2667 0.6000
W 0.2667 0.5333 0.3333 0.6000
I 0.3333 0.5333 0.4000 0.6000
F 0.4000 0.5333 0.4667 0.6000
E 0.4667 0.5333 0.5333 0.6000
~ 0.5333 0.5333 0.6000 0.6000
A 0.6000 0.5333 0.6667 0.6000
N 0.6667 0.5333 0.7333 0.6000
~ 0.7333 0.5333 0.8000 0.6000
~ 0.8000 0.5333 0.8667 0.6000
~ 0.8667 0.5333 0.9333 0.6000
~ 0.9333 0.5333 1.0000 0.6000
~ 0.0000 0.6000 0.0667 0.6667
~ 0.0667 0.6000 0.1333 0.6667
~ 0.1333 0.6000 0.2000 0.6667
~ 0.2000 0.6000 0.2667 0.6667
~ 0.2667 0.6000 0.3333 0.6667
C 0.3333 0.6000 0.4000 0.6667
~ 0.4000 0.6000 0.4667 0.6667
~ 0.4667 0.6000 0.5333 0.6667
~ 0.5333 0.6000 0.6000 0.6667
~ 0.6000 0.6000 0.6667 0.6667
C 0.6667 0.6000 0.7333 0.6667
~ 0.7333 0.6000 0.8000 0.6667
~ 0.8000 0.6000 0.8667 0.6667
S 0.8667 0.6000 0.9333 0.6667
~ 0.9333 0.6000 1.0000 0.6667
~ 0.0000 0.6667 0.0667 0.7333
~ 0.0667 0.6667 0.1333 0.7333
~ 0.1333 0.6667 0.2000 0.7333
~ 0.2000 0.6667 0.2667 0.7333
~ 0.2667 0.6667 0.3333 0.7333
~ 0.3333 0.6667 0.4000 0.7333
~ 0.4000 0.6667 0.4667 0.7333
~ 0.4667 0.6667 0.5333 0.7333
~ 0.5333 0.6667 0.6000 0.7333
~ 0.6000 0.6667 0.6667 0.7333
O 0.6667 0.6667 0.7333 0.7333
H 0.7333 0.6667 0.8000 0.7333
~ 0.8000 0.6667 0.8667 0.7333
I 0.8667 0.6667 0.9333 0.7333
~ 0.9333 0.6667 1.0000 0.7333
~ 0.0000 0.7333 0.0667 0.8000
T 0.0667 0.7333 0.1333 0.8000
O 0.1333 0.7333 0.2000 0.8000
N 0.2000 0.7333 0.2667 0.8000
~ 0.2667 0.7333 0.3333 0.8000
~ 0.3333 0.7333 0.4000 0.8000
~ 0.4000 0.7333 0.4667 0.8000
T 0.4667 0.7333 0.5333 0.8000
~ 0.5333 0.7333 0.6000 0.8000
~ 0.6000 0.7333 0.6667 0.8000
~ 0.6667 0.7333 0.7333 0.8000
A 0.7333 0.7333 0.8000 0.8000
~ 0.8000 0.7333 0.8667 0.8000
E 0.8667 0.7333 0.9333 0.8000
~ 0.9333 0.7333 1.0000 0.8000
~ 0.0000 0.8000 0.0667 0.8667
~ 0.0667 0.8000 0.1333 0.8667
R 0.1333 0.8000 0.2000 0.8667
U 0.2000 0.8000 0.2667 0.8667
D 0.2667 0.8000 0.3333 0.8667
E 0.3333 0.8000 0.4000 0.8667
L 0.4000 0.8000 0.4667 0.8667
Y 0.4667 0.8000 0.5333 0.8667
~ 0.5333 0.8000 0.6000 0.8667
~ 0.6000 0.8000 0.6667 0.8667
~ 0.6667 0.8000 0.7333 0.8667
L 0.7333 0.8000 0.8000 0.8667
U 0.8000 0.8000 0.8667 0.8667
G 0.8667 0.8000 0.9333 0.8667
E 0.9333 0.8000 1.0000 0.8667
~ 0.0000 0.8667 0.0667 0.9333
R 0.0667 0.8667 0.1333 0.9333
A 0.1333 0.8667 0.2000 0.9333
T 0.2000 0.8667 0.2667 0.9333
~ 0.2667 0.8667 0.3333 0.9333
~ 0.3333 0.8667 0.4000 0.9333
~ 0.4000 0.8667 0.4667 0.9333
R 0.4667 0.8667 0.5333 0.9333
~ 0.5333 0.8667 0.6000 0.9333
~ 0.6000 0.8667 0.6667 0.9333
~ 0.6667 0.8667 0.7333 0.9333
I 0.7333 0.8667 0.8000 0.9333
~ 0.8000 0.8667 0.8667 0.9333
E 0.8667 0.8667 0.9333 0.9333
R 0.9333 0.8667 1.0000 0.9333
~ 0.0000 0.9333 0.0667 1.0000
~ 0.0667 0.9333 0.1333 1.0000
~ 0.1333 0.9333 0.2000 1.0000
~ 0.2000 0.9333 0.2667 1.0000
~ 0.2667 0.9333 0.3333 1.0000
~ 0.3333 0.9333 0.4000 1.0000
V 0.4000 0.9333 0.4667 1.0000
E 0.4667 0.9333 0.5333 1.0000
I 0.5333 0.9333 0.6000 1.0000
L 0.6000 0.9333 0.6667 1.0000
E 0.6667 0.9333 0.7333 1.0000
D 0.7333 0.9333 0.8000 1.0000
~ 0.8000 0.9333 0.8667 1.0000
~ 0.8667 0.9333 0.9333 1.0000
E 0.9333 0.9333 1.0000 1.0000
