~ 0.0000 0.0000 0.0667 0.0667
~ 0.0667 0.0000 0.1333 0.0667
~ 0.1333 0.0000 0.2000 0.0667
~ 0.2000 0.0000 0.2667 0.0667
B 0.2667 0.0000 0.3333 0.0667
E 0.3333 0.0000 0.4000 0.0667
G 0.4000 0.0000 0.4667 0.0667
A 0.4667 0.0000 0.5333 0.0667
N 0.5333 0.0000 0.6000 0.0667
~ 0.6000 0.0000 0.6667 0.0667
~ 0.6667 0.0000 0.7333 0.0667
P 0.7333 0.0000 0.8000 0.0667
U 0.8000 0.0000 0.8667 0.0667
T 0.8667 0.0000 0.9333 0.0667
S 0.9333 0.0000 1.0000 0.0667
~ 0.0000 0.0667 0.0667 0.1333
V 0.0667 0.0667 0.1333 0.1333
A 0.1333 0.0667 0.2000 0.1333
G 0.2000 0.0667 0.2667 0.1333
A 0.2667 0.0667 0.3333 0.1333
L 0.3333 0.0667 0.4000 0.1333
~ 0.4000 0.0667 0.4667 0.1333
N 0.4667 0.0667 0.5333 0.1333
A 0.5333 0.0667 0.6000 0.1333
R 0.6000 0.0667 0.6667 0.1333
C 0.6667 0.0667 0.7333 0.1333
O 0.7333 0.0667 0.8000 0.1333
~ 0.8000 0.0667 0.8667 0.1333
~ 0.8667 0.0667 0.9333 0.1333
A 0.9333 0.0667 1.0000 0.1333
~ 0.0000 0.1333 0.0667 0.2000
~ 0.0667 0.1333 0.1333 0.2000
~ 0.1333 0.1333 0.2000 0.2000
~ 0.2000 0.1333 0.2667 0.2000
~ 0.2667 0.1333 0.3333 0.2000
~ 0.3333 0.1333 0.4000 0.2000
~ 0.4000 0.1333 0.4667 0.2000
~ 0.4667 0.1333 0.5333 0.2000
~ 0.5333 0.1333 0.6000 0.2000
~ 0.6000 0.1333 0.6667 0.2000
~ 0.6667 0.1333 0.7333 0.2000
D 0.7333 0.1333 0.8000 0.2000
~ 0.8000 0.1333 0.8667 0.2000
~ 0.8667 0.1333 0.9333 0.2000
L 0.9333 0.1333 1.0000 0.2000
~ 0.0000 0.2000 0.0667 0.2667
~ 0.0667 0.2000 0.1333 0.2667
~ 0.1333 0.2000 0.2000 0.2667
Z 0.2000 0.2000 0.2667 0.2667
O 0.2667 0.2000 0.3333 0.2667
E 0.3333 0.2000 0.4000 0.2667
A 0.4000 0.2000 0.4667 0.2667
E 0.4667 0.2000 0.5333 0.2667
~ 0.5333 0.2000 0.6000 0.2667
~ 0.6000 0.2000 0.6667 0.2667
~ 0.6667 0.2000 0.7333 0.2667
I 0.7333 0.2000 0.8000 0.2667
~ 0.8000 0.2000 0.8667 0.2667
~ 0.8667 0.2000 0.9333 0.2667
V 0.9333 0.2000 1.0000 0.2667
~ 0.0000 0.2667 0.0667 0.3333
D 0.0667 0.2667 0.1333 0.3333
E 0.1333 0.2667 0.2000 0.3333
E 0.2000 0.2667 0.2667 0.3333
P 0.2667 0.2667 0.3333 0.3333
~ 0.3333 0.2667 0.4000 0.3333
~ 0.4000 0.2667 0.4667 0.3333
~ 0.4667 0.2667 0.5333 0.3333
~ 0.5333 0.2667 0.6000 0.3333
~ 0.6000 0.2667 0.6667 0.3333
F 0.6667 0.2667 0.7333 0.3333
A 0.7333 0.2667 0.8000 0.3333
X 0.8000 0.2667 0.8667 0.3333
~ 0.8667 0.2667 0.9333 0.3333
O 0.9333 0.2667 1.0000 0.3333
Q 0.0000 0.3333 0.0667 0.4000
~ 0.0667 0.3333 0.1333 0.4000
~ 0.1333 0.3333 0.2000 0.4000
T 0.2000 0.3333 0.2667 0.4000
A 0.2667 0.3333 0.3333 0.4000
K 0.3333 0.3333 0.4000 0.4000
E 0.4000 0.3333 0.4667 0.4000
~ 0.4667 0.3333 0.5333 0.4000
~ 0.5333 0.3333 0.6000 0.4000
J 0.6000 0.3333 0.6667 0.4000
O 0.6667 0.3333 0.7333 0.4000
~ 0.7333 0.3333 0.8000 0.4000
U 0.8000 0.3333 0.8667 0.4000
H 0.8667 0.3333 0.9333 0.4000
~ 0.9333 0.3333 1.0000 0.4000
~ 0.0000 0.4000 0.0667 0.4667
~ 0.0667 0.4000 0.1333 0.4667
T 0.1333 0.4000 0.2000 0.4667
H 0.2000 0.4000 0.2667 0.4667
H 0.2667 0.4000 0.3333 0.4667
I 0.3333 0.4000 0.4000 0.4667
O 0.4000 0.4000 0.4667 0.4667
L 0.4667 0.4000 0.5333 0.4667
~ 0.5333 0.4000 0.6000 0.4667
O 0.6000 0.4000 0.6667 0.4667
N 0.6667 0.4000 0.7333 0.4667
~ 0.7333 0.4000 0.8000 0.4667
~ 0.8000 0.4000 0.8667 0.4667
I 0.8667 0.4000 0.9333 0.4667
~ 0.9333 0.4000 1.0000 0.4667
I 0.0000 0.4667 0.0667 0.5333
~ 0.0667 0.4667 0.1333 0.5333
W 0.1333 0.4667 0.2000 0.5333
E 0.2000 0.4667 0.2667 0.5333
~ 0.2667 0.4667 0.3333 0.5333
~ 0.3333 0.4667 0.4000 0.5333
N 0.4000 0.4667 0.4667 0.5333
E 0.4667 0.4667 0.5333 0.5333
W 0.5333 0.4667 0.6000 0.5333
T 0.6000 0.4667 0.6667 0.5333
~ 0.6667 0.4667 0.7333 0.5333
~ 0.7333 0.4667 0.8000 0.5333
~ 0.8000 0.4667 0.8667 0.5333
D 0.8667 0.4667 0.9333 0.5333
~ 0.9333 0.4667 1.0000 0.5333
N 0.0000 0.5333 0.0667 0.6000
~ 0.0667 0.5333 0.1333 0.6000
E 0.1333 0.5333 0.2000 0.6000
S 0.2000 0.5333 0.2667 0.6000
~ 0.2667 0.5333 0.3333 0.6000
~ 0.3333 0.5333 0.4000 0.6000
~ 0.4000 0.5333 0.4667 0.6000
~ 0.4667 0.5333 0.5333 0.6000
~ 0.5333 0.5333 0.6000 0.6000
~ 0.6000 0.5333 0.6667 0.6000
~ 0.6667 0.5333 0.7333 0.6000
~ 0.7333 0.5333 0.8000 0.6000
~ 0.8000 0.5333 0.8667 0.6000
~ 0.8667 0.5333 0.9333 0.6000
~ 0.9333 0.5333 1.0000 0.6000
O 0.0000 0.6000 0.0667 0.6667
~ 0.0667 0.6000 0.1333 0.6667
L 0.1333 0.6000 0.2000 0.6667
~ 0.2000 0.6000 0.2667 0.6667
~ 0.2667 0.6000 0.3333 0.6667
~ 0.3333 0.6000 0.4000 0.6667
~ 0.4000 0.6000 0.4667 0.6667
G 0.4667 0.6000 0.5333 0.6667
~ 0.5333 0.6000 0.6000 0.6667
F 0.6000 0.6000 0.6667 0.6667
~ 0.6667 0.6000 0.7333 0.6667
~ 0.7333 0.6000 0.8000 0.6667
~ 0.8000 0.6000 0.8667 0.6667
~ 0.8667 0.6000 0.9333 0.6667
~ 0.9333 0.6000 1.0000 0.6667
N 0.0000 0.6667 0.0667 0.7333
~ 0.0667 0.6667 0.1333 0.7333
T 0.1333 0.6667 0.2000 0.7333
~ 0.2000 0.6667 0.2667 0.7333
~ 0.2667 0.6667 0.3333 0.7333
~ 0.3333 0.6667 0.4000 0.7333
~ 0.4000 0.6667 0.4667 0.7333
Y 0.4667 0.6667 0.5333 0.7333
I 0.5333 0.6667 0.6000 0.7333
R 0.6000 0.6667 0.6667 0.7333
R 0.6667 0.6667 0.7333 0.7333
~ 0.7333 0.6667 0.8000 0.7333
~ 0.8000 0.6667 0.8667 0.7333
~ 0.8667 0.6667 0.9333 0.7333
~ 0.9333 0.6667 1.0000 0.7333
E 0.0000 0.7333 0.0667 0.8000
M 0.0667 0.7333 0.1333 0.8000
E 0.1333 0.7333 0.2000 0.8000
U 0.2000 0.7333 0.2667 0.8000
~ 0.2667 0.7333 0.3333 0.8000
~ 0.3333 0.7333 0.4000 0.8000
~ 0.4000 0.7333 0.4667 0.8000
~ 0.4667 0.7333 0.5333 0.8000
~ 0.5333 0.7333 0.6000 0.8000
Y 0.6000 0.7333 0.6667 0.8000
~ 0.6667 0.7333 0.7333 0.8000
~ 0.7333 0.7333 0.8000 0.8000
~ 0.8000 0.7333 0.8667 0.8000
~ 0.8667 0.7333 0.9333 0.8000
~ 0.9333 0.7333 1.0000 0.8000
S 0.0000 0.8000 0.0667 0.8667
A 0.0667 0.8000 0.1333 0.8667
M 0.1333 0.8000 0.2000 0.8667
T 0.2000 0.8000 0.2667 0.8667
O 0.2667 0.8000 0.3333 0.8667
R 0.3333 0.8000 0.4000 0.8667
I 0.4000 0.8000 0.4667 0.8667
I 0.4667 0.8000 0.5333 0.8667
~ 0.5333 0.8000 0.6000 0.8667
~ 0.6000 0.8000 0.6667 0.8667
~ 0.6667 0.8000 0.7333 0.8667
~ 0.7333 0.8000 0.8000 0.8667
~ 0.8000 0.8000 0.8667 0.8667
~ 0.8667 0.8000 0.9333 0.8667
~ 0.9333 0.8000 1.0000 0.8667
~ 0.0000 0.8667 0.0667 0.9333
C 0.0667 0.8667 0.1333 0.9333
~ 0.1333 0.8667 0.2000 0.9333
~ 0.2000 0.8667 0.2667 0.9333
~ 0.2667 0.8667 0.3333 0.9333
~ 0.3333 0.8667 0.4000 0.9333
~ 0.4000 0.8667 0.4667 0.9333
~ 0.4667 0.8667 0.5333 0.9333
~ 0.5333 0.8667 0.6000 0.9333
~ 0.6000 0.8667 0.6667 0.9333
~ 0.6667 0.8667 0.7333 0.9333
~ 0.7333 0.8667 0.8000 0.9333
~ 0.8000 0.8667 0.8667 0.9333
~ 0.8667 0.8667 0.9333 0.9333
~ 0.9333 0.8667 1.0000 0.9333
B 0.0000 0.9333 0.0667 1.0000
E 0.0667 0.9333 0.1333 1.0000
R 0.1333 0.9333 0.2000 1.0000
M 0.2000 0.9333 0.2667 1.0000
~ 0.2667 0.9333 0.3333 1.0000
~ 0.3333 0.9333 0.4000 1.0000
~ 0.4000 0.9333 0.4667 1.0000
~ 0.4667 0.9333 0.5333 1.0000
~ 0.5333 0.9333 0.6000 1.0000
~ 0.6000 0.9333 0.6667 1.0000
~ 0.6667 0.9333 0.7333 1.0000
~ 0.7333 0.9333 0.8000 1.0000
~ 0.8000 0.9333 0.8667 1.0000
~ 0.8667 0.9333 0.9333 1.0000
~ 0.9333 0.9333 1.0000 1.0000
