~ 0.0000 0.0000 0.0667 0.0667
~ 0.0667 0.0000 0.1333 0.0667
~ 0.1333 0.0000 0.2000 0.0667
~ 0.2000 0.0000 0.2667 0.0667
~ 0.2667 0.0000 0.3333 0.0667
R 0.3333 0.0000 0.4000 0.0667
~ 0.4000 0.0000 0.4667 0.0667
A 0.4667 0.0000 0.5333 0.0667
F 0.5333 0.0000 0.6000 0.0667
T 0.6000 0.0000 0.6667 0.0667
~ 0.6667 0.0000 0.7333 0.0667
~ 0.7333 0.0000 0.8000 0.0667
~ 0.8000 0.0000 0.8667 0.0667
~ 0.8667 0.0000 0.9333 0.0667
V 0.9333 0.0000 1.0000 0.0667
~ 0.0000 0.0667 0.0667 0.1333
~ 0.0667 0.0667 0.1333 0.1333
D 0.1333 0.0667 0.2000 0.1333
~ 0.2000 0.0667 0.2667 0.1333
W 0.2667 0.0667 0.3333 0.1333
E 0.3333 0.0667 0.4000 0.1333
R 0.4000 0.0667 0.4667 0.1333
T 0.4667 0.0667 0.5333 0.1333
~ 0.5333 0.0667 0.6000 0.1333
~ 0.6000 0.0667 0.6667 0.1333
~ 0.6667 0.0667 0.7333 0.1333
~ 0.7333 0.0667 0.8000 0.1333
~ 0.8000 0.0667 0.8667 0.1333
M 0.8667 0.0667 0.9333 0.1333
U 0.9333 0.0667 1.0000 0.1333
~ 0.0000 0.1333 0.0667 0.2000
~ 0.0667 0.1333 0.1333 0.2000
E 0.1333 0.1333 0.2000 0.2000
D 0.2000 0.1333 0.2667 0.2000
I 0.2667 0.1333 0.3333 0.2000
T 0.3333 0.1333 0.4000 0.2000
~ 0.4000 0.1333 0.4667 0.2000
~ 0.4667 0.1333 0.5333 0.2000
~ 0.5333 0.1333 0.6000 0.2000
~ 0.6000 0.1333 0.6667 0.2000
~ 0.6667 0.1333 0.7333 0.2000
~ 0.7333 0.1333 0.8000 0.2000
Z 0.8000 0.1333 0.8667 0.2000
A 0.8667 0.1333 0.9333 0.2000
G 0.9333 0.1333 1.0000 0.2000
~ 0.0000 0.2000 0.0667 0.2667
~ 0.0667 0.2000 0.1333 0.2667
L 0.1333 0.2000 0.2000 0.2667
~ 0.2000 0.2000 0.2667 0.2667
T 0.2667 0.2000 0.3333 0.2667
I 0.3333 0.2000 0.4000 0.2667
D 0.4000 0.2000 0.4667 0.2667
Y 0.4667 0.2000 0.5333 0.2667
~ 0.5333 0.2000 0.6000 0.2667
~ 0.6000 0.2000 0.6667 0.2667
Q 0.6667 0.2000 0.7333 0.2667
U 0.7333 0.2000 0.8000 0.2667
A 0.8000 0.2000 0.8667 0.2667
Y 0.8667 0.2000 0.9333 0.2667
~ 0.9333 0.2000 1.0000 0.2667
~ 0.0000 0.2667 0.0667 0.3333
~ 0.0667 0.2667 0.1333 0.3333
V 0.1333 0.2667 0.2000 0.3333
~ 0.2000 0.2667 0.2667 0.3333
E 0.2667 0.2667 0.3333 0.3333
N 0.3333 0.2667 0.4000 0.3333
~ 0.4000 0.2667 0.4667 0.3333
~ 0.4667 0.2667 0.5333 0.3333
~ 0.5333 0.2667 0.6000 0.3333
B 0.6000 0.2667 0.6667 0.3333
I 0.6667 0.2667 0.7333 0.3333
~ 0.7333 0.2667 0.8000 0.3333
G 0.8000 0.2667 0.8667 0.3333
O 0.8667 0.2667 0.9333 0.3333
A 0.9333 0.2667 1.0000 0.3333
~ 0.0000 0.3333 0.0667 0.4000
M 0.0667 0.3333 0.1333 0.4000
E 0.1333 0.3333 0.2000 0.4000
L 0.2000 0.3333 0.2667 0.4000
~ 0.2667 0.3333 0.3333 0.4000
~ 0.3333 0.3333 0.4000 0.4000
~ 0.4000 0.3333 0.4667 0.4000
~ 0.4667 0.3333 0.5333 0.4000
~ 0.5333 0.3333 0.6000 0.4000
O 0.6000 0.3333 0.6667 0.4000
~ 0.6667 0.3333 0.7333 0.4000
U 0.7333 0.3333 0.8000 0.4000
S 0.8000 0.3333 0.8667 0.4000
~ 0.8667 0.3333 0.9333 0.4000
R 0.9333 0.3333 1.0000 0.4000
L 0.0000 0.4000 0.0667 0.4667
A 0.0667 0.4000 0.1333 0.4667
~ 0.1333 0.4000 0.2000 0.4667
~ 0.2000 0.4000 0.2667 0.4667
B 0.2667 0.4000 0.3333 0.4667
E 0.3333 0.4000 0.4000 0.4667
E 0.4000 0.4000 0.4667 0.4667
N 0.4667 0.4000 0.5333 0.4667
~ 0.5333 0.4000 0.6000 0.4667
O 0.6000 0.4000 0.6667 0.4667
~ 0.6667 0.4000 0.7333 0.4667
~ 0.7333 0.4000 0.8000 0.4667
~ 0.8000 0.4000 0.8667 0.4667
~ 0.8667 0.4000 0.9333 0.4667
G 0.9333 0.4000 1.0000 0.4667
A 0.0000 0.4667 0.0667 0.5333
R 0.0667 0.4667 0.1333 0.5333
~ 0.1333 0.4667 0.2000 0.5333
J 0.2000 0.4667 0.2667 0.5333
O 0.2667 0.4667 0.3333 0.5333
~ 0.3333 0.4667 0.4000 0.5333
R 0.4000 0.4667 0.4667 0.5333
A 0.4667 0.4667 0.5333 0.5333
N 0.5333 0.4667 0.6000 0.5333
K 0.6000 0.4667 0.6667 0.5333
~ 0.6667 0.4667 0.7333 0.5333
~ 0.7333 0.4667 0.8000 0.5333
~ 0.8000 0.4667 0.8667 0.5333
~ 0.8667 0.4667 0.9333 0.5333
U 0.9333 0.4667 1.0000 0.5333
~ 0.0000 0.5333 0.0667 0.6000
~ 0.0667 0.5333 0.1333 0.6000
P 0.1333 0.5333 0.2000 0.6000
E 0.2000 0.5333 0.2667 0.6000
W 0.2667 0.5333 0.3333 0.6000
~ 0.3333 0.5333 0.4000 0.6000
~ 0.4000 0.5333 0.4667 0.6000
I 0.4667 0.5333 0.5333 0.6000
~ 0.5333 0.5333 0.6000 0.6000
I 0.6000 0.5333 0.6667 0.6000
~ 0.6667 0.5333 0.7333 0.6000
~ 0.7333 0.5333 0.8000 0.6000
~ 0.8000 0.5333 0.8667 0.6000
N 0.8667 0.5333 0.9333 0.6000
E 0.9333 0.5333 1.0000 0.6000
~ 0.0000 0.6000 0.0667 0.6667
A 0.0667 0.6000 0.1333 0.6667
~ 0.1333 0.6000 0.2000 0.6667
A 0.2000 0.6000 0.2667 0.6667
~ 0.2667 0.6000 0.3333 0.6667
~ 0.3333 0.6000 0.4000 0.6667
~ 0.4000 0.6000 0.4667 0.6667
L 0.4667 0.6000 0.5333 0.6667
~ 0.5333 0.6000 0.6000 0.6667
E 0.6000 0.6000 0.6667 0.6667
F 0.6667 0.6000 0.7333 0.6667
~ 0.7333 0.6000 0.8000 0.6667
~ 0.8000 0.6000 0.8667 0.6667
E 0.8667 0.6000 0.9333 0.6667
D 0.9333 0.6000 1.0000 0.6667
~ 0.0000 0.6667 0.0667 0.7333
T 0.0667 0.6667 0.1333 0.7333
I 0.1333 0.6667 0.2000 0.7333
N 0.2000 0.6667 0.2667 0.7333
T 0.2667 0.6667 0.3333 0.7333
E 0.3333 0.6667 0.4000 0.7333
R 0.4000 0.6667 0.4667 0.7333
S 0.4667 0.6667 0.5333 0.7333
~ 0.5333 0.6667 0.6000 0.7333
~ 0.6000 0.6667 0.6667 0.7333
O 0.6667 0.6667 0.7333 0.7333
H 0.7333 0.6667 0.8000 0.7333
~ 0.8000 0.6667 0.8667 0.7333
~ 0.8667 0.6667 0.9333 0.7333
~ 0.9333 0.6667 1.0000 0.7333
~ 0.0000 0.7333 0.0667 0.8000
O 0.0667 0.7333 0.1333 0.8000
~ 0.1333 0.7333 0.2000 0.8000
S 0.2000 0.7333 0.2667 0.8000
~ 0.2667 0.7333 0.3333 0.8000
~ 0.3333 0.7333 0.4000 0.8000
~ 0.4000 0.7333 0.4667 0.8000
~ 0.4667 0.7333 0.5333 0.8000
~ 0.5333 0.7333 0.6000 0.8000
~ 0.6000 0.7333 0.6667 0.8000
X 0.6667 0.7333 0.7333 0.8000
I 0.7333 0.7333 0.8000 0.8000
~ 0.8000 0.7333 0.8667 0.8000
~ 0.8667 0.7333 0.9333 0.8000
~ 0.9333 0.7333 1.0000 0.8000
~ 0.0000 0.8000 0.0667 0.8667
N 0.0667 0.8000 0.1333 0.8667
~ 0.1333 0.8000 0.2000 0.8667
~ 0.2000 0.8000 0.2667 0.8667
~ 0.2667 0.8000 0.3333 0.8667
~ 0.3333 0.8000 0.4000 0.8667
~ 0.4000 0.8000 0.4667 0.8667
~ 0.4667 0.8000 0.5333 0.8667
~ 0.5333 0.8000 0.6000 0.8667
~ 0.6000 0.8000 0.6667 0.8667
~ 0.6667 0.8000 0.7333 0.8667
P 0.7333 0.8000 0.8000 0.8667
I 0.8000 0.8000 0.8667 0.8667
~ 0.8667 0.8000 0.9333 0.8667
~ 0.9333 0.8000 1.0000 0.8667
O 0.0000 0.8667 0.0667 0.9333
E 0.0667 0.8667 0.1333 0.9333
~ 0.1333 0.8667 0.2000 0.9333
~ 0.2000 0.8667 0.2667 0.9333
~ 0.2667 0.8667 0.3333 0.9333
~ 0.3333 0.8667 0.4000 0.9333
~ 0.4000 0.8667 0.4667 0.9333
~ 0.4667 0.8667 0.5333 0.9333
~ 0.5333 0.8667 0.6000 0.9333
~ 0.6000 0.8667 0.6667 0.9333
~ 0.6667 0.8667 0.7333 0.9333
~ 0.7333 0.8667 0.8000 0.9333
C 0.8000 0.8667 0.8667 0.9333
~ 0.8667 0.8667 0.9333 0.9333
~ 0.9333 0.8667 1.0000 0.9333
S 0.0000 0.9333 0.0667 1.0000
~ 0.0667 0.9333 0.1333 1.0000
~ 0.1333 0.9333 0.2000 1.0000
~ 0.2000 0.9333 0.2667 1.0000
~ 0.2667 0.9333 0.3333 1.0000
~ 0.3333 0.9333 0.4000 1.0000
~ 0.4000 0.9333 0.4667 1.0000
~ 0.4667 0.9333 0.5333 1.0000
~ 0.5333 0.9333 0.6000 1.0000
~ 0.6000 0.9333 0.6667 1.0000
~ 0.6667 0.9333 0.7333 1.0000
C 0.7333 0.9333 0.8000 1.0000
H 0.8000 0.9333 0.8667 1.0000
I 0.8667 0.9333 0.9333 1.0000
~ 0.9333 0.9333 1.0000 1.0000
