~ 0.0000 0.0000 0.0667 0.0667
I 0.0667 0.0000 0.1333 0.0667
~ 0.1333 0.0000 0.2000 0.0667
~ 0.2000 0.0000 0.2667 0.0667
~ 0.2667 0.0000 0.3333 0.0667
~ 0.3333 0.0000 0.4000 0.0667
~ 0.4000 0.0000 0.4667 0.0667
C 0.4667 0.0000 0.5333 0.0667
A 0.5333 0.0000 0.6000 0.0667
R 0.6000 0.0000 0.6667 0.0667
D 0.6667 0.0000 0.7333 0.0667
~ 0.7333 0.0000 0.8000 0.0667
~ 0.8000 0.0000 0.8667 0.0667
~ 0.8667 0.0000 0.9333 0.0667
~ 0.9333 0.0000 1.0000 0.0667
~ 0.0000 0.0667 0.0667 0.1333
T 0.0667 0.0667 0.1333 0.1333
~ 0.1333 0.0667 0.2000 0.1333
~ 0.2000 0.0667 0.2667 0.1333
~ 0.2667 0.0667 0.3333 0.1333
C 0.3333 0.0667 0.4000 0.1333
~ 0.4000 0.0667 0.4667 0.1333
~ 0.4667 0.0667 0.5333 0.1333
~ 0.5333 0.0667 0.6000 0.1333
I 0.6000 0.0667 0.6667 0.1333
~ 0.6667 0.0667 0.7333 0.1333
~ 0.7333 0.0667 0.8000 0.1333
~ 0.8000 0.0667 0.8667 0.1333
O 0.8667 0.0667 0.9333 0.1333
~ 0.9333 0.0667 1.0000 0.1333
~ 0.0000 0.1333 0.0667 0.2000
Y 0.0667 0.1333 0.1333 0.2000
~ 0.1333 0.1333 0.2000 0.2000
~ 0.2000 0.1333 0.2667 0.2000
~ 0.2667 0.1333 0.3333 0.2000
L 0.3333 0.1333 0.4000 0.2000
~ 0.4000 0.1333 0.4667 0.2000
~ 0.4667 0.1333 0.5333 0.2000
W 0.5333 0.1333 0.6000 0.2000
O 0.6000 0.1333 0.6667 0.2000
T 0.6667 0.1333 0.7333 0.2000
~ 0.7333 0.1333 0.8000 0.2000
~ 0.8000 0.1333 0.8667 0.2000
~ 0.8667 0.1333 0.9333 0.2000
~ 0.9333 0.1333 1.0000 0.2000
~ 0.0000 0.2000 0.0667 0.2667
~ 0.0667 0.2000 0.1333 0.2667
~ 0.1333 0.2000 0.2000 0.2667
~ 0.2000 0.2000 0.2667 0.2667
~ 0.2667 0.2000 0.3333 0.2667
A 0.3333 0.2000 0.4000 0.2667
~ 0.4000 0.2000 0.4667 0.2667
P 0.4667 0.2000 0.5333 0.2667
E 0.5333 0.2000 0.6000 0.2667
T 0.6000 0.2000 0.6667 0.2667
E 0.6667 0.2000 0.7333 0.2667
R 0.7333 0.2000 0.8000 0.2667
~ 0.8000 0.2000 0.8667 0.2667
A 0.8667 0.2000 0.9333 0.2667
~ 0.9333 0.2000 1.0000 0.2667
~ 0.0000 0.2667 0.0667 0.3333
~ 0.0667 0.2667 0.1333 0.3333
~ 0.1333 0.2667 0.2000 0.3333
~ 0.2000 0.2667 0.2667 0.3333
U 0.2667 0.2667 0.3333 0.3333
N 0.3333 0.2667 0.4000 0.3333
~ 0.4000 0.2667 0.4667 0.3333
~ 0.4667 0.2667 0.5333 0.3333
B 0.5333 0.2667 0.6000 0.3333
E 0.6000 0.2667 0.6667 0.3333
D 0.6667 0.2667 0.7333 0.3333
~ 0.7333 0.2667 0.8000 0.3333
~ 0.8000 0.2667 0.8667 0.3333
N 0.8667 0.2667 0.9333 0.3333
~ 0.9333 0.2667 1.0000 0.3333
~ 0.0000 0.3333 0.0667 0.4000
~ 0.0667 0.3333 0.1333 0.4000
G 0.1333 0.3333 0.2000 0.4000
I 0.2000 0.3333 0.2667 0.4000
N 0.2667 0.3333 0.3333 0.4000
K 0.3333 0.3333 0.4000 0.4000
~ 0.4000 0.3333 0.4667 0.4000
~ 0.4667 0.3333 0.5333 0.4000
~ 0.5333 0.3333 0.6000 0.4000
R 0.6000 0.3333 0.6667 0.4000
~ 0.6667 0.3333 0.7333 0.4000
~ 0.7333 0.3333 0.8000 0.4000
~ 0.8000 0.3333 0.8667 0.4000
G 0.8667 0.3333 0.9333 0.4000
~ 0.9333 0.3333 1.0000 0.4000
~ 0.0000 0.4000 0.0667 0.4667
~ 0.0667 0.4000 0.1333 0.4667
~ 0.1333 0.4000 0.2000 0.4667
V 0.2000 0.4000 0.2667 0.4667
~ 0.2667 0.4000 0.3333 0.4667
~ 0.3333 0.4000 0.4000 0.4667
~ 0.4000 0.4000 0.4667 0.4667
L 0.4667 0.4000 0.5333 0.4667
A 0.5333 0.4000 0.6000 0.4667
S 0.6000 0.4000 0.6667 0.4667
~ 0.6667 0.4000 0.7333 0.4667
~ 0.7333 0.4000 0.8000 0.4667
N 0.8000 0.4000 0.8667 0.4667
E 0.8667 0.4000 0.9333 0.4667
~ 0.9333 0.4000 1.0000 0.4667
Q 0.0000 0.4667 0.0667 0.5333
U 0.0667 0.4667 0.1333 0.5333
A 0.1333 0.4667 0.2000 0.5333
I 0.2000 0.4667 0.2667 0.5333
~ 0.2667 0.4667 0.3333 0.5333
~ 0.3333 0.4667 0.4000 0.5333
V 0.4000 0.4667 0.4667 0.5333
O 0.4667 0.4667 0.5333 0.5333
X 0.5333 0.4667 0.6000 0.5333
~ 0.6000 0.4667 0.6667 0.5333
~ 0.6667 0.4667 0.7333 0.5333
~ 0.7333 0.4667 0.8000 0.5333
I 0.8000 0.4667 0.8667 0.5333
~ 0.8667 0.4667 0.9333 0.5333
~ 0.9333 0.4667 1.0000 0.5333
U 0.0000 0.5333 0.0667 0.6000
~ 0.0667 0.5333 0.1333 0.6000
~ 0.1333 0.5333 0.2000 0.6000
E 0.2000 0.5333 0.2667 0.6000
~ 0.2667 0.5333 0.3333 0.6000
~ 0.3333 0.5333 0.4000 0.6000
~ 0.4000 0.5333 0.4667 0.6000
B 0.4667 0.5333 0.5333 0.6000
E 0.5333 0.5333 0.6000 0.6000
G 0.6000 0.5333 0.6667 0.6000
~ 0.6667 0.5333 0.7333 0.6000
~ 0.7333 0.5333 0.8000 0.6000
M 0.8000 0.5333 0.8667 0.6000
A 0.8667 0.5333 0.9333 0.6000
W 0.9333 0.5333 1.0000 0.6000
A 0.0000 0.6000 0.0667 0.6667
~ 0.0667 0.6000 0.1333 0.6667
~ 0.1333 0.6000 0.2000 0.6667
D 0.2000 0.6000 0.2667 0.6667
U 0.2667 0.6000 0.3333 0.6667
E 0.3333 0.6000 0.4000 0.6667
L 0.4000 0.6000 0.4667 0.6667
~ 0.4667 0.6000 0.5333 0.6667
L 0.5333 0.6000 0.6000 0.6667
O 0.6000 0.6000 0.6667 0.6667
O 0.6667 0.6000 0.7333 0.6667
F 0.7333 0.6000 0.8000 0.6667
~ 0.8000 0.6000 0.8667 0.6667
H 0.8667 0.6000 0.9333 0.6667
I 0.9333 0.6000 1.0000 0.6667
I 0.0000 0.6667 0.0667 0.7333
~ 0.0667 0.6667 0.1333 0.7333
~ 0.1333 0.6667 0.2000 0.7333
~ 0.2000 0.6667 0.2667 0.7333
P 0.2667 0.6667 0.3333 0.7333
R 0.3333 0.6667 0.4000 0.7333
O 0.4000 0.6667 0.4667 0.7333
M 0.4667 0.6667 0.5333 0.7333
S 0.5333 0.6667 0.6000 0.7333
~ 0.6000 0.6667 0.6667 0.7333
F 0.6667 0.6667 0.7333 0.7333
E 0.7333 0.6667 0.8000 0.7333
Z 0.8000 0.6667 0.8667 0.7333
~ 0.8667 0.6667 0.9333 0.7333
R 0.9333 0.6667 1.0000 0.7333
S 0.0000 0.7333 0.0667 0.8000
H 0.0667 0.7333 0.1333 0.8000
O 0.1333 0.7333 0.2000 0.8000
T 0.2000 0.7333 0.2667 0.8000
~ 0.2667 0.7333 0.3333 0.8000
~ 0.3333 0.7333 0.4000 0.8000
~ 0.4000 0.7333 0.4667 0.8000
A 0.4667 0.7333 0.5333 0.8000
~ 0.5333 0.7333 0.6000 0.8000
~ 0.6000 0.7333 0.6667 0.8000
~ 0.6667 0.7333 0.7333 0.8000
T 0.7333 0.7333 0.8000 0.8000
I 0.8000 0.7333 0.8667 0.8000
~ 0.8667 0.7333 0.9333 0.8000
I 0.9333 0.7333 1.0000 0.8000
~ 0.0000 0.8000 0.0667 0.8667
~ 0.0667 0.8000 0.1333 0.8667
Y 0.1333 0.8000 0.2000 0.8667
A 0.2000 0.8000 0.2667 0.8667
R 0.2667 0.8000 0.3333 0.8667
N 0.3333 0.8000 0.4000 0.8667
~ 0.4000 0.8000 0.4667 0.8667
T 0.4667 0.8000 0.5333 0.8667
~ 0.5333 0.8000 0.6000 0.8667
~ 0.6000 0.8000 0.6667 0.8667
~ 0.6667 0.8000 0.7333 0.8667
~ 0.7333 0.8000 0.8000 0.8667
N 0.8000 0.8000 0.8667 0.8667
~ 0.8667 0.8000 0.9333 0.8667
E 0.9333 0.8000 1.0000 0.8667
~ 0.0000 0.8667 0.0667 0.9333
~ 0.0667 0.8667 0.1333 0.9333
~ 0.1333 0.8667 0.2000 0.9333
~ 0.2000 0.8667 0.2667 0.9333
~ 0.2667 0.8667 0.3333 0.9333
~ 0.3333 0.8667 0.4000 0.9333
~ 0.4000 0.8667 0.4667 0.9333
E 0.4667 0.8667 0.5333 0.9333
~ 0.5333 0.8667 0.6000 0.9333
~ 0.6000 0.8667 0.6667 0.9333
~ 0.6667 0.8667 0.7333 0.9333
J 0.7333 0.8667 0.8000 0.9333
E 0.8000 0.8667 0.8667 0.9333
E 0.8667 0.8667 0.9333 0.9333
S 0.9333 0.8667 1.0000 0.9333
~ 0.0000 0.9333 0.0667 1.0000
~ 0.0667 0.9333 0.1333 1.0000
~ 0.1333 0.9333 0.2000 1.0000
~ 0.2000 0.9333 0.2667 1.0000
~ 0.2667 0.9333 0.3333 1.0000
~ 0.3333 0.9333 0.4000 1.0000
~ 0.4000 0.9333 0.4667 1.0000
D 0.4667 0.9333 0.5333 1.0000
~ 0.5333 0.9333 0.6000 1.0000
~ 0.6000 0.9333 0.6667 1.0000
~ 0.6667 0.9333 0.7333 1.0000
O 0.7333 0.9333 0.8000 1.0000
~ 0.8000 0.9333 0.8667 1.0000
~ 0.8667 0.9333 0.9333 1.0000
~ 0.9333 0.9333 1.0000 1.0000
