~ 0.0000 0.0000 0.0667 0.0667
A 0.0667 0.0000 0.1333 0.0667
~ 0.1333 0.0000 0.2000 0.0667
~ 0.2000 0.0000 0.2667 0.0667
~ 0.2667 0.0000 0.3333 0.0667
~ 0.3333 0.0000 0.4000 0.0667
G 0.4000 0.0000 0.4667 0.0667
A 0.4667 0.0000 0.5333 0.0667
P 0.5333 0.0000 0.6000 0.0667
E 0.6000 0.0000 0.6667 0.0667
D 0.6667 0.0000 0.7333 0.0667
~ 0.7333 0.0000 0.8000 0.0667
~ 0.8000 0.0000 0.8667 0.0667
~ 0.8667 0.0000 0.9333 0.0667
~ 0.9333 0.0000 1.0000 0.0667
~ 0.0000 0.0667 0.0667 0.1333
I 0.0667 0.0667 0.1333 0.1333
~ 0.1333 0.0667 0.2000 0.1333
~ 0.2000 0.0667 0.2667 0.1333
~ 0.2667 0.0667 0.3333 0.1333
C 0.3333 0.0667 0.4000 0.1333
O 0.4000 0.0667 0.4667 0.1333
W 0.4667 0.0667 0.5333 0.1333
~ 0.5333 0.0667 0.6000 0.1333
~ 0.6000 0.0667 0.6667 0.1333
O 0.6667 0.0667 0.7333 0.1333
M 0.7333 0.0667 0.8000 0.1333
~ 0.8000 0.0667 0.8667 0.1333
~ 0.8667 0.0667 0.9333 0.1333
~ 0.9333 0.0667 1.0000 0.1333
E 0.0000 0.1333 0.0667 0.2000
R 0.0667 0.1333 0.1333 0.2000
~ 0.1333 0.1333 0.2000 0.2000
~ 0.2000 0.1333 0.2667 0.2000
~ 0.2667 0.1333 0.3333 0.2000
~ 0.3333 0.1333 0.4000 0.2000
~ 0.4000 0.1333 0.4667 0.2000
~ 0.4667 0.1333 0.5333 0.2000
~ 0.5333 0.1333 0.6000 0.2000
~ 0.6000 0.1333 0.6667 0.2000
~ 0.6667 0.1333 0.7333 0.2000
A 0.7333 0.1333 0.8000 0.2000
L 0.8000 0.1333 0.8667 0.2000
~ 0.8667 0.1333 0.9333 0.2000
~ 0.9333 0.1333 1.0000 0.2000
V 0.0000 0.2000 0.0667 0.2667
~ 0.0667 0.2000 0.1333 0.2667
~ 0.1333 0.2000 0.2000 0.2667
~ 0.2000 0.2000 0.2667 0.2667
~ 0.2667 0.2000 0.3333 0.2667
L 0.3333 0.2000 0.4000 0.2667
~ 0.4000 0.2000 0.4667 0.2667
~ 0.4667 0.2000 0.5333 0.2667
~ 0.5333 0.2000 0.6000 0.2667
~ 0.6000 0.2000 0.6667 0.2667
~ 0.6667 0.2000 0.7333 0.2667
X 0.7333 0.2000 0.8000 0.2667
U 0.8000 0.2000 0.8667 0.2667
~ 0.8667 0.2000 0.9333 0.2667
~ 0.9333 0.2000 1.0000 0.2667
O 0.0000 0.2667 0.0667 0.3333
W 0.0667 0.2667 0.1333 0.3333
~ 0.1333 0.2667 0.2000 0.3333
~ 0.2000 0.2667 0.2667 0.3333
K 0.2667 0.2667 0.3333 0.3333
A 0.3333 0.2667 0.4000 0.3333
~ 0.4000 0.2667 0.4667 0.3333
~ 0.4667 0.2667 0.5333 0.3333
~ 0.5333 0.2667 0.6000 0.3333
~ 0.6000 0.2667 0.6667 0.3333
V 0.6667 0.2667 0.7333 0.3333
~ 0.7333 0.2667 0.8000 0.3333
G 0.8000 0.2667 0.8667 0.3333
~ 0.8667 0.2667 0.9333 0.3333
~ 0.9333 0.2667 1.0000 0.3333
~ 0.0000 0.3333 0.0667 0.4000
O 0.0667 0.3333 0.1333 0.4000
R 0.1333 0.3333 0.2000 0.4000
~ 0.2000 0.3333 0.2667 0.4000
I 0.2667 0.3333 0.3333 0.4000
T 0.3333 0.3333 0.4000 0.4000
~ 0.4000 0.3333 0.4667 0.4000
~ 0.4667 0.3333 0.5333 0.4000
~ 0.5333 0.3333 0.6000 0.4000
B 0.6000 0.3333 0.6667 0.4000
O 0.6667 0.3333 0.7333 0.4000
Y 0.7333 0.3333 0.8000 0.4000
S 0.8000 0.3333 0.8667 0.4000
~ 0.8667 0.3333 0.9333 0.4000
N 0.9333 0.3333 1.0000 0.4000
U 0.0000 0.4000 0.0667 0.4667
~ 0.0667 0.4000 0.1333 0.4667
E 0.1333 0.4000 0.2000 0.4667
~ 0.2000 0.4000 0.2667 0.4667
P 0.2667 0.4000 0.3333 0.4667
E 0.3333 0.4000 0.4000 0.4667
~ 0.4000 0.4000 0.4667 0.4667
~ 0.4667 0.4000 0.5333 0.4667
~ 0.5333 0.4000 0.6000 0.4667
I 0.6000 0.4000 0.6667 0.4667
D 0.6667 0.4000 0.7333 0.4667
~ 0.7333 0.4000 0.8000 0.4667
~ 0.8000 0.4000 0.8667 0.4667
~ 0.8667 0.4000 0.9333 0.4667
I 0.9333 0.4000 1.0000 0.4667
H 0.0000 0.4667 0.0667 0.5333
A 0.0667 0.4667 0.1333 0.5333
T 0.1333 0.4667 0.2000 0.5333
E 0.2000 0.4667 0.2667 0.5333
S 0.2667 0.4667 0.3333 0.5333
~ 0.3333 0.4667 0.4000 0.5333
F 0.4000 0.4667 0.4667 0.5333
O 0.4667 0.4667 0.5333 0.5333
N 0.5333 0.4667 0.6000 0.5333
D 0.6000 0.4667 0.6667 0.5333
~ 0.6667 0.4667 0.7333 0.5333
~ 0.7333 0.4667 0.8000 0.5333
A 0.8000 0.4667 0.8667 0.5333
R 0.8667 0.4667 0.9333 0.5333
T 0.9333 0.4667 1.0000 0.5333
~ 0.0000 0.5333 0.0667 0.6000
~ 0.0667 0.5333 0.1333 0.6000
E 0.1333 0.5333 0.2000 0.6000
~ 0.2000 0.5333 0.2667 0.6000
~ 0.2667 0.5333 0.3333 0.6000
F 0.3333 0.5333 0.4000 0.6000
A 0.4000 0.5333 0.4667 0.6000
R 0.4667 0.5333 0.5333 0.6000
~ 0.5333 0.5333 0.6000 0.6000
~ 0.6000 0.5333 0.6667 0.6000
B 0.6667 0.5333 0.7333 0.6000
E 0.7333 0.5333 0.8000 0.6000
N 0.8000 0.5333 0.8667 0.6000
~ 0.8667 0.5333 0.9333 0.6000
I 0.9333 0.5333 1.0000 0.6000
~ 0.0000 0.6000 0.0667 0.6667
I 0.0667 0.6000 0.1333 0.6667
N 0.1333 0.6000 0.2000 0.6667
~ 0.2000 0.6000 0.2667 0.6667
~ 0.2667 0.6000 0.3333 0.6667
R 0.3333 0.6000 0.4000 0.6667
~ 0.4000 0.6000 0.4667 0.6667
~ 0.4667 0.6000 0.5333 0.6667
~ 0.5333 0.6000 0.6000 0.6667
O 0.6000 0.6000 0.6667 0.6667
I 0.6667 0.6000 0.7333 0.6667
L 0.7333 0.6000 0.8000 0.6667
~ 0.8000 0.6000 0.8667 0.6667
~ 0.8667 0.6000 0.9333 0.6667
~ 0.9333 0.6000 1.0000 0.6667
~ 0.0000 0.6667 0.0667 0.7333
~ 0.0667 0.6667 0.1333 0.7333
T 0.1333 0.6667 0.2000 0.7333
~ 0.2000 0.6667 0.2667 0.7333
Q 0.2667 0.6667 0.3333 0.7333
I 0.3333 0.6667 0.4000 0.7333
~ 0.4000 0.6667 0.4667 0.7333
J 0.4667 0.6667 0.5333 0.7333
A 0.5333 0.6667 0.6000 0.7333
Y 0.6000 0.6667 0.6667 0.7333
~ 0.6667 0.6667 0.7333 0.7333
M 0.7333 0.6667 0.8000 0.7333
U 0.8000 0.6667 0.8667 0.7333
D 0.8667 0.6667 0.9333 0.7333
~ 0.9333 0.6667 1.0000 0.7333
~ 0.0000 0.7333 0.0667 0.8000
~ 0.0667 0.7333 0.1333 0.8000
~ 0.1333 0.7333 0.2000 0.8000
H 0.2000 0.7333 0.2667 0.8000
I 0.2667 0.7333 0.3333 0.8000
T 0.3333 0.7333 0.4000 0.8000
~ 0.4000 0.7333 0.4667 0.8000
E 0.4667 0.7333 0.5333 0.8000
L 0.5333 0.7333 0.6000 0.8000
~ 0.6000 0.7333 0.6667 0.8000
~ 0.6667 0.7333 0.7333 0.8000
~ 0.7333 0.7333 0.8000 0.8000
T 0.8000 0.7333 0.8667 0.8000
E 0.8667 0.7333 0.9333 0.8000
N 0.9333 0.7333 1.0000 0.8000
~ 0.0000 0.8000 0.0667 0.8667
~ 0.0667 0.8000 0.1333 0.8667
~ 0.1333 0.8000 0.2000 0.8667
~ 0.2000 0.8000 0.2667 0.8667
~ 0.2667 0.8000 0.3333 0.8667
Z 0.3333 0.8000 0.4000 0.8667
E 0.4000 0.8000 0.4667 0.8667
E 0.4667 0.8000 0.5333 0.8667
~ 0.5333 0.8000 0.6000 0.8667
~ 0.6000 0.8000 0.6667 0.8667
~ 0.6667 0.8000 0.7333 0.8667
~ 0.7333 0.8000 0.8000 0.8667
~ 0.8000 0.8000 0.8667 0.8667
~ 0.8667 0.8000 0.9333 0.8667
A 0.9333 0.8000 1.0000 0.8667
~ 0.0000 0.8667 0.0667 0.9333
~ 0.0667 0.8667 0.1333 0.9333
~ 0.1333 0.8667 0.2000 0.9333
~ 0.2000 0.8667 0.2667 0.9333
~ 0.2667 0.8667 0.3333 0.9333
~ 0.3333 0.8667 0.4000 0.9333
~ 0.4000 0.8667 0.4667 0.9333
R 0.4667 0.8667 0.5333 0.9333
~ 0.5333 0.8667 0.6000 0.9333
~ 0.6000 0.8667 0.6667 0.9333
~ 0.6667 0.8667 0.7333 0.9333
~ 0.7333 0.8667 0.8000 0.9333
~ 0.8000 0.8667 0.8667 0.9333
~ 0.8667 0.8667 0.9333 0.9333
G 0.9333 0.8667 1.0000 0.9333
~ 0.0000 0.9333 0.0667 1.0000
~ 0.0667 0.9333 0.1333 1.0000
~ 0.1333 0.9333 0.2000 1.0000
C 0.2000 0.9333 0.2667 1.0000
O 0.2667 0.9333 0.3333 1.0000
N 0.3333 0.9333 0.4000 1.0000
E 0.4000 0.9333 0.4667 1.0000
S 0.4667 0.9333 0.5333 1.0000
~ 0.5333 0.9333 0.6000 1.0000
~ 0.6000 0.9333 0.6667 1.0000
~ 0.6667 0.9333 0.7333 1.0000
~ 0.7333 0.9333 0.8000 1.0000
~ 0.8000 0.9333 0.8667 1.0000
~ 0.8667 0.9333 0.9333 1.0000
S 0.9333 0.9333 1.0000 1.0000
