~ 0.0000 0.0000 0.0667 0.0667
~ 0.0667 0.0000 0.1333 0.0667
~ 0.1333 0.0000 0.2000 0.0667
~ 0.2000 0.0000 0.2667 0.0667
~ 0.2667 0.0000 0.3333 0.0667
~ 0.3333 0.0000 0.4000 0.0667
~ 0.4000 0.0000 0.4667 0.0667
~ 0.4667 0.0000 0.5333 0.0667
~ 0.5333 0.0000 0.6000 0.0667
~ 0.6000 0.0000 0.6667 0.0667
~ 0.6667 0.0000 0.7333 0.0667
~ 0.7333 0.0000 0.8000 0.0667
~ 0.8000 0.0000 0.8667 0.0667
E 0.8667 0.0000 0.9333 0.0667
L 0.9333 0.0000 1.0000 0.0667
~ 0.0000 0.0667 0.0667 0.1333
~ 0.0667 0.0667 0.1333 0.1333
~ 0.1333 0.0667 0.2000 0.1333
~ 0.2000 0.0667 0.2667 0.1333
~ 0.2667 0.0667 0.3333 0.1333
~ 0.3333 0.0667 0.4000 0.1333
~ 0.4000 0.0667 0.4667 0.1333
~ 0.4667 0.0667 0.5333 0.1333
~ 0.5333 0.0667 0.6000 0.1333
~ 0.6000 0.0667 0.6667 0.1333
~ 0.6667 0.0667 0.7333 0.1333
~ 0.7333 0.0667 0.8000 0.1333
~ 0.8000 0.0667 0.8667 0.1333
W 0.8667 0.0667 0.9333 0.1333
E 0.9333 0.0667 1.0000 0.1333
~ 0.0000 0.1333 0.0667 0.2000
~ 0.0667 0.1333 0.1333 0.2000
~ 0.1333 0.1333 0.2000 0.2000
~ 0.2000 0.1333 0.2667 0.2000
~ 0.2667 0.1333 0.3333 0.2000
~ 0.3333 0.1333 0.4000 0.2000
~ 0.4000 0.1333 0.4667 0.2000
~ 0.4667 0.1333 0.5333 0.2000
~ 0.5333 0.1333 0.6000 0.2000
~ 0.6000 0.1333 0.6667 0.2000
~ 0.6667 0.1333 0.7333 0.2000
L 0.7333 0.1333 0.8000 0.2000
Y 0.8000 0.1333 0.8667 0.2000
E 0.8667 0.1333 0.9333 0.2000
S 0.9333 0.1333 1.0000 0.2000
~ 0.0000 0.2000 0.0667 0.2667
~ 0.0667 0.2000 0.1333 0.2667
~ 0.1333 0.2000 0.2000 0.2667
~ 0.2000 0.2000 0.2667 0.2667
~ 0.2667 0.2000 0.3333 0.2667
~ 0.3333 0.2000 0.4000 0.2667
~ 0.4000 0.2000 0.4667 0.2667
~ 0.4667 0.2000 0.5333 0.2667
~ 0.5333 0.2000 0.6000 0.2667
~ 0.6000 0.2000 0.6667 0.2667
C 0.6667 0.2000 0.7333 0.2667
O 0.7333 0.2000 0.8000 0.2667
O 0.8000 0.2000 0.8667 0.2667
~ 0.8667 0.2000 0.9333 0.2667
B 0.9333 0.2000 1.0000 0.2667
~ 0.0000 0.2667 0.0667 0.3333
~ 0.0667 0.2667 0.1333 0.3333
D 0.1333 0.2667 0.2000 0.3333
~ 0.2000 0.2667 0.2667 0.3333
~ 0.2667 0.2667 0.3333 0.3333
~ 0.3333 0.2667 0.4000 0.3333
~ 0.4000 0.2667 0.4667 0.3333
~ 0.4667 0.2667 0.5333 0.3333
~ 0.5333 0.2667 0.6000 0.3333
O 0.6000 0.2667 0.6667 0.3333
H 0.6667 0.2667 0.7333 0.3333
~ 0.7333 0.2667 0.8000 0.3333
~ 0.8000 0.2667 0.8667 0.3333
T 0.8667 0.2667 0.9333 0.3333
O 0.9333 0.2667 1.0000 0.3333
C 0.0000 0.3333 0.0667 0.4000
~ 0.0667 0.3333 0.1333 0.4000
I 0.1333 0.3333 0.2000 0.4000
~ 0.2000 0.3333 0.2667 0.4000
~ 0.2667 0.3333 0.3333 0.4000
~ 0.3333 0.3333 0.4000 0.4000
~ 0.4000 0.3333 0.4667 0.4000
B 0.4667 0.3333 0.5333 0.4000
~ 0.5333 0.3333 0.6000 0.4000
P 0.6000 0.3333 0.6667 0.4000
A 0.6667 0.3333 0.7333 0.4000
L 0.7333 0.3333 0.8000 0.4000
~ 0.8000 0.3333 0.8667 0.4000
O 0.8667 0.3333 0.9333 0.4000
~ 0.9333 0.3333 1.0000 0.4000
H 0.0000 0.4000 0.0667 0.4667
I 0.0667 0.4000 0.1333 0.4667
P 0.1333 0.4000 0.2000 0.4667
~ 0.2000 0.4000 0.2667 0.4667
~ 0.2667 0.4000 0.3333 0.4667
~ 0.3333 0.4000 0.4000 0.4667
~ 0.4000 0.4000 0.4667 0.4667
L 0.4667 0.4000 0.5333 0.4667
~ 0.5333 0.4000 0.6000 0.4667
~ 0.6000 0.4000 0.6667 0.4667
I 0.6667 0.4000 0.7333 0.4667
U 0.7333 0.4000 0.8000 0.4667
~ 0.8000 0.4000 0.8667 0.4667
O 0.8667 0.4000 0.9333 0.4667
~ 0.9333 0.4000 1.0000 0.4667
A 0.0000 0.4667 0.0667 0.5333
N 0.0667 0.4667 0.1333 0.5333
T 0.1333 0.4667 0.2000 0.5333
~ 0.2000 0.4667 0.2667 0.5333
~ 0.2667 0.4667 0.3333 0.5333
~ 0.3333 0.4667 0.4000 0.5333
Q 0.4000 0.4667 0.4667 0.5333
I 0.4667 0.4667 0.5333 0.5333
~ 0.5333 0.4667 0.6000 0.5333
O 0.6000 0.4667 0.6667 0.5333
~ 0.6667 0.4667 0.7333 0.5333
V 0.7333 0.4667 0.8000 0.5333
~ 0.8000 0.4667 0.8667 0.5333
N 0.8667 0.4667 0.9333 0.5333
A 0.9333 0.4667 1.0000 0.5333
I 0.0000 0.5333 0.0667 0.6000
F 0.0667 0.5333 0.1333 0.6000
~ 0.1333 0.5333 0.2000 0.6000
~ 0.2000 0.5333 0.2667 0.6000
~ 0.2667 0.5333 0.3333 0.6000
~ 0.3333 0.5333 0.4000 0.6000
~ 0.4000 0.5333 0.4667 0.6000
N 0.4667 0.5333 0.5333 0.6000
~ 0.5333 0.5333 0.6000 0.6000
N 0.6000 0.5333 0.6667 0.6000
~ 0.6667 0.5333 0.7333 0.6000
~ 0.7333 0.5333 0.8000 0.6000
~ 0.8000 0.5333 0.8667 0.6000
~ 0.8667 0.5333 0.9333 0.6000
G 0.9333 0.5333 1.0000 0.6000
~ 0.0000 0.6000 0.0667 0.6667
R 0.0667 0.6000 0.1333 0.6667
~ 0.1333 0.6000 0.2000 0.6667
~ 0.2000 0.6000 0.2667 0.6667
~ 0.2667 0.6000 0.3333 0.6667
~ 0.3333 0.6000 0.4000 0.6667
F 0.4000 0.6000 0.4667 0.6667
I 0.4667 0.6000 0.5333 0.6667
V 0.5333 0.6000 0.6000 0.6667
E 0.6000 0.6000 0.6667 0.6667
R 0.6667 0.6000 0.7333 0.6667
S 0.7333 0.6000 0.8000 0.6667
~ 0.8000 0.6000 0.8667 0.6667
J 0.8667 0.6000 0.9333 0.6667
O 0.9333 0.6000 1.0000 0.6667
G 0.0000 0.6667 0.0667 0.7333
A 0.0667 0.6667 0.1333 0.7333
D 0.1333 0.6667 0.2000 0.7333
~ 0.2000 0.6667 0.2667 0.7333
Y 0.2667 0.6667 0.3333 0.7333
E 0.3333 0.6667 0.4000 0.7333
A 0.4000 0.6667 0.4667 0.7333
~ 0.4667 0.6667 0.5333 0.7333
~ 0.5333 0.6667 0.6000 0.7333
N 0.6000 0.6667 0.6667 0.7333
~ 0.6667 0.6667 0.7333 0.7333
U 0.7333 0.6667 0.8000 0.7333
~ 0.8000 0.6667 0.8667 0.7333
~ 0.8667 0.6667 0.9333 0.7333
U 0.9333 0.6667 1.0000 0.7333
~ 0.0000 0.7333 0.0667 0.8000
M 0.0667 0.7333 0.1333 0.8000
A 0.1333 0.7333 0.2000 0.8000
M 0.2000 0.7333 0.2667 0.8000
A 0.2667 0.7333 0.3333 0.8000
M 0.3333 0.7333 0.4000 0.8000
~ 0.4000 0.7333 0.4667 0.8000
W 0.4667 0.7333 0.5333 0.8000
~ 0.5333 0.7333 0.6000 0.8000
T 0.6000 0.7333 0.6667 0.8000
I 0.6667 0.7333 0.7333 0.8000
K 0.7333 0.7333 0.8000 0.8000
I 0.8000 0.7333 0.8667 0.8000
S 0.8667 0.7333 0.9333 0.8000
~ 0.9333 0.7333 1.0000 0.8000
Z 0.0000 0.8000 0.0667 0.8667
E 0.0667 0.8000 0.1333 0.8667
T 0.1333 0.8000 0.2000 0.8667
A 0.2000 0.8000 0.2667 0.8667
~ 0.2667 0.8000 0.3333 0.8667
~ 0.3333 0.8000 0.4000 0.8667
S 0.4000 0.8000 0.4667 0.8667
A 0.4667 0.8000 0.5333 0.8667
X 0.5333 0.8000 0.6000 0.8667
~ 0.6000 0.8000 0.6667 0.8667
~ 0.6667 0.8000 0.7333 0.8667
~ 0.7333 0.8000 0.8000 0.8667
~ 0.8000 0.8000 0.8667 0.8667
~ 0.8667 0.8000 0.9333 0.8667
~ 0.9333 0.8000 1.0000 0.8667
~ 0.0000 0.8667 0.0667 0.9333
~ 0.0667 0.8667 0.1333 0.9333
E 0.1333 0.8667 0.2000 0.9333
E 0.2000 0.8667 0.2667 0.9333
D 0.2667 0.8667 0.3333 0.9333
I 0.3333 0.8667 0.4000 0.9333
E 0.4000 0.8667 0.4667 0.9333
R 0.4667 0.8667 0.5333 0.9333
~ 0.5333 0.8667 0.6000 0.9333
U 0.6000 0.8667 0.6667 0.9333
R 0.6667 0.8667 0.7333 0.9333
G 0.7333 0.8667 0.8000 0.9333
E 0.8000 0.8667 0.8667 0.9333
D 0.8667 0.8667 0.9333 0.9333
~ 0.9333 0.8667 1.0000 0.9333
~ 0.0000 0.9333 0.0667 1.0000
~ 0.0667 0.9333 0.1333 1.0000
~ 0.1333 0.9333 0.2000 1.0000
~ 0.2000 0.9333 0.2667 1.0000
~ 0.2667 0.9333 0.3333 1.0000
~ 0.3333 0.9333 0.4000 1.0000
T 0.4000 0.9333 0.4667 1.0000
E 0.4667 0.9333 0.5333 1.0000
R 0.5333 0.9333 0.6000 1.0000
N 0.6000 0.9333 0.6667 1.0000
~ 0.6667 0.9333 0.7333 1.0000
~ 0.7333 0.9333 0.8000 1.0000
~ 0.8000 0.9333 0.8667 1.0000
~ 0.8667 0.9333 0.9333 1.0000
~ 0.9333 0.9333 1.0000 1.0000
