~ 0.0000 0.0000 0.0667 0.0667
~ 0.0667 0.0000 0.1333 0.0667
~ 0.1333 0.0000 0.2000 0.0667
~ 0.2000 0.0000 0.2667 0.0667
~ 0.2667 0.0000 0.3333 0.0667
~ 0.3333 0.0000 0.4000 0.0667
E 0.4000 0.0000 0.4667 0.0667
P 0.4667 0.0000 0.5333 0.0667
I 0.5333 0.0000 0.6000 0.0667
C 0.6000 0.0000 0.6667 0.0667
T 0.6667 0.0000 0.7333 0.0667
E 0.7333 0.0000 0.8000 0.0667
D 0.8000 0.0000 0.8667 0.0667
~ 0.8667 0.0000 0.9333 0.0667
~ 0.9333 0.0000 1.0000 0.0667
~ 0.0000 0.0667 0.0667 0.1333
~ 0.0667 0.0667 0.1333 0.1333
~ 0.1333 0.0667 0.2000 0.1333
~ 0.2000 0.0667 0.2667 0.1333
~ 0.2667 0.0667 0.3333 0.1333
~ 0.3333 0.0667 0.4000 0.1333
~ 0.4000 0.0667 0.4667 0.1333
A 0.4667 0.0667 0.5333 0.1333
~ 0.5333 0.0667 0.6000 0.1333
~ 0.6000 0.0667 0.6667 0.1333
~ 0.6667 0.0667 0.7333 0.1333
~ 0.7333 0.0667 0.8000 0.1333
~ 0.8000 0.0667 0.8667 0.1333
~ 0.8667 0.0667 0.9333 0.1333
~ 0.9333 0.0667 1.0000 0.1333
~ 0.0000 0.1333 0.0667 0.2000
~ 0.0667 0.1333 0.1333 0.2000
B 0.1333 0.1333 0.2000 0.2000
R 0.2000 0.1333 0.2667 0.2000
A 0.2667 0.1333 0.3333 0.2000
W 0.3333 0.1333 0.4000 0.2000
N 0.4000 0.1333 0.4667 0.2000
Y 0.4667 0.1333 0.5333 0.2000
~ 0.5333 0.1333 0.6000 0.2000
~ 0.6000 0.1333 0.6667 0.2000
~ 0.6667 0.1333 0.7333 0.2000
G 0.7333 0.1333 0.8000 0.2000
O 0.8000 0.1333 0.8667 0.2000
~ 0.8667 0.1333 0.9333 0.2000
~ 0.9333 0.1333 1.0000 0.2000
~ 0.0000 0.2000 0.0667 0.2667
~ 0.0667 0.2000 0.1333 0.2667
~ 0.1333 0.2000 0.2000 0.2667
~ 0.2000 0.2000 0.2667 0.2667
Q 0.2667 0.2000 0.3333 0.2667
~ 0.3333 0.2000 0.4000 0.2667
~ 0.4000 0.2000 0.4667 0.2667
~ 0.4667 0.2000 0.5333 0.2667
~ 0.5333 0.2000 0.6000 0.2667
~ 0.6000 0.2000 0.6667 0.2667
C 0.6667 0.2000 0.7333 0.2667
O 0.7333 0.2000 0.8000 0.2667
I 0.8000 0.2000 0.8667 0.2667
L 0.8667 0.2000 0.9333 0.2667
~ 0.9333 0.2000 1.0000 0.2667
~ 0.0000 0.2667 0.0667 0.3333
~ 0.0667 0.2667 0.1333 0.3333
~ 0.1333 0.2667 0.2000 0.3333
~ 0.2000 0.2667 0.2667 0.3333
U 0.2667 0.2667 0.3333 0.3333
~ 0.3333 0.2667 0.4000 0.3333
~ 0.4000 0.2667 0.4667 0.3333
~ 0.4667 0.2667 0.5333 0.3333
~ 0.5333 0.2667 0.6000 0.3333
~ 0.6000 0.2667 0.6667 0.3333
H 0.6667 0.2667 0.7333 0.3333
~ 0.7333 0.2667 0.8000 0.3333
~ 0.8000 0.2667 0.8667 0.3333
~ 0.8667 0.2667 0.9333 0.3333
~ 0.9333 0.2667 1.0000 0.3333
~ 0.0000 0.3333 0.0667 0.4000
N 0.0667 0.3333 0.1333 0.4000
~ 0.1333 0.3333 0.2000 0.4000
~ 0.2000 0.3333 0.2667 0.4000
A 0.2667 0.3333 0.3333 0.4000
A 0.3333 0.3333 0.4000 0.4000
~ 0.4000 0.3333 0.4667 0.4000
~ 0.4667 0.3333 0.5333 0.4000
~ 0.5333 0.3333 0.6000 0.4000
J 0.6000 0.3333 0.6667 0.4000
A 0.6667 0.3333 0.7333 0.4000
G 0.7333 0.3333 0.8000 0.4000
S 0.8000 0.3333 0.8667 0.4000
~ 0.8667 0.3333 0.9333 0.4000
~ 0.9333 0.3333 1.0000 0.4000
~ 0.0000 0.4000 0.0667 0.4667
T 0.0667 0.4000 0.1333 0.4667
~ 0.1333 0.4000 0.2000 0.4667
~ 0.2000 0.4000 0.2667 0.4667
~ 0.2667 0.4000 0.3333 0.4667
I 0.3333 0.4000 0.4000 0.4667
~ 0.4000 0.4000 0.4667 0.4667
H 0.4667 0.4000 0.5333 0.4667
O 0.5333 0.4000 0.6000 0.4667
E 0.6000 0.4000 0.6667 0.4667
D 0.6667 0.4000 0.7333 0.4667
~ 0.7333 0.4000 0.8000 0.4667
A 0.8000 0.4000 0.8667 0.4667
~ 0.8667 0.4000 0.9333 0.4667
~ 0.9333 0.4000 1.0000 0.4667
Y 0.0000 0.4667 0.0667 0.5333
E 0.0667 0.4667 0.1333 0.5333
~ 0.1333 0.4667 0.2000 0.5333
Z 0.2000 0.4667 0.2667 0.5333
~ 0.2667 0.4667 0.3333 0.5333
L 0.3333 0.4667 0.4000 0.5333
~ 0.4000 0.4667 0.4667 0.5333
O 0.4667 0.4667 0.5333 0.5333
F 0.5333 0.4667 0.6000 0.5333
T 0.6000 0.4667 0.6667 0.5333
~ 0.6667 0.4667 0.7333 0.5333
B 0.7333 0.4667 0.8000 0.5333
L 0.8000 0.4667 0.8667 0.5333
O 0.8667 0.4667 0.9333 0.5333
T 0.9333 0.4667 1.0000 0.5333
A 0.0000 0.5333 0.0667 0.6000
R 0.0667 0.5333 0.1333 0.6000
~ 0.1333 0.5333 0.2000 0.6000
I 0.2000 0.5333 0.2667 0.6000
~ 0.2667 0.5333 0.3333 0.6000
E 0.3333 0.5333 0.4000 0.6000
~ 0.4000 0.5333 0.4667 0.6000
V 0.4667 0.5333 0.5333 0.6000
~ 0.5333 0.5333 0.6000 0.6000
~ 0.6000 0.5333 0.6667 0.6000
~ 0.6667 0.5333 0.7333 0.6000
~ 0.7333 0.5333 0.8000 0.6000
I 0.8000 0.5333 0.8667 0.6000
~ 0.8667 0.5333 0.9333 0.6000
~ 0.9333 0.5333 1.0000 0.6000
U 0.0000 0.6000 0.0667 0.6667
N 0.0667 0.6000 0.1333 0.6667
~ 0.1333 0.6000 0.2000 0.6667
G 0.2000 0.6000 0.2667 0.6667
A 0.2667 0.6000 0.3333 0.6667
R 0.3333 0.6000 0.4000 0.6667
~ 0.4000 0.6000 0.4667 0.6667
E 0.4667 0.6000 0.5333 0.6667
~ 0.5333 0.6000 0.6000 0.6667
U 0.6000 0.6000 0.6667 0.6667
P 0.6667 0.6000 0.7333 0.6667
O 0.7333 0.6000 0.8000 0.6667
N 0.8000 0.6000 0.8667 0.6667
~ 0.8667 0.6000 0.9333 0.6667
~ 0.9333 0.6000 1.0000 0.6667
D 0.0000 0.6667 0.0667 0.7333
E 0.0667 0.6667 0.1333 0.7333
F 0.1333 0.6667 0.2000 0.7333
~ 0.2000 0.6667 0.2667 0.7333
W 0.2667 0.6667 0.3333 0.7333
O 0.3333 0.6667 0.4000 0.7333
~ 0.4000 0.6667 0.4667 0.7333
R 0.4667 0.6667 0.5333 0.7333
~ 0.5333 0.6667 0.6000 0.7333
~ 0.6000 0.6667 0.6667 0.7333
I 0.6667 0.6667 0.7333 0.7333
~ 0.7333 0.6667 0.8000 0.7333
E 0.8000 0.6667 0.8667 0.7333
~ 0.8667 0.6667 0.9333 0.7333
~ 0.9333 0.6667 1.0000 0.7333
~ 0.0000 0.7333 0.0667 0.8000
~ 0.0667 0.7333 0.1333 0.8000
E 0.1333 0.7333 0.2000 0.8000
V 0.2000 0.7333 0.2667 0.8000
E 0.2667 0.7333 0.3333 0.8000
N 0.3333 0.7333 0.4000 0.8000
T 0.4000 0.7333 0.4667 0.8000
S 0.4667 0.7333 0.5333 0.8000
~ 0.5333 0.7333 0.6000 0.8000
~ 0.6000 0.7333 0.6667 0.8000
K 0.6667 0.7333 0.7333 0.8000
I 0.7333 0.7333 0.8000 0.8000
S 0.8000 0.7333 0.8667 0.8000
~ 0.8667 0.7333 0.9333 0.8000
~ 0.9333 0.7333 1.0000 0.8000
~ 0.0000 0.8000 0.0667 0.8667
O 0.0667 0.8000 0.1333 0.8667
M 0.1333 0.8000 0.2000 0.8667
~ 0.2000 0.8000 0.2667 0.8667
~ 0.2667 0.8000 0.3333 0.8667
S 0.3333 0.8000 0.4000 0.8667
~ 0.4000 0.8000 0.4667 0.8667
~ 0.4667 0.8000 0.5333 0.8667
~ 0.5333 0.8000 0.6000 0.8667
~ 0.6000 0.8000 0.6667 0.8667
A 0.6667 0.8000 0.7333 0.8667
L 0.7333 0.8000 0.8000 0.8667
~ 0.8000 0.8000 0.8667 0.8667
~ 0.8667 0.8000 0.9333 0.8667
~ 0.9333 0.8000 1.0000 0.8667
~ 0.0000 0.8667 0.0667 0.9333
R 0.0667 0.8667 0.1333 0.9333
~ 0.1333 0.8667 0.2000 0.9333
~ 0.2000 0.8667 0.2667 0.9333
~ 0.2667 0.8667 0.3333 0.9333
~ 0.3333 0.8667 0.4000 0.9333
~ 0.4000 0.8667 0.4667 0.9333
~ 0.4667 0.8667 0.5333 0.9333
~ 0.5333 0.8667 0.6000 0.9333
~ 0.6000 0.8667 0.6667 0.9333
~ 0.6667 0.8667 0.7333 0.9333
E 0.7333 0.8667 0.8000 0.9333
R 0.8000 0.8667 0.8667 0.9333
N 0.8667 0.8667 0.9333 0.9333
~ 0.9333 0.8667 1.0000 0.9333
T 0.0000 0.9333 0.0667 1.0000
E 0.0667 0.9333 0.1333 1.0000
D 0.1333 0.9333 0.2000 1.0000
I 0.2000 0.9333 0.2667 1.0000
U 0.2667 0.9333 0.3333 1.0000
M 0.3333 0.9333 0.4000 1.0000
~ 0.4000 0.9333 0.4667 1.0000
~ 0.4667 0.9333 0.5333 1.0000
~ 0.5333 0.9333 0.6000 1.0000
~ 0.6000 0.9333 0.6667 1.0000
~ 0.6667 0.9333 0.7333 1.0000
X 0.7333 0.9333 0.8000 1.0000
~ 0.8000 0.9333 0.8667 1.0000
~ 0.8667 0.9333 0.9333 1.0000
~ 0.9333 0.9333 1.0000 1.0000
