~ 0.0000 0.0000 0.0667 0.0667
~ 0.0667 0.0000 0.1333 0.0667
~ 0.1333 0.0000 0.2000 0.0667
~ 0.2000 0.0000 0.2667 0.0667
~ 0.2667 0.0000 0.3333 0.0667
E 0.3333 0.0000 0.4000 0.0667
K 0.4000 0.0000 0.4667 0.0667
~ 0.4667 0.0000 0.5333 0.0667
~ 0.5333 0.0000 0.6000 0.0667
~ 0.6000 0.0000 0.6667 0.0667
~ 0.6667 0.0000 0.7333 0.0667
~ 0.7333 0.0000 0.8000 0.0667
~ 0.8000 0.0000 0.8667 0.0667
~ 0.8667 0.0000 0.9333 0.0667
N 0.9333 0.0000 1.0000 0.0667
~ 0.0000 0.0667 0.0667 0.1333
~ 0.0667 0.0667 0.1333 0.1333
~ 0.1333 0.0667 0.2000 0.1333
~ 0.2000 0.0667 0.2667 0.1333
O 0.2667 0.0667 0.3333 0.1333
X 0.3333 0.0667 0.4000 0.1333
~ 0.4000 0.0667 0.4667 0.1333
~ 0.4667 0.0667 0.5333 0.1333
~ 0.5333 0.0667 0.6000 0.1333
~ 0.6000 0.0667 0.6667 0.1333
~ 0.6667 0.0667 0.7333 0.1333
~ 0.7333 0.0667 0.8000 0.1333
~ 0.8000 0.0667 0.8667 0.1333
T 0.8667 0.0667 0.9333 0.1333
O 0.9333 0.0667 1.0000 0.1333
~ 0.0000 0.1333 0.0667 0.2000
~ 0.0667 0.1333 0.1333 0.2000
~ 0.1333 0.1333 0.2000 0.2000
~ 0.2000 0.1333 0.2667 0.2000
R 0.2667 0.1333 0.3333 0.2000
~ 0.3333 0.1333 0.4000 0.2000
~ 0.4000 0.1333 0.4667 0.2000
~ 0.4667 0.1333 0.5333 0.2000
~ 0.5333 0.1333 0.6000 0.2000
~ 0.6000 0.1333 0.6667 0.2000
A 0.6667 0.1333 0.7333 0.2000
G 0.7333 0.1333 0.8000 0.2000
~ 0.8000 0.1333 0.8667 0.2000
W 0.8667 0.1333 0.9333 0.2000
~ 0.9333 0.1333 1.0000 0.2000
~ 0.0000 0.2000 0.0667 0.2667
~ 0.0667 0.2000 0.1333 0.2667
~ 0.1333 0.2000 0.2000 0.2667
F 0.2000 0.2000 0.2667 0.2667
E 0.2667 0.2000 0.3333 0.2667
~ 0.3333 0.2000 0.4000 0.2667
~ 0.4000 0.2000 0.4667 0.2667
~ 0.4667 0.2000 0.5333 0.2667
L 0.5333 0.2000 0.6000 0.2667
I 0.6000 0.2000 0.6667 0.2667
E 0.6667 0.2000 0.7333 0.2667
R 0.7333 0.2000 0.8000 0.2667
~ 0.8000 0.2000 0.8667 0.2667
I 0.8667 0.2000 0.9333 0.2667
~ 0.9333 0.2000 1.0000 0.2667
~ 0.0000 0.2667 0.0667 0.3333
~ 0.0667 0.2667 0.1333 0.3333
~ 0.1333 0.2667 0.2000 0.3333
~ 0.2000 0.2667 0.2667 0.3333
O 0.2667 0.2667 0.3333 0.3333
D 0.3333 0.2667 0.4000 0.3333
~ 0.4000 0.2667 0.4667 0.3333
T 0.4667 0.2667 0.5333 0.3333
A 0.5333 0.2667 0.6000 0.3333
~ 0.6000 0.2667 0.6667 0.3333
~ 0.6667 0.2667 0.7333 0.3333
A 0.7333 0.2667 0.8000 0.3333
~ 0.8000 0.2667 0.8667 0.3333
G 0.8667 0.2667 0.9333 0.3333
~ 0.9333 0.2667 1.0000 0.3333
~ 0.0000 0.3333 0.0667 0.4000
~ 0.0667 0.3333 0.1333 0.4000
~ 0.1333 0.3333 0.2000 0.4000
~ 0.2000 0.3333 0.2667 0.4000
~ 0.2667 0.3333 0.3333 0.4000
E 0.3333 0.3333 0.4000 0.4000
T 0.4000 0.3333 0.4667 0.4000
A 0.4667 0.3333 0.5333 0.4000
~ 0.5333 0.3333 0.6000 0.4000
Q 0.6000 0.3333 0.6667 0.4000
U 0.6667 0.3333 0.7333 0.4000
I 0.7333 0.3333 0.8000 0.4000
D 0.8000 0.3333 0.8667 0.4000
S 0.8667 0.3333 0.9333 0.4000
~ 0.9333 0.3333 1.0000 0.4000
V 0.0000 0.4000 0.0667 0.4667
~ 0.0667 0.4000 0.1333 0.4667
~ 0.1333 0.4000 0.2000 0.4667
~ 0.2000 0.4000 0.2667 0.4667
~ 0.2667 0.4000 0.3333 0.4667
A 0.3333 0.4000 0.4000 0.4667
~ 0.4000 0.4000 0.4667 0.4667
~ 0.4667 0.4000 0.5333 0.4667
~ 0.5333 0.4000 0.6000 0.4667
~ 0.6000 0.4000 0.6667 0.4667
~ 0.6667 0.4000 0.7333 0.4667
N 0.7333 0.4000 0.8000 0.4667
O 0.8000 0.4000 0.8667 0.4667
~ 0.8667 0.4000 0.9333 0.4667
~ 0.9333 0.4000 1.0000 0.4667
A 0.0000 0.4667 0.0667 0.5333
L 0.0667 0.4667 0.1333 0.5333
I 0.1333 0.4667 0.2000 0.5333
N 0.2000 0.4667 0.2667 0.5333
E 0.2667 0.4667 0.3333 0.5333
D 0.3333 0.4667 0.4000 0.5333
~ 0.4000 0.4667 0.4667 0.5333
C 0.4667 0.4667 0.5333 0.5333
U 0.5333 0.4667 0.6000 0.5333
R 0.6000 0.4667 0.6667 0.5333
V 0.6667 0.4667 0.7333 0.5333
Y 0.7333 0.4667 0.8000 0.5333
~ 0.8000 0.4667 0.8667 0.5333
~ 0.8667 0.4667 0.9333 0.5333
~ 0.9333 0.4667 1.0000 0.5333
W 0.0000 0.5333 0.0667 0.6000
~ 0.0667 0.5333 0.1333 0.6000
~ 0.1333 0.5333 0.2000 0.6000
~ 0.2000 0.5333 0.2667 0.6000
~ 0.2667 0.5333 0.3333 0.6000
~ 0.3333 0.5333 0.4000 0.6000
~ 0.4000 0.5333 0.4667 0.6000
O 0.4667 0.5333 0.5333 0.6000
~ 0.5333 0.5333 0.6000 0.6000
~ 0.6000 0.5333 0.6667 0.6000
~ 0.6667 0.5333 0.7333 0.6000
~ 0.7333 0.5333 0.8000 0.6000
~ 0.8000 0.5333 0.8667 0.6000
~ 0.8667 0.5333 0.9333 0.6000
~ 0.9333 0.5333 1.0000 0.6000
~ 0.0000 0.6000 0.0667 0.6667
H 0.0667 0.6000 0.1333 0.6667
U 0.1333 0.6000 0.2000 0.6667
G 0.2000 0.6000 0.2667 0.6667
~ 0.2667 0.6000 0.3333 0.6667
Z 0.3333 0.6000 0.4000 0.6667
A 0.4000 0.6000 0.4667 0.6667
R 0.4667 0.6000 0.5333 0.6667
F 0.5333 0.6000 0.6000 0.6667
S 0.6000 0.6000 0.6667 0.6667
~ 0.6667 0.6000 0.7333 0.6667
~ 0.7333 0.6000 0.8000 0.6667
~ 0.8000 0.6000 0.8667 0.6667
~ 0.8667 0.6000 0.9333 0.6667
~ 0.9333 0.6000 1.0000 0.6667
~ 0.0000 0.6667 0.0667 0.7333
A 0.0667 0.6667 0.1333 0.7333
~ 0.1333 0.6667 0.2000 0.7333
U 0.2000 0.6667 0.2667 0.7333
H 0.2667 0.6667 0.3333 0.7333
~ 0.3333 0.6667 0.4000 0.7333
~ 0.4000 0.6667 0.4667 0.7333
N 0.4667 0.6667 0.5333 0.7333
~ 0.5333 0.6667 0.6000 0.7333
I 0.6000 0.6667 0.6667 0.7333
D 0.6667 0.6667 0.7333 0.7333
~ 0.7333 0.6667 0.8000 0.7333
~ 0.8000 0.6667 0.8667 0.7333
~ 0.8667 0.6667 0.9333 0.7333
~ 0.9333 0.6667 1.0000 0.7333
~ 0.0000 0.7333 0.0667 0.8000
J 0.0667 0.7333 0.1333 0.8000
~ 0.1333 0.7333 0.2000 0.8000
M 0.2000 0.7333 0.2667 0.8000
O 0.2667 0.7333 0.3333 0.8000
~ 0.3333 0.7333 0.4000 0.8000
~ 0.4000 0.7333 0.4667 0.8000
I 0.4667 0.7333 0.5333 0.8000
~ 0.5333 0.7333 0.6000 0.8000
P 0.6000 0.7333 0.6667 0.8000
I 0.6667 0.7333 0.7333 0.8000
L 0.7333 0.7333 0.8000 0.8000
L 0.8000 0.7333 0.8667 0.8000
~ 0.8667 0.7333 0.9333 0.8000
~ 0.9333 0.7333 1.0000 0.8000
P 0.0000 0.8000 0.0667 0.8667
I 0.0667 0.8000 0.1333 0.8667
C 0.1333 0.8000 0.2000 0.8667
~ 0.2000 0.8000 0.2667 0.8667
M 0.2667 0.8000 0.3333 0.8667
~ 0.3333 0.8000 0.4000 0.8667
Y 0.4000 0.8000 0.4667 0.8667
E 0.4667 0.8000 0.5333 0.8667
~ 0.5333 0.8000 0.6000 0.8667
~ 0.6000 0.8000 0.6667 0.8667
B 0.6667 0.8000 0.7333 0.8667
O 0.7333 0.8000 0.8000 0.8667
O 0.8000 0.8000 0.8667 0.8667
T 0.8667 0.8000 0.9333 0.8667
~ 0.9333 0.8000 1.0000 0.8667
E 0.0000 0.8667 0.0667 0.9333
~ 0.0667 0.8667 0.1333 0.9333
~ 0.1333 0.8667 0.2000 0.9333
~ 0.2000 0.8667 0.2667 0.9333
E 0.2667 0.8667 0.3333 0.9333
~ 0.3333 0.8667 0.4000 0.9333
E 0.4000 0.8667 0.4667 0.9333
S 0.4667 0.8667 0.5333 0.9333
~ 0.5333 0.8667 0.6000 0.9333
~ 0.6000 0.8667 0.6667 0.9333
~ 0.6667 0.8667 0.7333 0.9333
~ 0.7333 0.8667 0.8000 0.9333
~ 0.8000 0.8667 0.8667 0.9333
E 0.8667 0.8667 0.9333 0.9333
~ 0.9333 0.8667 1.0000 0.9333
R 0.0000 0.9333 0.0667 1.0000
~ 0.0667 0.9333 0.1333 1.0000
~ 0.1333 0.9333 0.2000 1.0000
B 0.2000 0.9333 0.2667 1.0000
S 0.2667 0.9333 0.3333 1.0000
E 0.3333 0.9333 0.4000 1.0000
N 0.4000 0.9333 0.4667 1.0000
T 0.4667 0.9333 0.5333 1.0000
E 0.5333 0.9333 0.6000 1.0000
R 0.6000 0.9333 0.6667 1.0000
~ 0.6667 0.9333 0.7333 1.0000
~ 0.7333 0.9333 0.8000 1.0000
~ 0.8000 0.9333 0.8667 1.0000
A 0.8667 0.9333 0.9333 1.0000
~ 0.9333 0.9333 1.0000 1.0000
