P 0.0000 0.0000 0.0667 0.0667
~ 0.0667 0.0000 0.1333 0.0667
~ 0.1333 0.0000 0.2000 0.0667
~ 0.2000 0.0000 0.2667 0.0667
~ 0.2667 0.0000 0.3333 0.0667
~ 0.3333 0.0000 0.4000 0.0667
~ 0.4000 0.0000 0.4667 0.0667
G 0.4667 0.0000 0.5333 0.0667
R 0.5333 0.0000 0.6000 0.0667
E 0.6000 0.0000 0.6667 0.0667
B 0.6667 0.0000 0.7333 0.0667
E 0.7333 0.0000 0.8000 0.0667
~ 0.8000 0.0000 0.8667 0.0667
~ 0.8667 0.0000 0.9333 0.0667
~ 0.9333 0.0000 1.0000 0.0667
A 0.0000 0.0667 0.0667 0.1333
M 0.0667 0.0667 0.1333 0.1333
~ 0.1333 0.0667 0.2000 0.1333
~ 0.2000 0.0667 0.2667 0.1333
A 0.2667 0.0667 0.3333 0.1333
Q 0.3333 0.0667 0.4000 0.1333
U 0.4000 0.0667 0.4667 0.1333
A 0.4667 0.0667 0.5333 0.1333
~ 0.5333 0.0667 0.6000 0.1333
~ 0.6000 0.0667 0.6667 0.1333
~ 0.6667 0.0667 0.7333 0.1333
~ 0.7333 0.0667 0.8000 0.1333
E 0.8000 0.0667 0.8667 0.1333
L 0.8667 0.0667 0.9333 0.1333
~ 0.9333 0.0667 1.0000 0.1333
X 0.0000 0.1333 0.0667 0.2000
I 0.0667 0.1333 0.1333 0.2000
~ 0.1333 0.1333 0.2000 0.2000
~ 0.2000 0.1333 0.2667 0.2000
~ 0.2667 0.1333 0.3333 0.2000
~ 0.3333 0.1333 0.4000 0.2000
~ 0.4000 0.1333 0.4667 0.2000
L 0.4667 0.1333 0.5333 0.2000
A 0.5333 0.1333 0.6000 0.2000
~ 0.6000 0.1333 0.6667 0.2000
~ 0.6667 0.1333 0.7333 0.2000
~ 0.7333 0.1333 0.8000 0.2000
O 0.8000 0.1333 0.8667 0.2000
I 0.8667 0.1333 0.9333 0.2000
~ 0.9333 0.1333 1.0000 0.2000
~ 0.0000 0.2000 0.0667 0.2667
G 0.0667 0.2000 0.1333 0.2667
R 0.1333 0.2000 0.2000 0.2667
A 0.2000 0.2000 0.2667 0.2667
D 0.2667 0.2000 0.3333 0.2667
~ 0.3333 0.2000 0.4000 0.2667
C 0.4000 0.2000 0.4667 0.2667
A 0.4667 0.2000 0.5333 0.2667
V 0.5333 0.2000 0.6000 0.2667
E 0.6000 0.2000 0.6667 0.2667
~ 0.6667 0.2000 0.7333 0.2667
T 0.7333 0.2000 0.8000 0.2667
S 0.8000 0.2000 0.8667 0.2667
~ 0.8667 0.2000 0.9333 0.2667
~ 0.9333 0.2000 1.0000 0.2667
~ 0.0000 0.2667 0.0667 0.3333
H 0.0667 0.2667 0.1333 0.3333
~ 0.1333 0.2667 0.2000 0.3333
T 0.2000 0.2667 0.2667 0.3333
I 0.2667 0.2667 0.3333 0.3333
N 0.3333 0.2667 0.4000 0.3333
E 0.4000 0.2667 0.4667 0.3333
~ 0.4667 0.2667 0.5333 0.3333
O 0.5333 0.2667 0.6000 0.3333
~ 0.6000 0.2667 0.6667 0.3333
D 0.6667 0.2667 0.7333 0.3333
O 0.7333 0.2667 0.8000 0.3333
I 0.8000 0.2667 0.8667 0.3333
T 0.8667 0.2667 0.9333 0.3333
~ 0.9333 0.2667 1.0000 0.3333
~ 0.0000 0.3333 0.0667 0.4000
T 0.0667 0.3333 0.1333 0.4000
~ 0.1333 0.3333 0.2000 0.4000
~ 0.2000 0.3333 0.2667 0.4000
N 0.2667 0.3333 0.3333 0.4000
U 0.3333 0.3333 0.4000 0.4000
L 0.4000 0.3333 0.4667 0.4000
L 0.4667 0.3333 0.5333 0.4000
~ 0.5333 0.3333 0.6000 0.4000
~ 0.6000 0.3333 0.6667 0.4000
~ 0.6667 0.3333 0.7333 0.4000
~ 0.7333 0.3333 0.8000 0.4000
N 0.8000 0.3333 0.8667 0.4000
~ 0.8667 0.3333 0.9333 0.4000
~ 0.9333 0.3333 1.0000 0.4000
A 0.0000 0.4000 0.0667 0.4667
Y 0.0667 0.4000 0.1333 0.4667
~ 0.1333 0.4000 0.2000 0.4667
~ 0.2000 0.4000 0.2667 0.4667
~ 0.2667 0.4000 0.3333 0.4667
~ 0.3333 0.4000 0.4000 0.4667
~ 0.4000 0.4000 0.4667 0.4667
Y 0.4667 0.4000 0.5333 0.4667
O 0.5333 0.4000 0.6000 0.4667
D 0.6000 0.4000 0.6667 0.4667
~ 0.6667 0.4000 0.7333 0.4667
R 0.7333 0.4000 0.8000 0.4667
E 0.8000 0.4000 0.8667 0.4667
P 0.8667 0.4000 0.9333 0.4667
~ 0.9333 0.4000 1.0000 0.4667
W 0.0000 0.4667 0.0667 0.5333
~ 0.0667 0.4667 0.1333 0.5333
~ 0.1333 0.4667 0.2000 0.5333
~ 0.2000 0.4667 0.2667 0.5333
~ 0.2667 0.4667 0.3333 0.5333
~ 0.3333 0.4667 0.4000 0.5333
K 0.4000 0.4667 0.4667 0.5333
E 0.4667 0.4667 0.5333 0.5333
F 0.5333 0.4667 0.6000 0.5333
~ 0.6000 0.4667 0.6667 0.5333
~ 0.6667 0.4667 0.7333 0.5333
O 0.7333 0.4667 0.8000 0.5333
~ 0.8000 0.4667 0.8667 0.5333
R 0.8667 0.4667 0.9333 0.5333
~ 0.9333 0.4667 1.0000 0.5333
N 0.0000 0.5333 0.0667 0.6000
~ 0.0667 0.5333 0.1333 0.6000
~ 0.1333 0.5333 0.2000 0.6000
~ 0.2000 0.5333 0.2667 0.6000
~ 0.2667 0.5333 0.3333 0.6000
~ 0.3333 0.5333 0.4000 0.6000
I 0.4000 0.5333 0.4667 0.6000
S 0.4667 0.5333 0.5333 0.6000
~ 0.5333 0.5333 0.6000 0.6000
~ 0.6000 0.5333 0.6667 0.6000
~ 0.6667 0.5333 0.7333 0.6000
M 0.7333 0.5333 0.8000 0.6000
~ 0.8000 0.5333 0.8667 0.6000
O 0.8667 0.5333 0.9333 0.6000
~ 0.9333 0.5333 1.0000 0.6000
~ 0.0000 0.6000 0.0667 0.6667
~ 0.0667 0.6000 0.1333 0.6667
~ 0.1333 0.6000 0.2000 0.6667
~ 0.2000 0.6000 0.2667 0.6667
J 0.2667 0.6000 0.3333 0.6667
I 0.3333 0.6000 0.4000 0.6667
N 0.4000 0.6000 0.4667 0.6667
~ 0.4667 0.6000 0.5333 0.6667
~ 0.5333 0.6000 0.6000 0.6667
~ 0.6000 0.6000 0.6667 0.6667
~ 0.6667 0.6000 0.7333 0.6667
A 0.7333 0.6000 0.8000 0.6667
~ 0.8000 0.6000 0.8667 0.6667
G 0.8667 0.6000 0.9333 0.6667
~ 0.9333 0.6000 1.0000 0.6667
~ 0.0000 0.6667 0.0667 0.7333
~ 0.0667 0.6667 0.1333 0.7333
~ 0.1333 0.6667 0.2000 0.7333
~ 0.2000 0.6667 0.2667 0.7333
U 0.2667 0.6667 0.3333 0.7333
~ 0.3333 0.6667 0.4000 0.7333
~ 0.4000 0.6667 0.4667 0.7333
~ 0.4667 0.6667 0.5333 0.7333
~ 0.5333 0.6667 0.6000 0.7333
~ 0.6000 0.6667 0.6667 0.7333
~ 0.6667 0.6667 0.7333 0.7333
~ 0.7333 0.6667 0.8000 0.7333
~ 0.8000 0.6667 0.8667 0.7333
~ 0.8667 0.6667 0.9333 0.7333
~ 0.9333 0.6667 1.0000 0.7333
~ 0.0000 0.7333 0.0667 0.8000
~ 0.0667 0.7333 0.1333 0.8000
~ 0.1333 0.7333 0.2000 0.8000
A 0.2000 0.7333 0.2667 0.8000
B 0.2667 0.7333 0.3333 0.8000
~ 0.3333 0.7333 0.4000 0.8000
~ 0.4000 0.7333 0.4667 0.8000
~ 0.4667 0.7333 0.5333 0.8000
~ 0.5333 0.7333 0.6000 0.8000
~ 0.6000 0.7333 0.6667 0.8000
~ 0.6667 0.7333 0.7333 0.8000
C 0.7333 0.7333 0.8000 0.8000
~ 0.8000 0.7333 0.8667 0.8000
~ 0.8667 0.7333 0.9333 0.8000
~ 0.9333 0.7333 1.0000 0.8000
~ 0.0000 0.8000 0.0667 0.8667
I 0.0667 0.8000 0.1333 0.8667
N 0.1333 0.8000 0.2000 0.8667
V 0.2000 0.8000 0.2667 0.8667
E 0.2667 0.8000 0.3333 0.8667
R 0.3333 0.8000 0.4000 0.8667
T 0.4000 0.8000 0.4667 0.8667
O 0.4667 0.8000 0.5333 0.8667
R 0.5333 0.8000 0.6000 0.8667
~ 0.6000 0.8000 0.6667 0.8667
~ 0.6667 0.8000 0.7333 0.8667
E 0.7333 0.8000 0.8000 0.8667
~ 0.8000 0.8000 0.8667 0.8667
~ 0.8667 0.8000 0.9333 0.8667
~ 0.9333 0.8000 1.0000 0.8667
~ 0.0000 0.8667 0.0667 0.9333
~ 0.0667 0.8667 0.1333 0.9333
~ 0.1333 0.8667 0.2000 0.9333
O 0.2000 0.8667 0.2667 0.9333
~ 0.2667 0.8667 0.3333 0.9333
~ 0.3333 0.8667 0.4000 0.9333
~ 0.4000 0.8667 0.4667 0.9333
~ 0.4667 0.8667 0.5333 0.9333
~ 0.5333 0.8667 0.6000 0.9333
H 0.6000 0.8667 0.6667 0.9333
I 0.6667 0.8667 0.7333 0.9333
D 0.7333 0.8667 0.8000 0.9333
E 0.8000 0.8667 0.8667 0.9333
S 0.8667 0.8667 0.9333 0.9333
~ 0.9333 0.8667 1.0000 0.9333
~ 0.0000 0.9333 0.0667 1.0000
~ 0.0667 0.9333 0.1333 1.0000
~ 0.1333 0.9333 0.2000 1.0000
~ 0.2000 0.9333 0.2667 1.0000
~ 0.2667 0.9333 0.3333 1.0000
~ 0.3333 0.9333 0.4000 1.0000
~ 0.4000 0.9333 0.4667 1.0000
W 0.4667 0.9333 0.5333 1.0000
E 0.5333 0.9333 0.6000 1.0000
E 0.6000 0.9333 0.6667 1.0000
~ 0.6667 0.9333 0.7333 1.0000
~ 0.7333 0.9333 0.8000 1.0000
F 0.8000 0.9333 0.8667 1.0000
I 0.8667 0.9333 0.9333 1.0000
Z 0.9333 0.9333 1.0000 1.0000
