D 0.0000 0.0000 0.0667 0.0667
E 0.0667 0.0000 0.1333 0.0667
A 0.1333 0.0000 0.2000 0.0667
S 0.2000 0.0000 0.2667 0.0667
H 0.2667 0.0000 0.3333 0.0667
I 0.3333 0.0000 0.4000 0.0667
N 0.4000 0.0000 0.4667 0.0667
G 0.4667 0.0000 0.5333 0.0667
~ 0.5333 0.0000 0.6000 0.0667
~ 0.6000 0.0000 0.6667 0.0667
~ 0.6667 0.0000 0.7333 0.0667
G 0.7333 0.0000 0.8000 0.0667
~ 0.8000 0.0000 0.8667 0.0667
~ 0.8667 0.0000 0.9333 0.0667
~ 0.9333 0.0000 1.0000 0.0667
U 0.0000 0.0667 0.0667 0.1333
~ 0.0667 0.0667 0.1333 0.1333
~ 0.1333 0.0667 0.2000 0.1333
~ 0.2000 0.0667 0.2667 0.1333
~ 0.2667 0.0667 0.3333 0.1333
~ 0.3333 0.0667 0.4000 0.1333
~ 0.4000 0.0667 0.4667 0.1333
~ 0.4667 0.0667 0.5333 0.1333
~ 0.5333 0.0667 0.6000 0.1333
~ 0.6000 0.0667 0.6667 0.1333
~ 0.6667 0.0667 0.7333 0.1333
R 0.7333 0.0667 0.8000 0.1333
~ 0.8000 0.0667 0.8667 0.1333
~ 0.8667 0.0667 0.9333 0.1333
~ 0.9333 0.0667 1.0000 0.1333
T 0.0000 0.1333 0.0667 0.2000
~ 0.0667 0.1333 0.1333 0.2000
~ 0.1333 0.1333 0.2000 0.2000
J 0.2000 0.1333 0.2667 0.2000
~ 0.2667 0.1333 0.3333 0.2000
~ 0.3333 0.1333 0.4000 0.2000
~ 0.4000 0.1333 0.4667 0.2000
~ 0.4667 0.1333 0.5333 0.2000
~ 0.5333 0.1333 0.6000 0.2000
~ 0.6000 0.1333 0.6667 0.2000
~ 0.6667 0.1333 0.7333 0.2000
A 0.7333 0.1333 0.8000 0.2000
~ 0.8000 0.1333 0.8667 0.2000
~ 0.8667 0.1333 0.9333 0.2000
~ 0.9333 0.1333 1.0000 0.2000
C 0.0000 0.2000 0.0667 0.2667
~ 0.0667 0.2000 0.1333 0.2667
~ 0.1333 0.2000 0.2000 0.2667
O 0.2000 0.2000 0.2667 0.2667
~ 0.2667 0.2000 0.3333 0.2667
~ 0.3333 0.2000 0.4000 0.2667
~ 0.4000 0.2000 0.4667 0.2667
~ 0.4667 0.2000 0.5333 0.2667
~ 0.5333 0.2000 0.6000 0.2667
~ 0.6000 0.2000 0.6667 0.2667
~ 0.6667 0.2000 0.7333 0.2667
I 0.7333 0.2000 0.8000 0.2667
~ 0.8000 0.2000 0.8667 0.2667
~ 0.8667 0.2000 0.9333 0.2667
~ 0.9333 0.2000 1.0000 0.2667
H 0.0000 0.2667 0.0667 0.3333
E 0.0667 0.2667 0.1333 0.3333
~ 0.1333 0.2667 0.2000 0.3333
B 0.2000 0.2667 0.2667 0.3333
O 0.2667 0.2667 0.3333 0.3333
~ 0.3333 0.2667 0.4000 0.3333
~ 0.4000 0.2667 0.4667 0.3333
~ 0.4667 0.2667 0.5333 0.3333
~ 0.5333 0.2667 0.6000 0.3333
~ 0.6000 0.2667 0.6667 0.3333
~ 0.6667 0.2667 0.7333 0.3333
N 0.7333 0.2667 0.8000 0.3333
~ 0.8000 0.2667 0.8667 0.3333
C 0.8667 0.2667 0.9333 0.3333
~ 0.9333 0.2667 1.0000 0.3333
~ 0.0000 0.3333 0.0667 0.4000
T 0.0667 0.3333 0.1333 0.4000
~ 0.1333 0.3333 0.2000 0.4000
~ 0.2000 0.3333 0.2667 0.4000
B 0.2667 0.3333 0.3333 0.4000
E 0.3333 0.3333 0.4000 0.4000
~ 0.4000 0.3333 0.4667 0.4000
E 0.4667 0.3333 0.5333 0.4000
W 0.5333 0.3333 0.6000 0.4000
E 0.6000 0.3333 0.6667 0.4000
L 0.6667 0.3333 0.7333 0.4000
S 0.7333 0.3333 0.8000 0.4000
~ 0.8000 0.3333 0.8667 0.4000
U 0.8667 0.3333 0.9333 0.4000
~ 0.9333 0.3333 1.0000 0.4000
K 0.0000 0.4000 0.0667 0.4667
A 0.0667 0.4000 0.1333 0.4667
~ 0.1333 0.4000 0.2000 0.4667
~ 0.2000 0.4000 0.2667 0.4667
O 0.2667 0.4000 0.3333 0.4667
~ 0.3333 0.4000 0.4000 0.4667
~ 0.4000 0.4000 0.4667 0.4667
~ 0.4667 0.4000 0.5333 0.4667
~ 0.5333 0.4000 0.6000 0.4667
~ 0.6000 0.4000 0.6667 0.4667
O 0.6667 0.4000 0.7333 0.4667
~ 0.7333 0.4000 0.8000 0.4667
~ 0.8000 0.4000 0.8667 0.4667
R 0.8667 0.4000 0.9333 0.4667
~ 0.9333 0.4000 1.0000 0.4667
A 0.0000 0.4667 0.0667 0.5333
L 0.0667 0.4667 0.1333 0.5333
~ 0.1333 0.4667 0.2000 0.5333
P 0.2000 0.4667 0.2667 0.5333
E 0.2667 0.4667 0.3333 0.5333
~ 0.3333 0.4667 0.4000 0.5333
Q 0.4000 0.4667 0.4667 0.5333
I 0.4667 0.4667 0.5333 0.5333
~ 0.5333 0.4667 0.6000 0.5333
~ 0.6000 0.4667 0.6667 0.5333
M 0.6667 0.4667 0.7333 0.5333
~ 0.7333 0.4667 0.8000 0.5333
~ 0.8000 0.4667 0.8667 0.5333
A 0.8667 0.4667 0.9333 0.5333
I 0.9333 0.4667 1.0000 0.5333
D 0.0000 0.5333 0.0667 0.6000
O 0.0667 0.5333 0.1333 0.6000
~ 0.1333 0.5333 0.2000 0.6000
R 0.2000 0.5333 0.2667 0.6000
~ 0.2667 0.5333 0.3333 0.6000
F 0.3333 0.5333 0.4000 0.6000
I 0.4000 0.5333 0.4667 0.6000
N 0.4667 0.5333 0.5333 0.6000
A 0.5333 0.5333 0.6000 0.6000
L 0.6000 0.5333 0.6667 0.6000
E 0.6667 0.5333 0.7333 0.6000
~ 0.7333 0.5333 0.8000 0.6000
~ 0.8000 0.5333 0.8667 0.6000
T 0.8667 0.5333 0.9333 0.6000
O 0.9333 0.5333 1.0000 0.6000
I 0.0000 0.6000 0.0667 0.6667
N 0.0667 0.6000 0.1333 0.6667
~ 0.1333 0.6000 0.2000 0.6667
E 0.2000 0.6000 0.2667 0.6667
R 0.2667 0.6000 0.3333 0.6667
~ 0.3333 0.6000 0.4000 0.6667
~ 0.4000 0.6000 0.4667 0.6667
~ 0.4667 0.6000 0.5333 0.6667
~ 0.5333 0.6000 0.6000 0.6667
~ 0.6000 0.6000 0.6667 0.6667
N 0.6667 0.6000 0.7333 0.6667
~ 0.7333 0.6000 0.8000 0.6667
~ 0.8000 0.6000 0.8667 0.6667
E 0.8667 0.6000 0.9333 0.6667
D 0.9333 0.6000 1.0000 0.6667
~ 0.0000 0.6667 0.0667 0.7333
S 0.0667 0.6667 0.1333 0.7333
A 0.1333 0.6667 0.2000 0.7333
T 0.2000 0.6667 0.2667 0.7333
E 0.2667 0.6667 0.3333 0.7333
~ 0.3333 0.6667 0.4000 0.7333
~ 0.4000 0.6667 0.4667 0.7333
~ 0.4667 0.6667 0.5333 0.7333
~ 0.5333 0.6667 0.6000 0.7333
~ 0.6000 0.6667 0.6667 0.7333
T 0.6667 0.6667 0.7333 0.7333
~ 0.7333 0.6667 0.8000 0.7333
V 0.8000 0.6667 0.8667 0.7333
~ 0.8667 0.6667 0.9333 0.7333
I 0.9333 0.6667 1.0000 0.7333
~ 0.0000 0.7333 0.0667 0.8000
~ 0.0667 0.7333 0.1333 0.8000
Z 0.1333 0.7333 0.2000 0.8000
A 0.2000 0.7333 0.2667 0.8000
P 0.2667 0.7333 0.3333 0.8000
~ 0.3333 0.7333 0.4000 0.8000
~ 0.4000 0.7333 0.4667 0.8000
G 0.4667 0.7333 0.5333 0.8000
Y 0.5333 0.7333 0.6000 0.8000
R 0.6000 0.7333 0.6667 0.8000
A 0.6667 0.7333 0.7333 0.8000
~ 0.7333 0.7333 0.8000 0.8000
I 0.8000 0.7333 0.8667 0.8000
O 0.8667 0.7333 0.9333 0.8000
N 0.9333 0.7333 1.0000 0.8000
~ 0.0000 0.8000 0.0667 0.8667
V 0.0667 0.8000 0.1333 0.8667
O 0.1333 0.8000 0.2000 0.8667
X 0.2000 0.8000 0.2667 0.8667
~ 0.2667 0.8000 0.3333 0.8667
~ 0.3333 0.8000 0.4000 0.8667
~ 0.4000 0.8000 0.4667 0.8667
I 0.4667 0.8000 0.5333 0.8667
~ 0.5333 0.8000 0.6000 0.8667
~ 0.6000 0.8000 0.6667 0.8667
~ 0.6667 0.8000 0.7333 0.8667
~ 0.7333 0.8000 0.8000 0.8667
R 0.8000 0.8000 0.8667 0.8667
~ 0.8667 0.8000 0.9333 0.8667
W 0.9333 0.8000 1.0000 0.8667
~ 0.0000 0.8667 0.0667 0.9333
U 0.0667 0.8667 0.1333 0.9333
~ 0.1333 0.8667 0.2000 0.9333
~ 0.2000 0.8667 0.2667 0.9333
~ 0.2667 0.8667 0.3333 0.9333
~ 0.3333 0.8667 0.4000 0.9333
~ 0.4000 0.8667 0.4667 0.9333
F 0.4667 0.8667 0.5333 0.9333
~ 0.5333 0.8667 0.6000 0.9333
~ 0.6000 0.8667 0.6667 0.9333
~ 0.6667 0.8667 0.7333 0.9333
~ 0.7333 0.8667 0.8000 0.9333
L 0.8000 0.8667 0.8667 0.9333
~ 0.8667 0.8667 0.9333 0.9333
~ 0.9333 0.8667 1.0000 0.9333
E 0.0000 0.9333 0.0667 1.0000
M 0.0667 0.9333 0.1333 1.0000
U 0.1333 0.9333 0.2000 1.0000
~ 0.2000 0.9333 0.2667 1.0000
~ 0.2667 0.9333 0.3333 1.0000
~ 0.3333 0.9333 0.4000 1.0000
~ 0.4000 0.9333 0.4667 1.0000
S 0.4667 0.9333 0.5333 1.0000
~ 0.5333 0.9333 0.6000 1.0000
~ 0.6000 0.9333 0.6667 1.0000
~ 0.6667 0.9333 0.7333 1.0000
~ 0.7333 0.9333 0.8000 1.0000
~ 0.8000 0.9333 0.8667 1.0000
~ 0.8667 0.9333 0.9333 1.0000
~ 0.9333 0.9333 1.0000 1.0000
