~ 0.0000 0.0000 0.0667 0.0667
~ 0.0667 0.0000 0.1333 0.0667
~ 0.1333 0.0000 0.2000 0.0667
~ 0.2000 0.0000 0.2667 0.0667
~ 0.2667 0.0000 0.3333 0.0667
~ 0.3333 0.0000 0.4000 0.0667
~ 0.4000 0.0000 0.4667 0.0667
Z 0.4667 0.0000 0.5333 0.0667
~ 0.5333 0.0000 0.6000 0.0667
~ 0.6000 0.0000 0.6667 0.0667
~ 0.6667 0.0000 0.7333 0.0667
~ 0.7333 0.0000 0.8000 0.0667
~ 0.8000 0.0000 0.8667 0.0667
~ 0.8667 0.0000 0.9333 0.0667
G 0.9333 0.0000 1.0000 0.0667
~ 0.0000 0.0667 0.0667 0.1333
~ 0.0667 0.0667 0.1333 0.1333
~ 0.1333 0.0667 0.2000 0.1333
~ 0.2000 0.0667 0.2667 0.1333
~ 0.2667 0.0667 0.3333 0.1333
V 0.3333 0.0667 0.4000 0.1333
I 0.4000 0.0667 0.4667 0.1333
A 0.4667 0.0667 0.5333 0.1333
~ 0.5333 0.0667 0.6000 0.1333
N 0.6000 0.0667 0.6667 0.1333
~ 0.6667 0.0667 0.7333 0.1333
~ 0.7333 0.0667 0.8000 0.1333
~ 0.8000 0.0667 0.8667 0.1333
~ 0.8667 0.0667 0.9333 0.1333
I 0.9333 0.0667 1.0000 0.1333
~ 0.0000 0.1333 0.0667 0.2000
~ 0.0667 0.1333 0.1333 0.2000
~ 0.1333 0.1333 0.2000 0.2000
~ 0.2000 0.1333 0.2667 0.2000
~ 0.2667 0.1333 0.3333 0.2000
~ 0.3333 0.1333 0.4000 0.2000
~ 0.4000 0.1333 0.4667 0.2000
R 0.4667 0.1333 0.5333 0.2000
~ 0.5333 0.1333 0.6000 0.2000
O 0.6000 0.1333 0.6667 0.2000
~ 0.6667 0.1333 0.7333 0.2000
~ 0.7333 0.1333 0.8000 0.2000
~ 0.8000 0.1333 0.8667 0.2000
~ 0.8667 0.1333 0.9333 0.2000
~ 0.9333 0.1333 1.0000 0.2000
~ 0.0000 0.2000 0.0667 0.2667
~ 0.0667 0.2000 0.1333 0.2667
~ 0.1333 0.2000 0.2000 0.2667
~ 0.2000 0.2000 0.2667 0.2667
~ 0.2667 0.2000 0.3333 0.2667
~ 0.3333 0.2000 0.4000 0.2667
~ 0.4000 0.2000 0.4667 0.2667
F 0.4667 0.2000 0.5333 0.2667
O 0.5333 0.2000 0.6000 0.2667
V 0.6000 0.2000 0.6667 0.2667
E 0.6667 0.2000 0.7333 0.2667
A 0.7333 0.2000 0.8000 0.2667
~ 0.8000 0.2000 0.8667 0.2667
~ 0.8667 0.2000 0.9333 0.2667
B 0.9333 0.2000 1.0000 0.2667
~ 0.0000 0.2667 0.0667 0.3333
C 0.0667 0.2667 0.1333 0.3333
~ 0.1333 0.2667 0.2000 0.3333
~ 0.2000 0.2667 0.2667 0.3333
~ 0.2667 0.2667 0.3333 0.3333
~ 0.3333 0.2667 0.4000 0.3333
~ 0.4000 0.2667 0.4667 0.3333
~ 0.4667 0.2667 0.5333 0.3333
P 0.5333 0.2667 0.6000 0.3333
E 0.6000 0.2667 0.6667 0.3333
H 0.6667 0.2667 0.7333 0.3333
~ 0.7333 0.2667 0.8000 0.3333
T 0.8000 0.2667 0.8667 0.3333
~ 0.8667 0.2667 0.9333 0.3333
O 0.9333 0.2667 1.0000 0.3333
~ 0.0000 0.3333 0.0667 0.4000
O 0.0667 0.3333 0.1333 0.4000
~ 0.1333 0.3333 0.2000 0.4000
~ 0.2000 0.3333 0.2667 0.4000
~ 0.2667 0.3333 0.3333 0.4000
~ 0.3333 0.3333 0.4000 0.4000
~ 0.4000 0.3333 0.4667 0.4000
~ 0.4667 0.3333 0.5333 0.4000
~ 0.5333 0.3333 0.6000 0.4000
L 0.6000 0.3333 0.6667 0.4000
~ 0.6667 0.3333 0.7333 0.4000
D 0.7333 0.3333 0.8000 0.4000
U 0.8000 0.3333 0.8667 0.4000
R 0.8667 0.3333 0.9333 0.4000
N 0.9333 0.3333 1.0000 0.4000
~ 0.0000 0.4000 0.0667 0.4667
M 0.0667 0.4000 0.1333 0.4667
~ 0.1333 0.4000 0.2000 0.4667
~ 0.2000 0.4000 0.2667 0.4667
J 0.2667 0.4000 0.3333 0.4667
~ 0.3333 0.4000 0.4000 0.4667
~ 0.4000 0.4000 0.4667 0.4667
~ 0.4667 0.4000 0.5333 0.4667
Q 0.5333 0.4000 0.6000 0.4667
I 0.6000 0.4000 0.6667 0.4667
~ 0.6667 0.4000 0.7333 0.4667
~ 0.7333 0.4000 0.8000 0.4667
L 0.8000 0.4000 0.8667 0.4667
~ 0.8667 0.4000 0.9333 0.4667
~ 0.9333 0.4000 1.0000 0.4667
~ 0.0000 0.4667 0.0667 0.5333
P 0.0667 0.4667 0.1333 0.5333
~ 0.1333 0.4667 0.2000 0.5333
C 0.2000 0.4667 0.2667 0.5333
U 0.2667 0.4667 0.3333 0.5333
R 0.3333 0.4667 0.4000 0.5333
I 0.4000 0.4667 0.4667 0.5333
O 0.4667 0.4667 0.5333 0.5333
U 0.5333 0.4667 0.6000 0.5333
~ 0.6000 0.4667 0.6667 0.5333
~ 0.6667 0.4667 0.7333 0.5333
W 0.7333 0.4667 0.8000 0.5333
A 0.8000 0.4667 0.8667 0.5333
E 0.8667 0.4667 0.9333 0.5333
S 0.9333 0.4667 1.0000 0.5333
R 0.0000 0.5333 0.0667 0.6000
A 0.0667 0.5333 0.1333 0.6000
N 0.1333 0.5333 0.2000 0.6000
~ 0.2000 0.5333 0.2667 0.6000
N 0.2667 0.5333 0.3333 0.6000
~ 0.3333 0.5333 0.4000 0.6000
~ 0.4000 0.5333 0.4667 0.6000
~ 0.4667 0.5333 0.5333 0.6000
E 0.5333 0.5333 0.6000 0.6000
T 0.6000 0.5333 0.6667 0.6000
~ 0.6667 0.5333 0.7333 0.6000
~ 0.7333 0.5333 0.8000 0.6000
K 0.8000 0.5333 0.8667 0.6000
~ 0.8667 0.5333 0.9333 0.6000
~ 0.9333 0.5333 1.0000 0.6000
~ 0.0000 0.6000 0.0667 0.6667
R 0.0667 0.6000 0.1333 0.6667
A 0.1333 0.6000 0.2000 0.6667
N 0.2000 0.6000 0.2667 0.6667
G 0.2667 0.6000 0.3333 0.6667
Y 0.3333 0.6000 0.4000 0.6667
~ 0.4000 0.6000 0.4667 0.6667
~ 0.4667 0.6000 0.5333 0.6667
S 0.5333 0.6000 0.6000 0.6667
~ 0.6000 0.6000 0.6667 0.6667
~ 0.6667 0.6000 0.7333 0.6667
~ 0.7333 0.6000 0.8000 0.6667
I 0.8000 0.6000 0.8667 0.6667
~ 0.8667 0.6000 0.9333 0.6667
~ 0.9333 0.6000 1.0000 0.6667
~ 0.0000 0.6667 0.0667 0.7333
E 0.0667 0.6667 0.1333 0.7333
~ 0.1333 0.6667 0.2000 0.7333
~ 0.2000 0.6667 0.2667 0.7333
L 0.2667 0.6667 0.3333 0.7333
E 0.3333 0.6667 0.4000 0.7333
G 0.4000 0.6667 0.4667 0.7333
A 0.4667 0.6667 0.5333 0.7333
T 0.5333 0.6667 0.6000 0.7333
I 0.6000 0.6667 0.6667 0.7333
O 0.6667 0.6667 0.7333 0.7333
N 0.7333 0.6667 0.8000 0.7333
S 0.8000 0.6667 0.8667 0.7333
~ 0.8667 0.6667 0.9333 0.7333
~ 0.9333 0.6667 1.0000 0.7333
~ 0.0000 0.7333 0.0667 0.8000
D 0.0667 0.7333 0.1333 0.8000
~ 0.1333 0.7333 0.2000 0.8000
Y 0.2000 0.7333 0.2667 0.8000
E 0.2667 0.7333 0.3333 0.8000
~ 0.3333 0.7333 0.4000 0.8000
O 0.4000 0.7333 0.4667 0.8000
X 0.4667 0.7333 0.5333 0.8000
~ 0.5333 0.7333 0.6000 0.8000
~ 0.6000 0.7333 0.6667 0.8000
~ 0.6667 0.7333 0.7333 0.8000
~ 0.7333 0.7333 0.8000 0.8000
~ 0.8000 0.7333 0.8667 0.8000
~ 0.8667 0.7333 0.9333 0.8000
~ 0.9333 0.7333 1.0000 0.8000
~ 0.0000 0.8000 0.0667 0.8667
~ 0.0667 0.8000 0.1333 0.8667
~ 0.1333 0.8000 0.2000 0.8667
E 0.2000 0.8000 0.2667 0.8667
~ 0.2667 0.8000 0.3333 0.8667
~ 0.3333 0.8000 0.4000 0.8667
T 0.4000 0.8000 0.4667 0.8667
I 0.4667 0.8000 0.5333 0.8667
~ 0.5333 0.8000 0.6000 0.8667
~ 0.6000 0.8000 0.6667 0.8667
~ 0.6667 0.8000 0.7333 0.8667
~ 0.7333 0.8000 0.8000 0.8667
~ 0.8000 0.8000 0.8667 0.8667
~ 0.8667 0.8000 0.9333 0.8667
~ 0.9333 0.8000 1.0000 0.8667
A 0.0000 0.8667 0.0667 0.9333
B 0.0667 0.8667 0.1333 0.9333
E 0.1333 0.8667 0.2000 0.9333
A 0.2000 0.8667 0.2667 0.9333
M 0.2667 0.8667 0.3333 0.9333
~ 0.3333 0.8667 0.4000 0.9333
~ 0.4000 0.8667 0.4667 0.9333
L 0.4667 0.8667 0.5333 0.9333
O 0.5333 0.8667 0.6000 0.9333
U 0.6000 0.8667 0.6667 0.9333
I 0.6667 0.8667 0.7333 0.9333
E 0.7333 0.8667 0.8000 0.9333
~ 0.8000 0.8667 0.8667 0.9333
F 0.8667 0.8667 0.9333 0.9333
E 0.9333 0.8667 1.0000 0.9333
W 0.0000 0.9333 0.0667 1.0000
I 0.0667 0.9333 0.1333 1.0000
T 0.1333 0.9333 0.2000 1.0000
H 0.2000 0.9333 0.2667 1.0000
~ 0.2667 0.9333 0.3333 1.0000
~ 0.3333 0.9333 0.4000 1.0000
~ 0.4000 0.9333 0.4667 1.0000
S 0.4667 0.9333 0.5333 1.0000
~ 0.5333 0.9333 0.6000 1.0000
~ 0.6000 0.9333 0.6667 1.0000
~ 0.6667 0.9333 0.7333 1.0000
D 0.7333 0.9333 0.8000 1.0000
E 0.8000 0.9333 0.8667 1.0000
A 0.8667 0.9333 0.9333 1.0000
D 0.9333 0.9333 1.0000 1.0000
