~ 0.0000 0.0000 0.0667 0.0667
~ 0.0667 0.0000 0.1333 0.0667
~ 0.1333 0.0000 0.2000 0.0667
~ 0.2000 0.0000 0.2667 0.0667
~ 0.2667 0.0000 0.3333 0.0667
~ 0.3333 0.0000 0.4000 0.0667
~ 0.4000 0.0000 0.4667 0.0667
M 0.4667 0.0000 0.5333 0.0667
I 0.5333 0.0000 0.6000 0.0667
M 0.6000 0.0000 0.6667 0.0667
~ 0.6667 0.0000 0.7333 0.0667
~ 0.7333 0.0000 0.8000 0.0667
~ 0.8000 0.0000 0.8667 0.0667
~ 0.8667 0.0000 0.9333 0.0667
Z 0.9333 0.0000 1.0000 0.0667
~ 0.0000 0.0667 0.0667 0.1333
~ 0.0667 0.0667 0.1333 0.1333
~ 0.1333 0.0667 0.2000 0.1333
~ 0.2000 0.0667 0.2667 0.1333
~ 0.2667 0.0667 0.3333 0.1333
V 0.3333 0.0667 0.4000 0.1333
I 0.4000 0.0667 0.4667 0.1333
A 0.4667 0.0667 0.5333 0.1333
~ 0.5333 0.0667 0.6000 0.1333
U 0.6000 0.0667 0.6667 0.1333
~ 0.6667 0.0667 0.7333 0.1333
B 0.7333 0.0667 0.8000 0.1333
~ 0.8000 0.0667 0.8667 0.1333
K 0.8667 0.0667 0.9333 0.1333
A 0.9333 0.0667 1.0000 0.1333
~ 0.0000 0.1333 0.0667 0.2000
~ 0.0667 0.1333 0.1333 0.2000
~ 0.1333 0.1333 0.2000 0.2000
~ 0.2000 0.1333 0.2667 0.2000
~ 0.2667 0.1333 0.3333 0.2000
~ 0.3333 0.1333 0.4000 0.2000
~ 0.4000 0.1333 0.4667 0.2000
~ 0.4667 0.1333 0.5333 0.2000
~ 0.5333 0.1333 0.6000 0.2000
S 0.6000 0.1333 0.6667 0.2000
~ 0.6667 0.1333 0.7333 0.2000
I 0.7333 0.1333 0.8000 0.2000
~ 0.8000 0.1333 0.8667 0.2000
E 0.8667 0.1333 0.9333 0.2000
~ 0.9333 0.1333 1.0000 0.2000
~ 0.0000 0.2000 0.0667 0.2667
~ 0.0667 0.2000 0.1333 0.2667
~ 0.1333 0.2000 0.2000 0.2667
Q 0.2000 0.2000 0.2667 0.2667
I 0.2667 0.2000 0.3333 0.2667
~ 0.3333 0.2000 0.4000 0.2667
~ 0.4000 0.2000 0.4667 0.2667
E 0.4667 0.2000 0.5333 0.2667
~ 0.5333 0.2000 0.6000 0.2667
T 0.6000 0.2000 0.6667 0.2667
~ 0.6667 0.2000 0.7333 0.2667
T 0.7333 0.2000 0.8000 0.2667
~ 0.8000 0.2000 0.8667 0.2667
E 0.8667 0.2000 0.9333 0.2667
F 0.9333 0.2000 1.0000 0.2667
~ 0.0000 0.2667 0.0667 0.3333
~ 0.0667 0.2667 0.1333 0.3333
~ 0.1333 0.2667 0.2000 0.3333
~ 0.2000 0.2667 0.2667 0.3333
S 0.2667 0.2667 0.3333 0.3333
C 0.3333 0.2667 0.4000 0.3333
O 0.4000 0.2667 0.4667 0.3333
U 0.4667 0.2667 0.5333 0.3333
T 0.5333 0.2667 0.6000 0.3333
E 0.6000 0.2667 0.6667 0.3333
R 0.6667 0.2667 0.7333 0.3333
~ 0.7333 0.2667 0.8000 0.3333
~ 0.8000 0.2667 0.8667 0.3333
P 0.8667 0.2667 0.9333 0.3333
A 0.9333 0.2667 1.0000 0.3333
~ 0.0000 0.3333 0.0667 0.4000
~ 0.0667 0.3333 0.1333 0.4000
~ 0.1333 0.3333 0.2000 0.4000
~ 0.2000 0.3333 0.2667 0.4000
~ 0.2667 0.3333 0.3333 0.4000
~ 0.3333 0.3333 0.4000 0.4000
~ 0.4000 0.3333 0.4667 0.4000
P 0.4667 0.3333 0.5333 0.4000
~ 0.5333 0.3333 0.6000 0.4000
R 0.6000 0.3333 0.6667 0.4000
~ 0.6667 0.3333 0.7333 0.4000
Y 0.7333 0.3333 0.8000 0.4000
~ 0.8000 0.3333 0.8667 0.4000
~ 0.8667 0.3333 0.9333 0.4000
L 0.9333 0.3333 1.0000 0.4000
~ 0.0000 0.4000 0.0667 0.4667
~ 0.0667 0.4000 0.1333 0.4667
~ 0.1333 0.4000 0.2000 0.4667
~ 0.2000 0.4000 0.2667 0.4667
~ 0.2667 0.4000 0.3333 0.4667
~ 0.3333 0.4000 0.4000 0.4667
~ 0.4000 0.4000 0.4667 0.4667
N 0.4667 0.4000 0.5333 0.4667
~ 0.5333 0.4000 0.6000 0.4667
E 0.6000 0.4000 0.6667 0.4667
~ 0.6667 0.4000 0.7333 0.4667
~ 0.7333 0.4000 0.8000 0.4667
~ 0.8000 0.4000 0.8667 0.4667
~ 0.8667 0.4000 0.9333 0.4667
L 0.9333 0.4000 1.0000 0.4667
~ 0.0000 0.4667 0.0667 0.5333
~ 0.0667 0.4667 0.1333 0.5333
~ 0.1333 0.4667 0.2000 0.5333
~ 0.2000 0.4667 0.2667 0.5333
~ 0.2667 0.4667 0.3333 0.5333
W 0.3333 0.4667 0.4000 0.5333
O 0.4000 0.4667 0.4667 0.5333
O 0.4667 0.4667 0.5333 0.5333
~ 0.5333 0.4667 0.6000 0.5333
D 0.6000 0.4667 0.6667 0.5333
R 0.6667 0.4667 0.7333 0.5333
E 0.7333 0.4667 0.8000 0.5333
D 0.8000 0.4667 0.8667 0.5333
G 0.8667 0.4667 0.9333 0.5333
E 0.9333 0.4667 1.0000 0.5333
~ 0.0000 0.5333 0.0667 0.6000
~ 0.0667 0.5333 0.1333 0.6000
~ 0.1333 0.5333 0.2000 0.6000
~ 0.2000 0.5333 0.2667 0.6000
~ 0.2667 0.5333 0.3333 0.6000
H 0.3333 0.5333 0.4000 0.6000
~ 0.4000 0.5333 0.4667 0.6000
~ 0.4667 0.5333 0.5333 0.6000
~ 0.5333 0.5333 0.6000 0.6000
~ 0.6000 0.5333 0.6667 0.6000
~ 0.6667 0.5333 0.7333 0.6000
~ 0.7333 0.5333 0.8000 0.6000
~ 0.8000 0.5333 0.8667 0.6000
I 0.8667 0.5333 0.9333 0.6000
N 0.9333 0.5333 1.0000 0.6000
~ 0.0000 0.6000 0.0667 0.6667
C 0.0667 0.6000 0.1333 0.6667
~ 0.1333 0.6000 0.2000 0.6667
~ 0.2000 0.6000 0.2667 0.6667
O 0.2667 0.6000 0.3333 0.6667
I 0.3333 0.6000 0.4000 0.6667
~ 0.4000 0.6000 0.4667 0.6667
A 0.4667 0.6000 0.5333 0.6667
G 0.5333 0.6000 0.6000 0.6667
I 0.6000 0.6000 0.6667 0.6667
N 0.6667 0.6000 0.7333 0.6667
~ 0.7333 0.6000 0.8000 0.6667
~ 0.8000 0.6000 0.8667 0.6667
B 0.8667 0.6000 0.9333 0.6667
~ 0.9333 0.6000 1.0000 0.6667
~ 0.0000 0.6667 0.0667 0.7333
A 0.0667 0.6667 0.1333 0.7333
~ 0.1333 0.6667 0.2000 0.7333
J 0.2000 0.6667 0.2667 0.7333
E 0.2667 0.6667 0.3333 0.7333
T 0.3333 0.6667 0.4000 0.7333
~ 0.4000 0.6667 0.4667 0.7333
L 0.4667 0.6667 0.5333 0.7333
O 0.5333 0.6667 0.6000 0.7333
~ 0.6000 0.6667 0.6667 0.7333
~ 0.6667 0.6667 0.7333 0.7333
V 0.7333 0.6667 0.8000 0.7333
~ 0.8000 0.6667 0.8667 0.7333
~ 0.8667 0.6667 0.9333 0.7333
~ 0.9333 0.6667 1.0000 0.7333
~ 0.0000 0.7333 0.0667 0.8000
R 0.0667 0.7333 0.1333 0.8000
~ 0.1333 0.7333 0.2000 0.8000
A 0.2000 0.7333 0.2667 0.8000
~ 0.2667 0.7333 0.3333 0.8000
~ 0.3333 0.7333 0.4000 0.8000
R 0.4000 0.7333 0.4667 0.8000
~ 0.4667 0.7333 0.5333 0.8000
T 0.5333 0.7333 0.6000 0.8000
~ 0.6000 0.7333 0.6667 0.8000
T 0.6667 0.7333 0.7333 0.8000
O 0.7333 0.7333 0.8000 0.8000
D 0.8000 0.7333 0.8667 0.8000
~ 0.8667 0.7333 0.9333 0.8000
~ 0.9333 0.7333 1.0000 0.8000
~ 0.0000 0.8000 0.0667 0.8667
E 0.0667 0.8000 0.1333 0.8667
~ 0.1333 0.8000 0.2000 0.8667
W 0.2000 0.8000 0.2667 0.8667
~ 0.2667 0.8000 0.3333 0.8667
~ 0.3333 0.8000 0.4000 0.8667
U 0.4000 0.8000 0.4667 0.8667
~ 0.4667 0.8000 0.5333 0.8667
H 0.5333 0.8000 0.6000 0.8667
O 0.6000 0.8000 0.6667 0.8667
A 0.6667 0.8000 0.7333 0.8667
X 0.7333 0.8000 0.8000 0.8667
E 0.8000 0.8000 0.8667 0.8667
D 0.8667 0.8000 0.9333 0.8667
~ 0.9333 0.8000 1.0000 0.8667
~ 0.0000 0.8667 0.0667 0.9333
E 0.0667 0.8667 0.1333 0.9333
O 0.1333 0.8667 0.2000 0.9333
S 0.2000 0.8667 0.2667 0.9333
I 0.2667 0.8667 0.3333 0.9333
N 0.3333 0.8667 0.4000 0.9333
E 0.4000 0.8667 0.4667 0.9333
S 0.4667 0.8667 0.5333 0.9333
~ 0.5333 0.8667 0.6000 0.9333
~ 0.6000 0.8667 0.6667 0.9333
L 0.6667 0.8667 0.7333 0.9333
~ 0.7333 0.8667 0.8000 0.9333
~ 0.8000 0.8667 0.8667 0.9333
~ 0.8667 0.8667 0.9333 0.9333
~ 0.9333 0.8667 1.0000 0.9333
F 0.0000 0.9333 0.0667 1.0000
R 0.0667 0.9333 0.1333 1.0000
Y 0.1333 0.9333 0.2000 1.0000
~ 0.2000 0.9333 0.2667 1.0000
~ 0.2667 0.9333 0.3333 1.0000
~ 0.3333 0.9333 0.4000 1.0000
~ 0.4000 0.9333 0.4667 1.0000
I 0.4667 0.9333 0.5333 1.0000
G 0.5333 0.9333 0.6000 1.0000
U 0.6000 0.9333 0.6667 1.0000
A 0.6667 0.9333 0.7333 1.0000
N 0.7333 0.9333 0.8000 1.0000
A 0.8000 0.9333 0.8667 1.0000
~ 0.8667 0.9333 0.9333 1.0000
~ 0.9333 0.9333 1.0000 1.0000
