~ 0.0000 0.0000 0.0667 0.0667
~ 0.0667 0.0000 0.1333 0.0667
~ 0.1333 0.0000 0.2000 0.0667
~ 0.2000 0.0000 0.2667 0.0667
~ 0.2667 0.0000 0.3333 0.0667
~ 0.3333 0.0000 0.4000 0.0667
~ 0.4000 0.0000 0.4667 0.0667
Y 0.4667 0.0000 0.5333 0.0667
~ 0.5333 0.0000 0.6000 0.0667
~ 0.6000 0.0000 0.6667 0.0667
~ 0.6667 0.0000 0.7333 0.0667
~ 0.7333 0.0000 0.8000 0.0667
~ 0.8000 0.0000 0.8667 0.0667
~ 0.8667 0.0000 0.9333 0.0667
~ 0.9333 0.0000 1.0000 0.0667
~ 0.0000 0.0667 0.0667 0.1333
~ 0.0667 0.0667 0.1333 0.1333
~ 0.1333 0.0667 0.2000 0.1333
~ 0.2000 0.0667 0.2667 0.1333
~ 0.2667 0.0667 0.3333 0.1333
Z 0.3333 0.0667 0.4000 0.1333
O 0.4000 0.0667 0.4667 0.1333
O 0.4667 0.0667 0.5333 0.1333
N 0.5333 0.0667 0.6000 0.1333
~ 0.6000 0.0667 0.6667 0.1333
~ 0.6667 0.0667 0.7333 0.1333
~ 0.7333 0.0667 0.8000 0.1333
~ 0.8000 0.0667 0.8667 0.1333
~ 0.8667 0.0667 0.9333 0.1333
~ 0.9333 0.0667 1.0000 0.1333
~ 0.0000 0.1333 0.0667 0.2000
~ 0.0667 0.1333 0.1333 0.2000
~ 0.1333 0.1333 0.2000 0.2000
~ 0.2000 0.1333 0.2667 0.2000
~ 0.2667 0.1333 0.3333 0.2000
~ 0.3333 0.1333 0.4000 0.2000
~ 0.4000 0.1333 0.4667 0.2000
D 0.4667 0.1333 0.5333 0.2000
A 0.5333 0.1333 0.6000 0.2000
N 0.6000 0.1333 0.6667 0.2000
G 0.6667 0.1333 0.7333 0.2000
L 0.7333 0.1333 0.8000 0.2000
E 0.8000 0.1333 0.8667 0.2000
~ 0.8667 0.1333 0.9333 0.2000
~ 0.9333 0.1333 1.0000 0.2000
~ 0.0000 0.2000 0.0667 0.2667
~ 0.0667 0.2000 0.1333 0.2667
~ 0.1333 0.2000 0.2000 0.2667
C 0.2000 0.2000 0.2667 0.2667
~ 0.2667 0.2000 0.3333 0.2667
~ 0.3333 0.2000 0.4000 0.2667
A 0.4000 0.2000 0.4667 0.2667
~ 0.4667 0.2000 0.5333 0.2667
E 0.5333 0.2000 0.6000 0.2667
U 0.6000 0.2000 0.6667 0.2667
R 0.6667 0.2000 0.7333 0.2667
O 0.7333 0.2000 0.8000 0.2667
~ 0.8000 0.2000 0.8667 0.2667
~ 0.8667 0.2000 0.9333 0.2667
~ 0.9333 0.2000 1.0000 0.2667
~ 0.0000 0.2667 0.0667 0.3333
~ 0.0667 0.2667 0.1333 0.3333
C 0.1333 0.2667 0.2000 0.3333
A 0.2000 0.2667 0.2667 0.3333
R 0.2667 0.2667 0.3333 0.3333
R 0.3333 0.2667 0.4000 0.3333
Y 0.4000 0.2667 0.4667 0.3333
~ 0.4667 0.2667 0.5333 0.3333
~ 0.5333 0.2667 0.6000 0.3333
~ 0.6000 0.2667 0.6667 0.3333
A 0.6667 0.2667 0.7333 0.3333
~ 0.7333 0.2667 0.8000 0.3333
Q 0.8000 0.2667 0.8667 0.3333
I 0.8667 0.2667 0.9333 0.3333
~ 0.9333 0.2667 1.0000 0.3333
~ 0.0000 0.3333 0.0667 0.4000
~ 0.0667 0.3333 0.1333 0.4000
~ 0.1333 0.3333 0.2000 0.4000
V 0.2000 0.3333 0.2667 0.4000
~ 0.2667 0.3333 0.3333 0.4000
~ 0.3333 0.3333 0.4000 0.4000
~ 0.4000 0.3333 0.4667 0.4000
~ 0.4667 0.3333 0.5333 0.4000
~ 0.5333 0.3333 0.6000 0.4000
~ 0.6000 0.3333 0.6667 0.4000
V 0.6667 0.3333 0.7333 0.4000
~ 0.7333 0.3333 0.8000 0.4000
I 0.8000 0.3333 0.8667 0.4000
F 0.8667 0.3333 0.9333 0.4000
~ 0.9333 0.3333 1.0000 0.4000
~ 0.0000 0.4000 0.0667 0.4667
~ 0.0667 0.4000 0.1333 0.4667
~ 0.1333 0.4000 0.2000 0.4667
E 0.2000 0.4000 0.2667 0.4667
R 0.2667 0.4000 0.3333 0.4667
~ 0.3333 0.4000 0.4000 0.4667
T 0.4000 0.4000 0.4667 0.4667
E 0.4667 0.4000 0.5333 0.4667
T 0.5333 0.4000 0.6000 0.4667
H 0.6000 0.4000 0.6667 0.4667
E 0.6667 0.4000 0.7333 0.4667
~ 0.7333 0.4000 0.8000 0.4667
S 0.8000 0.4000 0.8667 0.4667
~ 0.8667 0.4000 0.9333 0.4667
~ 0.9333 0.4000 1.0000 0.4667
~ 0.0000 0.4667 0.0667 0.5333
~ 0.0667 0.4667 0.1333 0.5333
~ 0.1333 0.4667 0.2000 0.5333
D 0.2000 0.4667 0.2667 0.5333
E 0.2667 0.4667 0.3333 0.5333
N 0.3333 0.4667 0.4000 0.5333
A 0.4000 0.4667 0.4667 0.5333
R 0.4667 0.4667 0.5333 0.5333
I 0.5333 0.4667 0.6000 0.5333
I 0.6000 0.4667 0.6667 0.5333
~ 0.6667 0.4667 0.7333 0.5333
~ 0.7333 0.4667 0.8000 0.5333
~ 0.8000 0.4667 0.8667 0.5333
~ 0.8667 0.4667 0.9333 0.5333
~ 0.9333 0.4667 1.0000 0.5333
~ 0.0000 0.5333 0.0667 0.6000
~ 0.0667 0.5333 0.1333 0.6000
~ 0.1333 0.5333 0.2000 0.6000
~ 0.2000 0.5333 0.2667 0.6000
J 0.2667 0.5333 0.3333 0.6000
~ 0.3333 0.5333 0.4000 0.6000
~ 0.4000 0.5333 0.4667 0.6000
E 0.4667 0.5333 0.5333 0.6000
S 0.5333 0.5333 0.6000 0.6000
T 0.6000 0.5333 0.6667 0.6000
R 0.6667 0.5333 0.7333 0.6000
U 0.7333 0.5333 0.8000 0.6000
S 0.8000 0.5333 0.8667 0.6000
~ 0.8667 0.5333 0.9333 0.6000
~ 0.9333 0.5333 1.0000 0.6000
~ 0.0000 0.6000 0.0667 0.6667
~ 0.0667 0.6000 0.1333 0.6667
~ 0.1333 0.6000 0.2000 0.6667
~ 0.2000 0.6000 0.2667 0.6667
O 0.2667 0.6000 0.3333 0.6667
~ 0.3333 0.6000 0.4000 0.6667
~ 0.4000 0.6000 0.4667 0.6667
~ 0.4667 0.6000 0.5333 0.6667
~ 0.5333 0.6000 0.6000 0.6667
~ 0.6000 0.6000 0.6667 0.6667
~ 0.6667 0.6000 0.7333 0.6667
~ 0.7333 0.6000 0.8000 0.6667
E 0.8000 0.6000 0.8667 0.6667
X 0.8667 0.6000 0.9333 0.6667
~ 0.9333 0.6000 1.0000 0.6667
~ 0.0000 0.6667 0.0667 0.7333
T 0.0667 0.6667 0.1333 0.7333
~ 0.1333 0.6667 0.2000 0.7333
M 0.2000 0.6667 0.2667 0.7333
I 0.2667 0.6667 0.3333 0.7333
~ 0.3333 0.6667 0.4000 0.7333
G 0.4000 0.6667 0.4667 0.7333
~ 0.4667 0.6667 0.5333 0.7333
~ 0.5333 0.6667 0.6000 0.7333
~ 0.6000 0.6667 0.6667 0.7333
B 0.6667 0.6667 0.7333 0.7333
~ 0.7333 0.6667 0.8000 0.7333
P 0.8000 0.6667 0.8667 0.7333
I 0.8667 0.6667 0.9333 0.7333
~ 0.9333 0.6667 1.0000 0.7333
K 0.0000 0.7333 0.0667 0.8000
I 0.0667 0.7333 0.1333 0.8000
~ 0.1333 0.7333 0.2000 0.8000
A 0.2000 0.7333 0.2667 0.8000
N 0.2667 0.7333 0.3333 0.8000
T 0.3333 0.7333 0.4000 0.8000
I 0.4000 0.7333 0.4667 0.8000
~ 0.4667 0.7333 0.5333 0.8000
~ 0.5333 0.7333 0.6000 0.8000
~ 0.6000 0.7333 0.6667 0.8000
A 0.6667 0.7333 0.7333 0.8000
H 0.7333 0.7333 0.8000 0.8000
A 0.8000 0.7333 0.8667 0.8000
~ 0.8667 0.7333 0.9333 0.8000
~ 0.9333 0.7333 1.0000 0.8000
N 0.0000 0.8000 0.0667 0.8667
~ 0.0667 0.8000 0.1333 0.8667
F 0.1333 0.8000 0.2000 0.8667
U 0.2000 0.8000 0.2667 0.8667
S 0.2667 0.8000 0.3333 0.8667
E 0.3333 0.8000 0.4000 0.8667
D 0.4000 0.8000 0.4667 0.8667
~ 0.4667 0.8000 0.5333 0.8667
~ 0.5333 0.8000 0.6000 0.8667
~ 0.6000 0.8000 0.6667 0.8667
B 0.6667 0.8000 0.7333 0.8667
E 0.7333 0.8000 0.8000 0.8667
L 0.8000 0.8000 0.8667 0.8667
~ 0.8667 0.8000 0.9333 0.8667
~ 0.9333 0.8000 1.0000 0.8667
O 0.0000 0.8667 0.0667 0.9333
W 0.0667 0.8667 0.1333 0.9333
~ 0.1333 0.8667 0.2000 0.9333
N 0.2000 0.8667 0.2667 0.9333
~ 0.2667 0.8667 0.3333 0.9333
E 0.3333 0.8667 0.4000 0.9333
~ 0.4000 0.8667 0.4667 0.9333
~ 0.4667 0.8667 0.5333 0.9333
~ 0.5333 0.8667 0.6000 0.9333
T 0.6000 0.8667 0.6667 0.9333
E 0.6667 0.8667 0.7333 0.9333
L 0.7333 0.8667 0.8000 0.9333
~ 0.8000 0.8667 0.8667 0.9333
M 0.8667 0.8667 0.9333 0.9333
A 0.9333 0.8667 1.0000 0.9333
W 0.0000 0.9333 0.0667 1.0000
O 0.0667 0.9333 0.1333 1.0000
O 0.1333 0.9333 0.2000 1.0000
D 0.2000 0.9333 0.2667 1.0000
~ 0.2667 0.9333 0.3333 1.0000
~ 0.3333 0.9333 0.4000 1.0000
~ 0.4000 0.9333 0.4667 1.0000
~ 0.4667 0.9333 0.5333 1.0000
~ 0.5333 0.9333 0.6000 1.0000
O 0.6000 0.9333 0.6667 1.0000
~ 0.6667 0.9333 0.7333 1.0000
P 0.7333 0.9333 0.8000 1.0000
L 0.8000 0.9333 0.8667 1.0000
U 0.8667 0.9333 0.9333 1.0000
G 0.9333 0.9333 1.0000 1.0000
