~ 0.0000 0.0000 0.0667 0.0667
~ 0.0667 0.0000 0.1333 0.0667
~ 0.1333 0.0000 0.2000 0.0667
~ 0.2000 0.0000 0.2667 0.0667
~ 0.2667 0.0000 0.3333 0.0667
N 0.3333 0.0000 0.4000 0.0667
E 0.4000 0.0000 0.4667 0.0667
E 0.4667 0.0000 0.5333 0.0667
D 0.5333 0.0000 0.6000 0.0667
I 0.6000 0.0000 0.6667 0.0667
N 0.6667 0.0000 0.7333 0.0667
G 0.7333 0.0000 0.8000 0.0667
~ 0.8000 0.0000 0.8667 0.0667
R 0.8667 0.0000 0.9333 0.0667
~ 0.9333 0.0000 1.0000 0.0667
S 0.0000 0.0667 0.0667 0.1333
N 0.0667 0.0667 0.1333 0.1333
O 0.1333 0.0667 0.2000 0.1333
O 0.2000 0.0667 0.2667 0.1333
P 0.2667 0.0667 0.3333 0.1333
E 0.3333 0.0667 0.4000 0.1333
R 0.4000 0.0667 0.4667 0.1333
~ 0.4667 0.0667 0.5333 0.1333
~ 0.5333 0.0667 0.6000 0.1333
~ 0.6000 0.0667 0.6667 0.1333
~ 0.6667 0.0667 0.7333 0.1333
U 0.7333 0.0667 0.8000 0.1333
M 0.8000 0.0667 0.8667 0.1333
U 0.8667 0.0667 0.9333 0.1333
~ 0.9333 0.0667 1.0000 0.1333
~ 0.0000 0.1333 0.0667 0.2000
~ 0.0667 0.1333 0.1333 0.2000
~ 0.1333 0.1333 0.2000 0.2000
~ 0.2000 0.1333 0.2667 0.2000
~ 0.2667 0.1333 0.3333 0.2000
~ 0.3333 0.1333 0.4000 0.2000
~ 0.4000 0.1333 0.4667 0.2000
~ 0.4667 0.1333 0.5333 0.2000
~ 0.5333 0.1333 0.6000 0.2000
~ 0.6000 0.1333 0.6667 0.2000
~ 0.6667 0.1333 0.7333 0.2000
T 0.7333 0.1333 0.8000 0.2000
E 0.8000 0.1333 0.8667 0.2000
C 0.8667 0.1333 0.9333 0.2000
~ 0.9333 0.1333 1.0000 0.2000
~ 0.0000 0.2000 0.0667 0.2667
~ 0.0667 0.2000 0.1333 0.2667
~ 0.1333 0.2000 0.2000 0.2667
~ 0.2000 0.2000 0.2667 0.2667
J 0.2667 0.2000 0.3333 0.2667
U 0.3333 0.2000 0.4000 0.2667
G 0.4000 0.2000 0.4667 0.2667
~ 0.4667 0.2000 0.5333 0.2667
~ 0.5333 0.2000 0.6000 0.2667
~ 0.6000 0.2000 0.6667 0.2667
~ 0.6667 0.2000 0.7333 0.2667
S 0.7333 0.2000 0.8000 0.2667
T 0.8000 0.2000 0.8667 0.2667
~ 0.8667 0.2000 0.9333 0.2667
~ 0.9333 0.2000 1.0000 0.2667
~ 0.0000 0.2667 0.0667 0.3333
~ 0.0667 0.2667 0.1333 0.3333
R 0.1333 0.2667 0.2000 0.3333
~ 0.2000 0.2667 0.2667 0.3333
E 0.2667 0.2667 0.3333 0.3333
~ 0.3333 0.2667 0.4000 0.3333
~ 0.4000 0.2667 0.4667 0.3333
~ 0.4667 0.2667 0.5333 0.3333
~ 0.5333 0.2667 0.6000 0.3333
~ 0.6000 0.2667 0.6667 0.3333
~ 0.6667 0.2667 0.7333 0.3333
Y 0.7333 0.2667 0.8000 0.3333
O 0.8000 0.2667 0.8667 0.3333
B 0.8667 0.2667 0.9333 0.3333
~ 0.9333 0.2667 1.0000 0.3333
~ 0.0000 0.3333 0.0667 0.4000
~ 0.0667 0.3333 0.1333 0.4000
A 0.1333 0.3333 0.2000 0.4000
~ 0.2000 0.3333 0.2667 0.4000
F 0.2667 0.3333 0.3333 0.4000
~ 0.3333 0.3333 0.4000 0.4000
~ 0.4000 0.3333 0.4667 0.4000
~ 0.4667 0.3333 0.5333 0.4000
~ 0.5333 0.3333 0.6000 0.4000
Q 0.6000 0.3333 0.6667 0.4000
~ 0.6667 0.3333 0.7333 0.4000
~ 0.7333 0.3333 0.8000 0.4000
P 0.8000 0.3333 0.8667 0.4000
A 0.8667 0.3333 0.9333 0.4000
C 0.9333 0.3333 1.0000 0.4000
~ 0.0000 0.4000 0.0667 0.4667
~ 0.0667 0.4000 0.1333 0.4667
Z 0.1333 0.4000 0.2000 0.4667
~ 0.2000 0.4000 0.2667 0.4667
F 0.2667 0.4000 0.3333 0.4667
I 0.3333 0.4000 0.4000 0.4667
V 0.4000 0.4000 0.4667 0.4667
E 0.4667 0.4000 0.5333 0.4667
~ 0.5333 0.4000 0.6000 0.4667
U 0.6000 0.4000 0.6667 0.4667
~ 0.6667 0.4000 0.7333 0.4667
~ 0.7333 0.4000 0.8000 0.4667
E 0.8000 0.4000 0.8667 0.4667
L 0.8667 0.4000 0.9333 0.4667
L 0.9333 0.4000 1.0000 0.4667
~ 0.0000 0.4667 0.0667 0.5333
T 0.0667 0.4667 0.1333 0.5333
I 0.1333 0.4667 0.2000 0.5333
D 0.2000 0.4667 0.2667 0.5333
~ 0.2667 0.4667 0.3333 0.5333
S 0.3333 0.4667 0.4000 0.5333
E 0.4000 0.4667 0.4667 0.5333
A 0.4667 0.4667 0.5333 0.5333
B 0.5333 0.4667 0.6000 0.5333
A 0.6000 0.4667 0.6667 0.5333
N 0.6667 0.4667 0.7333 0.5333
K 0.7333 0.4667 0.8000 0.5333
S 0.8000 0.4667 0.8667 0.5333
~ 0.8667 0.4667 0.9333 0.5333
O 0.9333 0.4667 1.0000 0.5333
~ 0.0000 0.5333 0.0667 0.6000
~ 0.0667 0.5333 0.1333 0.6000
E 0.1333 0.5333 0.2000 0.6000
~ 0.2000 0.5333 0.2667 0.6000
V 0.2667 0.5333 0.3333 0.6000
O 0.3333 0.5333 0.4000 0.6000
X 0.4000 0.5333 0.4667 0.6000
~ 0.4667 0.5333 0.5333 0.6000
~ 0.5333 0.5333 0.6000 0.6000
R 0.6000 0.5333 0.6667 0.6000
~ 0.6667 0.5333 0.7333 0.6000
~ 0.7333 0.5333 0.8000 0.6000
~ 0.8000 0.5333 0.8667 0.6000
~ 0.8667 0.5333 0.9333 0.6000
D 0.9333 0.5333 1.0000 0.6000
~ 0.0000 0.6000 0.0667 0.6667
~ 0.0667 0.6000 0.1333 0.6667
R 0.1333 0.6000 0.2000 0.6667
A 0.2000 0.6000 0.2667 0.6667
I 0.2667 0.6000 0.3333 0.6667
~ 0.3333 0.6000 0.4000 0.6667
T 0.4000 0.6000 0.4667 0.6667
I 0.4667 0.6000 0.5333 0.6667
L 0.5333 0.6000 0.6000 0.6667
T 0.6000 0.6000 0.6667 0.6667
H 0.6667 0.6000 0.7333 0.6667
~ 0.7333 0.6000 0.8000 0.6667
~ 0.8000 0.6000 0.8667 0.6667
~ 0.8667 0.6000 0.9333 0.6667
~ 0.9333 0.6000 1.0000 0.6667
~ 0.0000 0.6667 0.0667 0.7333
~ 0.0667 0.6667 0.1333 0.7333
~ 0.1333 0.6667 0.2000 0.7333
W 0.2000 0.6667 0.2667 0.7333
E 0.2667 0.6667 0.3333 0.7333
~ 0.3333 0.6667 0.4000 0.7333
~ 0.4000 0.6667 0.4667 0.7333
~ 0.4667 0.6667 0.5333 0.7333
~ 0.5333 0.6667 0.6000 0.7333
O 0.6000 0.6667 0.6667 0.7333
~ 0.6667 0.6667 0.7333 0.7333
~ 0.7333 0.6667 0.8000 0.7333
~ 0.8000 0.6667 0.8667 0.7333
~ 0.8667 0.6667 0.9333 0.7333
~ 0.9333 0.6667 1.0000 0.7333
~ 0.0000 0.7333 0.0667 0.8000
~ 0.0667 0.7333 0.1333 0.8000
N 0.1333 0.7333 0.2000 0.8000
A 0.2000 0.7333 0.2667 0.8000
W 0.2667 0.7333 0.3333 0.8000
~ 0.3333 0.7333 0.4000 0.8000
A 0.4000 0.7333 0.4667 0.8000
R 0.4667 0.7333 0.5333 0.8000
I 0.5333 0.7333 0.6000 0.8000
~ 0.6000 0.7333 0.6667 0.8000
T 0.6667 0.7333 0.7333 0.8000
A 0.7333 0.7333 0.8000 0.8000
E 0.8000 0.7333 0.8667 0.8000
~ 0.8667 0.7333 0.9333 0.8000
~ 0.9333 0.7333 1.0000 0.8000
~ 0.0000 0.8000 0.0667 0.8667
~ 0.0667 0.8000 0.1333 0.8667
I 0.1333 0.8000 0.2000 0.8667
~ 0.2000 0.8000 0.2667 0.8667
Y 0.2667 0.8000 0.3333 0.8667
~ 0.3333 0.8000 0.4000 0.8667
I 0.4000 0.8000 0.4667 0.8667
~ 0.4667 0.8000 0.5333 0.8667
~ 0.5333 0.8000 0.6000 0.8667
~ 0.6000 0.8000 0.6667 0.8667
O 0.6667 0.8000 0.7333 0.8667
H 0.7333 0.8000 0.8000 0.8667
M 0.8000 0.8000 0.8667 0.8667
~ 0.8667 0.8000 0.9333 0.8667
~ 0.9333 0.8000 1.0000 0.8667
~ 0.0000 0.8667 0.0667 0.9333
~ 0.0667 0.8667 0.1333 0.9333
D 0.1333 0.8667 0.2000 0.9333
~ 0.2000 0.8667 0.2667 0.9333
~ 0.2667 0.8667 0.3333 0.9333
~ 0.3333 0.8667 0.4000 0.9333
~ 0.4000 0.8667 0.4667 0.9333
~ 0.4667 0.8667 0.5333 0.9333
~ 0.5333 0.8667 0.6000 0.9333
~ 0.6000 0.8667 0.6667 0.9333
~ 0.6667 0.8667 0.7333 0.9333
~ 0.7333 0.8667 0.8000 0.9333
~ 0.8000 0.8667 0.8667 0.9333
~ 0.8667 0.8667 0.9333 0.9333
~ 0.9333 0.8667 1.0000 0.9333
G 0.0000 0.9333 0.0667 1.0000
O 0.0667 0.9333 0.1333 1.0000
E 0.1333 0.9333 0.2000 1.0000
L 0.2000 0.9333 0.2667 1.0000
~ 0.2667 0.9333 0.3333 1.0000
~ 0.3333 0.9333 0.4000 1.0000
~ 0.4000 0.9333 0.4667 1.0000
~ 0.4667 0.9333 0.5333 1.0000
~ 0.5333 0.9333 0.6000 1.0000
~ 0.6000 0.9333 0.6667 1.0000
~ 0.6667 0.9333 0.7333 1.0000
~ 0.7333 0.9333 0.8000 1.0000
~ 0.8000 0.9333 0.8667 1.0000
~ 0.8667 0.9333 0.9333 1.0000
~ 0.9333 0.9333 1.0000 1.0000
