~ 0.0000 0.0000 0.0667 0.0667
~ 0.0667 0.0000 0.1333 0.0667
~ 0.1333 0.0000 0.2000 0.0667
~ 0.2000 0.0000 0.2667 0.0667
G 0.2667 0.0000 0.3333 0.0667
E 0.3333 0.0000 0.4000 0.0667
O 0.4000 0.0000 0.4667 0.0667
D 0.4667 0.0000 0.5333 0.0667
E 0.5333 0.0000 0.6000 0.0667
~ 0.6000 0.0000 0.6667 0.0667
~ 0.6667 0.0000 0.7333 0.0667
~ 0.7333 0.0000 0.8000 0.0667
~ 0.8000 0.0000 0.8667 0.0667
~ 0.8667 0.0000 0.9333 0.0667
~ 0.9333 0.0000 1.0000 0.0667
A 0.0000 0.0667 0.0667 0.1333
W 0.0667 0.0667 0.1333 0.1333
~ 0.1333 0.0667 0.2000 0.1333
~ 0.2000 0.0667 0.2667 0.1333
U 0.2667 0.0667 0.3333 0.1333
~ 0.3333 0.0667 0.4000 0.1333
I 0.4000 0.0667 0.4667 0.1333
~ 0.4667 0.0667 0.5333 0.1333
D 0.5333 0.0667 0.6000 0.1333
I 0.6000 0.0667 0.6667 0.1333
G 0.6667 0.0667 0.7333 0.1333
~ 0.7333 0.0667 0.8000 0.1333
R 0.8000 0.0667 0.8667 0.1333
~ 0.8667 0.0667 0.9333 0.1333
~ 0.9333 0.0667 1.0000 0.1333
N 0.0000 0.1333 0.0667 0.2000
A 0.0667 0.1333 0.1333 0.2000
P 0.1333 0.1333 0.2000 0.2000
~ 0.2000 0.1333 0.2667 0.2000
I 0.2667 0.1333 0.3333 0.2000
~ 0.3333 0.1333 0.4000 0.2000
~ 0.4000 0.1333 0.4667 0.2000
~ 0.4667 0.1333 0.5333 0.2000
~ 0.5333 0.1333 0.6000 0.2000
~ 0.6000 0.1333 0.6667 0.2000
~ 0.6667 0.1333 0.7333 0.2000
~ 0.7333 0.1333 0.8000 0.2000
O 0.8000 0.1333 0.8667 0.2000
~ 0.8667 0.1333 0.9333 0.2000
~ 0.9333 0.1333 1.0000 0.2000
S 0.0000 0.2000 0.0667 0.2667
I 0.0667 0.2000 0.1333 0.2667
~ 0.1333 0.2000 0.2000 0.2667
~ 0.2000 0.2000 0.2667 0.2667
D 0.2667 0.2000 0.3333 0.2667
I 0.3333 0.2000 0.4000 0.2667
T 0.4000 0.2000 0.4667 0.2667
T 0.4667 0.2000 0.5333 0.2667
Y 0.5333 0.2000 0.6000 0.2667
~ 0.6000 0.2000 0.6667 0.2667
N 0.6667 0.2000 0.7333 0.2667
I 0.7333 0.2000 0.8000 0.2667
T 0.8000 0.2000 0.8667 0.2667
~ 0.8667 0.2000 0.9333 0.2667
~ 0.9333 0.2000 1.0000 0.2667
E 0.0000 0.2667 0.0667 0.3333
T 0.0667 0.2667 0.1333 0.3333
~ 0.1333 0.2667 0.2000 0.3333
~ 0.2000 0.2667 0.2667 0.3333
E 0.2667 0.2667 0.3333 0.3333
~ 0.3333 0.2667 0.4000 0.3333
~ 0.4000 0.2667 0.4667 0.3333
~ 0.4667 0.2667 0.5333 0.3333
E 0.5333 0.2667 0.6000 0.3333
M 0.6000 0.2667 0.6667 0.3333
U 0.6667 0.2667 0.7333 0.3333
~ 0.7333 0.2667 0.8000 0.3333
~ 0.8000 0.2667 0.8667 0.3333
~ 0.8667 0.2667 0.9333 0.3333
~ 0.9333 0.2667 1.0000 0.3333
R 0.0000 0.3333 0.0667 0.4000
~ 0.0667 0.3333 0.1333 0.4000
A 0.1333 0.3333 0.2000 0.4000
~ 0.2000 0.3333 0.2667 0.4000
~ 0.2667 0.3333 0.3333 0.4000
~ 0.3333 0.3333 0.4000 0.4000
Z 0.4000 0.3333 0.4667 0.4000
O 0.4667 0.3333 0.5333 0.4000
N 0.5333 0.3333 0.6000 0.4000
A 0.6000 0.3333 0.6667 0.4000
~ 0.6667 0.3333 0.7333 0.4000
~ 0.7333 0.3333 0.8000 0.4000
~ 0.8000 0.3333 0.8667 0.4000
~ 0.8667 0.3333 0.9333 0.4000
~ 0.9333 0.3333 1.0000 0.4000
I 0.0000 0.4000 0.0667 0.4667
~ 0.0667 0.4000 0.1333 0.4667
B 0.1333 0.4000 0.2000 0.4667
L 0.2000 0.4000 0.2667 0.4667
A 0.2667 0.4000 0.3333 0.4667
R 0.3333 0.4000 0.4000 0.4667
E 0.4000 0.4000 0.4667 0.4667
~ 0.4667 0.4000 0.5333 0.4667
~ 0.5333 0.4000 0.6000 0.4667
~ 0.6000 0.4000 0.6667 0.4667
C 0.6667 0.4000 0.7333 0.4667
~ 0.7333 0.4000 0.8000 0.4667
~ 0.8000 0.4000 0.8667 0.4667
~ 0.8667 0.4000 0.9333 0.4667
~ 0.9333 0.4000 1.0000 0.4667
N 0.0000 0.4667 0.0667 0.5333
O 0.0667 0.4667 0.1333 0.5333
O 0.1333 0.4667 0.2000 0.5333
~ 0.2000 0.4667 0.2667 0.5333
~ 0.2667 0.4667 0.3333 0.5333
~ 0.3333 0.4667 0.4000 0.5333
D 0.4000 0.4667 0.4667 0.5333
U 0.4667 0.4667 0.5333 0.5333
M 0.5333 0.4667 0.6000 0.5333
B 0.6000 0.4667 0.6667 0.5333
~ 0.6667 0.4667 0.7333 0.5333
~ 0.7333 0.4667 0.8000 0.5333
~ 0.8000 0.4667 0.8667 0.5333
~ 0.8667 0.4667 0.9333 0.5333
~ 0.9333 0.4667 1.0000 0.5333
E 0.0000 0.5333 0.0667 0.6000
~ 0.0667 0.5333 0.1333 0.6000
~ 0.1333 0.5333 0.2000 0.6000
~ 0.2000 0.5333 0.2667 0.6000
~ 0.2667 0.5333 0.3333 0.6000
~ 0.3333 0.5333 0.4000 0.6000
~ 0.4000 0.5333 0.4667 0.6000
~ 0.4667 0.5333 0.5333 0.6000
~ 0.5333 0.5333 0.6000 0.6000
~ 0.6000 0.5333 0.6667 0.6000
R 0.6667 0.5333 0.7333 0.6000
~ 0.7333 0.5333 0.8000 0.6000
~ 0.8000 0.5333 0.8667 0.6000
~ 0.8667 0.5333 0.9333 0.6000
~ 0.9333 0.5333 1.0000 0.6000
~ 0.0000 0.6000 0.0667 0.6667
~ 0.0667 0.6000 0.1333 0.6667
~ 0.1333 0.6000 0.2000 0.6667
~ 0.2000 0.6000 0.2667 0.6667
~ 0.2667 0.6000 0.3333 0.6667
J 0.3333 0.6000 0.4000 0.6667
~ 0.4000 0.6000 0.4667 0.6667
~ 0.4667 0.6000 0.5333 0.6667
~ 0.5333 0.6000 0.6000 0.6667
~ 0.6000 0.6000 0.6667 0.6667
N 0.6667 0.6000 0.7333 0.6667
~ 0.7333 0.6000 0.8000 0.6667
~ 0.8000 0.6000 0.8667 0.6667
~ 0.8667 0.6000 0.9333 0.6667
~ 0.9333 0.6000 1.0000 0.6667
~ 0.0000 0.6667 0.0667 0.7333
~ 0.0667 0.6667 0.1333 0.7333
~ 0.1333 0.6667 0.2000 0.7333
~ 0.2000 0.6667 0.2667 0.7333
~ 0.2667 0.6667 0.3333 0.7333
A 0.3333 0.6667 0.4000 0.7333
~ 0.4000 0.6667 0.4667 0.7333
~ 0.4667 0.6667 0.5333 0.7333
~ 0.5333 0.6667 0.6000 0.7333
Q 0.6000 0.6667 0.6667 0.7333
I 0.6667 0.6667 0.7333 0.7333
~ 0.7333 0.6667 0.8000 0.7333
~ 0.8000 0.6667 0.8667 0.7333
~ 0.8667 0.6667 0.9333 0.7333
~ 0.9333 0.6667 1.0000 0.7333
R 0.0000 0.7333 0.0667 0.8000
~ 0.0667 0.7333 0.1333 0.8000
L 0.1333 0.7333 0.2000 0.8000
~ 0.2000 0.7333 0.2667 0.8000
F 0.2667 0.7333 0.3333 0.8000
R 0.3333 0.7333 0.4000 0.8000
O 0.4000 0.7333 0.4667 0.8000
S 0.4667 0.7333 0.5333 0.8000
T 0.5333 0.7333 0.6000 0.8000
I 0.6000 0.7333 0.6667 0.8000
N 0.6667 0.7333 0.7333 0.8000
G 0.7333 0.7333 0.8000 0.8000
S 0.8000 0.7333 0.8667 0.8000
~ 0.8667 0.7333 0.9333 0.8000
L 0.9333 0.7333 1.0000 0.8000
~ 0.0000 0.8000 0.0667 0.8667
~ 0.0667 0.8000 0.1333 0.8667
A 0.1333 0.8000 0.2000 0.8667
W 0.2000 0.8000 0.2667 0.8667
A 0.2667 0.8000 0.3333 0.8667
~ 0.3333 0.8000 0.4000 0.8667
~ 0.4000 0.8000 0.4667 0.8667
E 0.4667 0.8000 0.5333 0.8667
~ 0.5333 0.8000 0.6000 0.8667
~ 0.6000 0.8000 0.6667 0.8667
~ 0.6667 0.8000 0.7333 0.8667
~ 0.7333 0.8000 0.8000 0.8667
U 0.8000 0.8000 0.8667 0.8667
S 0.8667 0.8000 0.9333 0.8667
E 0.9333 0.8000 1.0000 0.8667
~ 0.0000 0.8667 0.0667 0.9333
~ 0.0667 0.8667 0.1333 0.9333
V 0.1333 0.8667 0.2000 0.9333
~ 0.2000 0.8667 0.2667 0.9333
~ 0.2667 0.8667 0.3333 0.9333
C 0.3333 0.8667 0.4000 0.9333
H 0.4000 0.8667 0.4667 0.9333
E 0.4667 0.8667 0.5333 0.9333
V 0.5333 0.8667 0.6000 0.9333
Y 0.6000 0.8667 0.6667 0.9333
~ 0.6667 0.8667 0.7333 0.9333
~ 0.7333 0.8667 0.8000 0.9333
P 0.8000 0.8667 0.8667 0.9333
A 0.8667 0.8667 0.9333 0.9333
T 0.9333 0.8667 1.0000 0.9333
F 0.0000 0.9333 0.0667 1.0000
L 0.0667 0.9333 0.1333 1.0000
E 0.1333 0.9333 0.2000 1.0000
E 0.2000 0.9333 0.2667 1.0000
~ 0.2667 0.9333 0.3333 1.0000
~ 0.3333 0.9333 0.4000 1.0000
~ 0.4000 0.9333 0.4667 1.0000
K 0.4667 0.9333 0.5333 1.0000
~ 0.5333 0.9333 0.6000 1.0000
O 0.6000 0.9333 0.6667 1.0000
O 0.6667 0.9333 0.7333 1.0000
H 0.7333 0.9333 0.8000 1.0000
~ 0.8000 0.9333 0.8667 1.0000
X 0.8667 0.9333 0.9333 1.0000
~ 0.9333 0.9333 1.0000 1.0000
