~ 0.0000 0.0000 0.0667 0.0667
~ 0.0667 0.0000 0.1333 0.0667
~ 0.1333 0.0000 0.2000 0.0667
M 0.2000 0.0000 0.2667 0.0667
O 0.2667 0.0000 0.3333 0.0667
U 0.3333 0.0000 0.4000 0.0667
S 0.4000 0.0000 0.4667 0.0667
E 0.4667 0.0000 0.5333 0.0667
Y 0.5333 0.0000 0.6000 0.0667
~ 0.6000 0.0000 0.6667 0.0667
~ 0.6667 0.0000 0.7333 0.0667
~ 0.7333 0.0000 0.8000 0.0667
~ 0.8000 0.0000 0.8667 0.0667
~ 0.8667 0.0000 0.9333 0.0667
~ 0.9333 0.0000 1.0000 0.0667
~ 0.0000 0.0667 0.0667 0.1333
~ 0.0667 0.0667 0.1333 0.1333
~ 0.1333 0.0667 0.2000 0.1333
~ 0.2000 0.0667 0.2667 0.1333
~ 0.2667 0.0667 0.3333 0.1333
~ 0.3333 0.0667 0.4000 0.1333
~ 0.4000 0.0667 0.4667 0.1333
~ 0.4667 0.0667 0.5333 0.1333
I 0.5333 0.0667 0.6000 0.1333
~ 0.6000 0.0667 0.6667 0.1333
~ 0.6667 0.0667 0.7333 0.1333
~ 0.7333 0.0667 0.8000 0.1333
~ 0.8000 0.0667 0.8667 0.1333
~ 0.8667 0.0667 0.9333 0.1333
~ 0.9333 0.0667 1.0000 0.1333
~ 0.0000 0.1333 0.0667 0.2000
B 0.0667 0.1333 0.1333 0.2000
A 0.1333 0.1333 0.2000 0.2000
L 0.2000 0.1333 0.2667 0.2000
E 0.2667 0.1333 0.3333 0.2000
D 0.3333 0.1333 0.4000 0.2000
~ 0.4000 0.1333 0.4667 0.2000
~ 0.4667 0.1333 0.5333 0.2000
D 0.5333 0.1333 0.6000 0.2000
U 0.6000 0.1333 0.6667 0.2000
C 0.6667 0.1333 0.7333 0.2000
A 0.7333 0.1333 0.8000 0.2000
L 0.8000 0.1333 0.8667 0.2000
~ 0.8667 0.1333 0.9333 0.2000
G 0.9333 0.1333 1.0000 0.2000
~ 0.0000 0.2000 0.0667 0.2667
~ 0.0667 0.2000 0.1333 0.2667
W 0.1333 0.2000 0.2000 0.2667
~ 0.2000 0.2000 0.2667 0.2667
Q 0.2667 0.2000 0.3333 0.2667
I 0.3333 0.2000 0.4000 0.2667
~ 0.4000 0.2000 0.4667 0.2667
~ 0.4667 0.2000 0.5333 0.2667
~ 0.5333 0.2000 0.6000 0.2667
~ 0.6000 0.2000 0.6667 0.2667
~ 0.6667 0.2000 0.7333 0.2667
V 0.7333 0.2000 0.8000 0.2667
~ 0.8000 0.2000 0.8667 0.2667
~ 0.8667 0.2000 0.9333 0.2667
I 0.9333 0.2000 1.0000 0.2667
~ 0.0000 0.2667 0.0667 0.3333
A 0.0667 0.2667 0.1333 0.3333
A 0.1333 0.2667 0.2000 0.3333
~ 0.2000 0.2667 0.2667 0.3333
U 0.2667 0.2667 0.3333 0.3333
P 0.3333 0.2667 0.4000 0.3333
~ 0.4000 0.2667 0.4667 0.3333
~ 0.4667 0.2667 0.5333 0.3333
~ 0.5333 0.2667 0.6000 0.3333
~ 0.6000 0.2667 0.6667 0.3333
N 0.6667 0.2667 0.7333 0.3333
O 0.7333 0.2667 0.8000 0.3333
R 0.8000 0.2667 0.8667 0.3333
~ 0.8667 0.2667 0.9333 0.3333
R 0.9333 0.2667 1.0000 0.3333
~ 0.0000 0.3333 0.0667 0.4000
X 0.0667 0.3333 0.1333 0.4000
I 0.1333 0.3333 0.2000 0.4000
~ 0.2000 0.3333 0.2667 0.4000
A 0.2667 0.3333 0.3333 0.4000
~ 0.3333 0.3333 0.4000 0.4000
~ 0.4000 0.3333 0.4667 0.4000
F 0.4667 0.3333 0.5333 0.4000
E 0.5333 0.3333 0.6000 0.4000
Z 0.6000 0.3333 0.6667 0.4000
~ 0.6667 0.3333 0.7333 0.4000
U 0.7333 0.3333 0.8000 0.4000
~ 0.8000 0.3333 0.8667 0.4000
G 0.8667 0.3333 0.9333 0.4000
O 0.9333 0.3333 1.0000 0.4000
~ 0.0000 0.4000 0.0667 0.4667
~ 0.0667 0.4000 0.1333 0.4667
T 0.1333 0.4000 0.2000 0.4667
~ 0.2000 0.4000 0.2667 0.4667
L 0.2667 0.4000 0.3333 0.4667
E 0.3333 0.4000 0.4000 0.4667
K 0.4000 0.4000 0.4667 0.4667
E 0.4667 0.4000 0.5333 0.4667
~ 0.5333 0.4000 0.6000 0.4667
~ 0.6000 0.4000 0.6667 0.4667
~ 0.6667 0.4000 0.7333 0.4667
C 0.7333 0.4000 0.8000 0.4667
~ 0.8000 0.4000 0.8667 0.4667
R 0.8667 0.4000 0.9333 0.4667
~ 0.9333 0.4000 1.0000 0.4667
N 0.0000 0.4667 0.0667 0.5333
I 0.0667 0.4667 0.1333 0.5333
E 0.1333 0.4667 0.2000 0.5333
F 0.2000 0.4667 0.2667 0.5333
S 0.2667 0.4667 0.3333 0.5333
~ 0.3333 0.4667 0.4000 0.5333
~ 0.4000 0.4667 0.4667 0.5333
T 0.4667 0.4667 0.5333 0.5333
O 0.5333 0.4667 0.6000 0.5333
O 0.6000 0.4667 0.6667 0.5333
T 0.6667 0.4667 0.7333 0.5333
H 0.7333 0.4667 0.8000 0.5333
~ 0.8000 0.4667 0.8667 0.5333
E 0.8667 0.4667 0.9333 0.5333
~ 0.9333 0.4667 1.0000 0.5333
~ 0.0000 0.5333 0.0667 0.6000
~ 0.0667 0.5333 0.1333 0.6000
R 0.1333 0.5333 0.2000 0.6000
~ 0.2000 0.5333 0.2667 0.6000
~ 0.2667 0.5333 0.3333 0.6000
~ 0.3333 0.5333 0.4000 0.6000
J 0.4000 0.5333 0.4667 0.6000
A 0.4667 0.5333 0.5333 0.6000
P 0.5333 0.5333 0.6000 0.6000
E 0.6000 0.5333 0.6667 0.6000
~ 0.6667 0.5333 0.7333 0.6000
~ 0.7333 0.5333 0.8000 0.6000
D 0.8000 0.5333 0.8667 0.6000
E 0.8667 0.5333 0.9333 0.6000
T 0.9333 0.5333 1.0000 0.6000
~ 0.0000 0.6000 0.0667 0.6667
~ 0.0667 0.6000 0.1333 0.6667
S 0.1333 0.6000 0.2000 0.6667
~ 0.2000 0.6000 0.2667 0.6667
~ 0.2667 0.6000 0.3333 0.6667
B 0.3333 0.6000 0.4000 0.6667
O 0.4000 0.6000 0.4667 0.6667
~ 0.4667 0.6000 0.5333 0.6667
~ 0.5333 0.6000 0.6000 0.6667
~ 0.6000 0.6000 0.6667 0.6667
~ 0.6667 0.6000 0.7333 0.6667
~ 0.7333 0.6000 0.8000 0.6667
I 0.8000 0.6000 0.8667 0.6667
D 0.8667 0.6000 0.9333 0.6667
N 0.9333 0.6000 1.0000 0.6667
~ 0.0000 0.6667 0.0667 0.7333
~ 0.0667 0.6667 0.1333 0.7333
~ 0.1333 0.6667 0.2000 0.7333
~ 0.2000 0.6667 0.2667 0.7333
M 0.2667 0.6667 0.3333 0.7333
E 0.3333 0.6667 0.4000 0.7333
T 0.4000 0.6667 0.4667 0.7333
~ 0.4667 0.6667 0.5333 0.7333
H 0.5333 0.6667 0.6000 0.7333
A 0.6000 0.6667 0.6667 0.7333
V 0.6667 0.6667 0.7333 0.7333
E 0.7333 0.6667 0.8000 0.7333
N 0.8000 0.6667 0.8667 0.7333
~ 0.8667 0.6667 0.9333 0.7333
~ 0.9333 0.6667 1.0000 0.7333
~ 0.0000 0.7333 0.0667 0.8000
~ 0.0667 0.7333 0.1333 0.8000
~ 0.1333 0.7333 0.2000 0.8000
~ 0.2000 0.7333 0.2667 0.8000
O 0.2667 0.7333 0.3333 0.8000
T 0.3333 0.7333 0.4000 0.8000
A 0.4000 0.7333 0.4667 0.8000
L 0.4667 0.7333 0.5333 0.8000
~ 0.5333 0.7333 0.6000 0.8000
R 0.6000 0.7333 0.6667 0.8000
~ 0.6667 0.7333 0.7333 0.8000
~ 0.7333 0.7333 0.8000 0.8000
I 0.8000 0.7333 0.8667 0.8000
~ 0.8667 0.7333 0.9333 0.8000
~ 0.9333 0.7333 1.0000 0.8000
~ 0.0000 0.8000 0.0667 0.8667
~ 0.0667 0.8000 0.1333 0.8667
Y 0.1333 0.8000 0.2000 0.8667
A 0.2000 0.8000 0.2667 0.8667
W 0.2667 0.8000 0.3333 0.8667
~ 0.3333 0.8000 0.4000 0.8667
~ 0.4000 0.8000 0.4667 0.8667
~ 0.4667 0.8000 0.5333 0.8667
~ 0.5333 0.8000 0.6000 0.8667
~ 0.6000 0.8000 0.6667 0.8667
~ 0.6667 0.8000 0.7333 0.8667
~ 0.7333 0.8000 0.8000 0.8667
N 0.8000 0.8000 0.8667 0.8667
~ 0.8667 0.8000 0.9333 0.8667
~ 0.9333 0.8000 1.0000 0.8667
~ 0.0000 0.8667 0.0667 0.9333
~ 0.0667 0.8667 0.1333 0.9333
~ 0.1333 0.8667 0.2000 0.9333
~ 0.2000 0.8667 0.2667 0.9333
N 0.2667 0.8667 0.3333 0.9333
O 0.3333 0.8667 0.4000 0.9333
I 0.4000 0.8667 0.4667 0.9333
S 0.4667 0.8667 0.5333 0.9333
I 0.5333 0.8667 0.6000 0.9333
E 0.6000 0.8667 0.6667 0.9333
R 0.6667 0.8667 0.7333 0.9333
~ 0.7333 0.8667 0.8000 0.9333
G 0.8000 0.8667 0.8667 0.9333
~ 0.8667 0.8667 0.9333 0.9333
~ 0.9333 0.8667 1.0000 0.9333
~ 0.0000 0.9333 0.0667 1.0000
~ 0.0667 0.9333 0.1333 1.0000
~ 0.1333 0.9333 0.2000 1.0000
~ 0.2000 0.9333 0.2667 1.0000
~ 0.2667 0.9333 0.3333 1.0000
~ 0.3333 0.9333 0.4000 1.0000
~ 0.4000 0.9333 0.4667 1.0000
~ 0.4667 0.9333 0.5333 1.0000
~ 0.5333 0.9333 0.6000 1.0000
~ 0.6000 0.9333 0.6667 1.0000
~ 0.6667 0.9333 0.7333 1.0000
~ 0.7333 0.9333 0.8000 1.0000
~ 0.8000 0.9333 0.8667 1.0000
~ 0.8667 0.9333 0.9333 1.0000
~ 0.9333 0.9333 1.0000 1.0000
