T 0.0000 0.0000 0.0667 0.0667
W 0.0667 0.0000 0.1333 0.0667
E 0.1333 0.0000 0.2000 0.0667
E 0.2000 0.0000 0.2667 0.0667
N 0.2667 0.0000 0.3333 0.0667
~ 0.3333 0.0000 0.4000 0.0667
~ 0.4000 0.0000 0.4667 0.0667
B 0.4667 0.0000 0.5333 0.0667
L 0.5333 0.0000 0.6000 0.0667
U 0.6000 0.0000 0.6667 0.0667
~ 0.6667 0.0000 0.7333 0.0667
F 0.7333 0.0000 0.8000 0.0667
~ 0.8000 0.0000 0.8667 0.0667
~ 0.8667 0.0000 0.9333 0.0667
V 0.9333 0.0000 1.0000 0.0667
~ 0.0000 0.0667 0.0667 0.1333
~ 0.0667 0.0667 0.1333 0.1333
~ 0.1333 0.0667 0.2000 0.1333
S 0.2000 0.0667 0.2667 0.1333
A 0.2667 0.0667 0.3333 0.1333
V 0.3333 0.0667 0.4000 0.1333
O 0.4000 0.0667 0.4667 0.1333
Y 0.4667 0.0667 0.5333 0.1333
~ 0.5333 0.0667 0.6000 0.1333
~ 0.6000 0.0667 0.6667 0.1333
~ 0.6667 0.0667 0.7333 0.1333
A 0.7333 0.0667 0.8000 0.1333
S 0.8000 0.0667 0.8667 0.1333
C 0.8667 0.0667 0.9333 0.1333
I 0.9333 0.0667 1.0000 0.1333
~ 0.0000 0.1333 0.0667 0.2000
~ 0.0667 0.1333 0.1333 0.2000
~ 0.1333 0.1333 0.2000 0.2000
~ 0.2000 0.1333 0.2667 0.2000
~ 0.2667 0.1333 0.3333 0.2000
~ 0.3333 0.1333 0.4000 0.2000
~ 0.4000 0.1333 0.4667 0.2000
~ 0.4667 0.1333 0.5333 0.2000
~ 0.5333 0.1333 0.6000 0.2000
~ 0.6000 0.1333 0.6667 0.2000
~ 0.6667 0.1333 0.7333 0.2000
~ 0.7333 0.1333 0.8000 0.2000
H 0.8000 0.1333 0.8667 0.2000
O 0.8667 0.1333 0.9333 0.2000
D 0.9333 0.1333 1.0000 0.2000
~ 0.0000 0.2000 0.0667 0.2667
~ 0.0667 0.2000 0.1333 0.2667
~ 0.1333 0.2000 0.2000 0.2667
~ 0.2000 0.2000 0.2667 0.2667
~ 0.2667 0.2000 0.3333 0.2667
~ 0.3333 0.2000 0.4000 0.2667
~ 0.4000 0.2000 0.4667 0.2667
~ 0.4667 0.2000 0.5333 0.2667
~ 0.5333 0.2000 0.6000 0.2667
~ 0.6000 0.2000 0.6667 0.2667
~ 0.6667 0.2000 0.7333 0.2667
C 0.7333 0.2000 0.8000 0.2667
O 0.8000 0.2000 0.8667 0.2667
X 0.8667 0.2000 0.9333 0.2667
~ 0.9333 0.2000 1.0000 0.2667
~ 0.0000 0.2667 0.0667 0.3333
~ 0.0667 0.2667 0.1333 0.3333
~ 0.1333 0.2667 0.2000 0.3333
~ 0.2000 0.2667 0.2667 0.3333
~ 0.2667 0.2667 0.3333 0.3333
~ 0.3333 0.2667 0.4000 0.3333
~ 0.4000 0.2667 0.4667 0.3333
~ 0.4667 0.2667 0.5333 0.3333
~ 0.5333 0.2667 0.6000 0.3333
~ 0.6000 0.2667 0.6667 0.3333
M 0.6667 0.2667 0.7333 0.3333
A 0.7333 0.2667 0.8000 0.3333
N 0.8000 0.2667 0.8667 0.3333
E 0.8667 0.2667 0.9333 0.3333
~ 0.9333 0.2667 1.0000 0.3333
~ 0.0000 0.3333 0.0667 0.4000
~ 0.0667 0.3333 0.1333 0.4000
~ 0.1333 0.3333 0.2000 0.4000
~ 0.2000 0.3333 0.2667 0.4000
~ 0.2667 0.3333 0.3333 0.4000
~ 0.3333 0.3333 0.4000 0.4000
~ 0.4000 0.3333 0.4667 0.4000
~ 0.4667 0.3333 0.5333 0.4000
~ 0.5333 0.3333 0.6000 0.4000
J 0.6000 0.3333 0.6667 0.4000
A 0.6667 0.3333 0.7333 0.4000
D 0.7333 0.3333 0.8000 0.4000
E 0.8000 0.3333 0.8667 0.4000
D 0.8667 0.3333 0.9333 0.4000
~ 0.9333 0.3333 1.0000 0.4000
~ 0.0000 0.4000 0.0667 0.4667
~ 0.0667 0.4000 0.1333 0.4667
~ 0.1333 0.4000 0.2000 0.4667
~ 0.2000 0.4000 0.2667 0.4667
~ 0.2667 0.4000 0.3333 0.4667
~ 0.3333 0.4000 0.4000 0.4667
~ 0.4000 0.4000 0.4667 0.4667
O 0.4667 0.4000 0.5333 0.4667
~ 0.5333 0.4000 0.6000 0.4667
O 0.6000 0.4000 0.6667 0.4667
~ 0.6667 0.4000 0.7333 0.4667
G 0.7333 0.4000 0.8000 0.4667
~ 0.8000 0.4000 0.8667 0.4667
~ 0.8667 0.4000 0.9333 0.4667
D 0.9333 0.4000 1.0000 0.4667
~ 0.0000 0.4667 0.0667 0.5333
~ 0.0667 0.4667 0.1333 0.5333
~ 0.1333 0.4667 0.2000 0.5333
~ 0.2000 0.4667 0.2667 0.5333
~ 0.2667 0.4667 0.3333 0.5333
~ 0.3333 0.4667 0.4000 0.5333
P 0.4000 0.4667 0.4667 0.5333
O 0.4667 0.4667 0.5333 0.5333
P 0.5333 0.4667 0.6000 0.5333
E 0.6000 0.4667 0.6667 0.5333
~ 0.6667 0.4667 0.7333 0.5333
E 0.7333 0.4667 0.8000 0.5333
~ 0.8000 0.4667 0.8667 0.5333
~ 0.8667 0.4667 0.9333 0.5333
U 0.9333 0.4667 1.0000 0.5333
~ 0.0000 0.5333 0.0667 0.6000
~ 0.0667 0.5333 0.1333 0.6000
~ 0.1333 0.5333 0.2000 0.6000
~ 0.2000 0.5333 0.2667 0.6000
Q 0.2667 0.5333 0.3333 0.6000
U 0.3333 0.5333 0.4000 0.6000
A 0.4000 0.5333 0.4667 0.6000
R 0.4667 0.5333 0.5333 0.6000
E 0.5333 0.5333 0.6000 0.6000
~ 0.6000 0.5333 0.6667 0.6000
~ 0.6667 0.5333 0.7333 0.6000
R 0.7333 0.5333 0.8000 0.6000
U 0.8000 0.5333 0.8667 0.6000
I 0.8667 0.5333 0.9333 0.6000
N 0.9333 0.5333 1.0000 0.6000
~ 0.0000 0.6000 0.0667 0.6667
~ 0.0667 0.6000 0.1333 0.6667
K 0.1333 0.6000 0.2000 0.6667
O 0.2000 0.6000 0.2667 0.6667
I 0.2667 0.6000 0.3333 0.6667
~ 0.3333 0.6000 0.4000 0.6667
T 0.4000 0.6000 0.4667 0.6667
I 0.4667 0.6000 0.5333 0.6667
L 0.5333 0.6000 0.6000 0.6667
E 0.6000 0.6000 0.6667 0.6667
~ 0.6667 0.6000 0.7333 0.6667
~ 0.7333 0.6000 0.8000 0.6667
~ 0.8000 0.6000 0.8667 0.6667
~ 0.8667 0.6000 0.9333 0.6667
N 0.9333 0.6000 1.0000 0.6667
~ 0.0000 0.6667 0.0667 0.7333
B 0.0667 0.6667 0.1333 0.7333
A 0.1333 0.6667 0.2000 0.7333
R 0.2000 0.6667 0.2667 0.7333
S 0.2667 0.6667 0.3333 0.7333
~ 0.3333 0.6667 0.4000 0.7333
H 0.4000 0.6667 0.4667 0.7333
E 0.4667 0.6667 0.5333 0.7333
F 0.5333 0.6667 0.6000 0.7333
T 0.6000 0.6667 0.6667 0.7333
Y 0.6667 0.6667 0.7333 0.7333
~ 0.7333 0.6667 0.8000 0.7333
~ 0.8000 0.6667 0.8667 0.7333
~ 0.8667 0.6667 0.9333 0.7333
E 0.9333 0.6667 1.0000 0.7333
W 0.0000 0.7333 0.0667 0.8000
I 0.0667 0.7333 0.1333 0.8000
R 0.1333 0.7333 0.2000 0.8000
E 0.2000 0.7333 0.2667 0.8000
~ 0.2667 0.7333 0.3333 0.8000
N 0.3333 0.7333 0.4000 0.8000
~ 0.4000 0.7333 0.4667 0.8000
~ 0.4667 0.7333 0.5333 0.8000
~ 0.5333 0.7333 0.6000 0.8000
~ 0.6000 0.7333 0.6667 0.8000
A 0.6667 0.7333 0.7333 0.8000
G 0.7333 0.7333 0.8000 0.8000
I 0.8000 0.7333 0.8667 0.8000
O 0.8667 0.7333 0.9333 0.8000
S 0.9333 0.7333 1.0000 0.8000
A 0.0000 0.8000 0.0667 0.8667
L 0.0667 0.8000 0.1333 0.8667
T 0.1333 0.8000 0.2000 0.8667
~ 0.2000 0.8000 0.2667 0.8667
~ 0.2667 0.8000 0.3333 0.8667
A 0.3333 0.8000 0.4000 0.8667
R 0.4000 0.8000 0.4667 0.8667
L 0.4667 0.8000 0.5333 0.8667
I 0.5333 0.8000 0.6000 0.8667
N 0.6000 0.8000 0.6667 0.8667
G 0.6667 0.8000 0.7333 0.8667
~ 0.7333 0.8000 0.8000 0.8667
~ 0.8000 0.8000 0.8667 0.8667
T 0.8667 0.8000 0.9333 0.8667
T 0.9333 0.8000 1.0000 0.8667
R 0.0000 0.8667 0.0667 0.9333
E 0.0667 0.8667 0.1333 0.9333
~ 0.1333 0.8667 0.2000 0.9333
~ 0.2000 0.8667 0.2667 0.9333
~ 0.2667 0.8667 0.3333 0.9333
Z 0.3333 0.8667 0.4000 0.9333
~ 0.4000 0.8667 0.4667 0.9333
~ 0.4667 0.8667 0.5333 0.9333
~ 0.5333 0.8667 0.6000 0.9333
~ 0.6000 0.8667 0.6667 0.9333
~ 0.6667 0.8667 0.7333 0.9333
~ 0.7333 0.8667 0.8000 0.9333
~ 0.8000 0.8667 0.8667 0.9333
~ 0.8667 0.8667 0.9333 0.9333
~ 0.9333 0.8667 1.0000 0.9333
T 0.0000 0.9333 0.0667 1.0000
~ 0.0667 0.9333 0.1333 1.0000
~ 0.1333 0.9333 0.2000 1.0000
~ 0.2000 0.9333 0.2667 1.0000
~ 0.2667 0.9333 0.3333 1.0000
I 0.3333 0.9333 0.4000 1.0000
~ 0.4000 0.9333 0.4667 1.0000
~ 0.4667 0.9333 0.5333 1.0000
~ 0.5333 0.9333 0.6000 1.0000
~ 0.6000 0.9333 0.6667 1.0000
~ 0.6667 0.9333 0.7333 1.0000
~ 0.7333 0.9333 0.8000 1.0000
~ 0.8000 0.9333 0.8667 1.0000
~ 0.8667 0.9333 0.9333 1.0000
~ 0.9333 0.9333 1.0000 1.0000
