~ 0.0000 0.0000 0.0667 0.0667
~ 0.0667 0.0000 0.1333 0.0667
~ 0.1333 0.0000 0.2000 0.0667
G 0.2000 0.0000 0.2667 0.0667
~ 0.2667 0.0000 0.3333 0.0667
~ 0.3333 0.0000 0.4000 0.0667
P 0.4000 0.0000 0.4667 0.0667
I 0.4667 0.0000 0.5333 0.0667
T 0.5333 0.0000 0.6000 0.0667
~ 0.6000 0.0000 0.6667 0.0667
A 0.6667 0.0000 0.7333 0.0667
G 0.7333 0.0000 0.8000 0.0667
E 0.8000 0.0000 0.8667 0.0667
N 0.8667 0.0000 0.9333 0.0667
T 0.9333 0.0000 1.0000 0.0667
~ 0.0000 0.0667 0.0667 0.1333
~ 0.0667 0.0667 0.1333 0.1333
~ 0.1333 0.0667 0.2000 0.1333
E 0.2000 0.0667 0.2667 0.1333
~ 0.2667 0.0667 0.3333 0.1333
V 0.3333 0.0667 0.4000 0.1333
I 0.4000 0.0667 0.4667 0.1333
N 0.4667 0.0667 0.5333 0.1333
I 0.5333 0.0667 0.6000 0.1333
F 0.6000 0.0667 0.6667 0.1333
Y 0.6667 0.0667 0.7333 0.1333
~ 0.7333 0.0667 0.8000 0.1333
~ 0.8000 0.0667 0.8667 0.1333
~ 0.8667 0.0667 0.9333 0.1333
~ 0.9333 0.0667 1.0000 0.1333
~ 0.0000 0.1333 0.0667 0.2000
~ 0.0667 0.1333 0.1333 0.2000
~ 0.1333 0.1333 0.2000 0.2000
N 0.2000 0.1333 0.2667 0.2000
~ 0.2667 0.1333 0.3333 0.2000
~ 0.3333 0.1333 0.4000 0.2000
~ 0.4000 0.1333 0.4667 0.2000
~ 0.4667 0.1333 0.5333 0.2000
~ 0.5333 0.1333 0.6000 0.2000
U 0.6000 0.1333 0.6667 0.2000
~ 0.6667 0.1333 0.7333 0.2000
~ 0.7333 0.1333 0.8000 0.2000
K 0.8000 0.1333 0.8667 0.2000
~ 0.8667 0.1333 0.9333 0.2000
~ 0.9333 0.1333 1.0000 0.2000
F 0.0000 0.2000 0.0667 0.2667
~ 0.0667 0.2000 0.1333 0.2667
~ 0.1333 0.2000 0.2000 0.2667
O 0.2000 0.2000 0.2667 0.2667
~ 0.2667 0.2000 0.3333 0.2667
~ 0.3333 0.2000 0.4000 0.2667
~ 0.4000 0.2000 0.4667 0.2667
C 0.4667 0.2000 0.5333 0.2667
~ 0.5333 0.2000 0.6000 0.2667
N 0.6000 0.2000 0.6667 0.2667
~ 0.6667 0.2000 0.7333 0.2667
~ 0.7333 0.2000 0.8000 0.2667
U 0.8000 0.2000 0.8667 0.2667
I 0.8667 0.2000 0.9333 0.2667
Z 0.9333 0.2000 1.0000 0.2667
R 0.0000 0.2667 0.0667 0.3333
~ 0.0667 0.2667 0.1333 0.3333
H 0.1333 0.2667 0.2000 0.3333
A 0.2000 0.2667 0.2667 0.3333
E 0.2667 0.2667 0.3333 0.3333
~ 0.3333 0.2667 0.4000 0.3333
Q 0.4000 0.2667 0.4667 0.3333
A 0.4667 0.2667 0.5333 0.3333
I 0.5333 0.2667 0.6000 0.3333
D 0.6000 0.2667 0.6667 0.3333
S 0.6667 0.2667 0.7333 0.3333
~ 0.7333 0.2667 0.8000 0.3333
D 0.8000 0.2667 0.8667 0.3333
~ 0.8667 0.2667 0.9333 0.3333
~ 0.9333 0.2667 1.0000 0.3333
A 0.0000 0.3333 0.0667 0.4000
~ 0.0667 0.3333 0.1333 0.4000
U 0.1333 0.3333 0.2000 0.4000
~ 0.2000 0.3333 0.2667 0.4000
N 0.2667 0.3333 0.3333 0.4000
~ 0.3333 0.3333 0.4000 0.4000
~ 0.4000 0.3333 0.4667 0.4000
B 0.4667 0.3333 0.5333 0.4000
~ 0.5333 0.3333 0.6000 0.4000
~ 0.6000 0.3333 0.6667 0.4000
L 0.6667 0.3333 0.7333 0.4000
~ 0.7333 0.3333 0.8000 0.4000
O 0.8000 0.3333 0.8667 0.4000
~ 0.8667 0.3333 0.9333 0.4000
~ 0.9333 0.3333 1.0000 0.4000
M 0.0000 0.4000 0.0667 0.4667
A 0.0667 0.4000 0.1333 0.4667
T 0.1333 0.4000 0.2000 0.4667
~ 0.2000 0.4000 0.2667 0.4667
J 0.2667 0.4000 0.3333 0.4667
~ 0.3333 0.4000 0.4000 0.4667
B 0.4000 0.4000 0.4667 0.4667
E 0.4667 0.4000 0.5333 0.4667
L 0.5333 0.4000 0.6000 0.4667
~ 0.6000 0.4000 0.6667 0.4667
O 0.6667 0.4000 0.7333 0.4667
P 0.7333 0.4000 0.8000 0.4667
S 0.8000 0.4000 0.8667 0.4667
~ 0.8667 0.4000 0.9333 0.4667
~ 0.9333 0.4000 1.0000 0.4667
E 0.0000 0.4667 0.0667 0.5333
R 0.0667 0.4667 0.1333 0.5333
~ 0.1333 0.4667 0.2000 0.5333
C 0.2000 0.4667 0.2667 0.5333
O 0.2667 0.4667 0.3333 0.5333
M 0.3333 0.4667 0.4000 0.5333
E 0.4000 0.4667 0.4667 0.5333
R 0.4667 0.4667 0.5333 0.5333
~ 0.5333 0.4667 0.6000 0.5333
~ 0.6000 0.4667 0.6667 0.5333
W 0.6667 0.4667 0.7333 0.5333
E 0.7333 0.4667 0.8000 0.5333
~ 0.8000 0.4667 0.8667 0.5333
~ 0.8667 0.4667 0.9333 0.5333
~ 0.9333 0.4667 1.0000 0.5333
~ 0.0000 0.5333 0.0667 0.6000
T 0.0667 0.5333 0.1333 0.6000
~ 0.1333 0.5333 0.2000 0.6000
O 0.2000 0.5333 0.2667 0.6000
Y 0.2667 0.5333 0.3333 0.6000
~ 0.3333 0.5333 0.4000 0.6000
~ 0.4000 0.5333 0.4667 0.6000
~ 0.4667 0.5333 0.5333 0.6000
~ 0.5333 0.5333 0.6000 0.6000
~ 0.6000 0.5333 0.6667 0.6000
~ 0.6667 0.5333 0.7333 0.6000
R 0.7333 0.5333 0.8000 0.6000
~ 0.8000 0.5333 0.8667 0.6000
~ 0.8667 0.5333 0.9333 0.6000
~ 0.9333 0.5333 1.0000 0.6000
E 0.0000 0.6000 0.0667 0.6667
E 0.0667 0.6000 0.1333 0.6667
~ 0.1333 0.6000 0.2000 0.6667
W 0.2000 0.6000 0.2667 0.6667
~ 0.2667 0.6000 0.3333 0.6667
~ 0.3333 0.6000 0.4000 0.6667
~ 0.4000 0.6000 0.4667 0.6667
~ 0.4667 0.6000 0.5333 0.6667
~ 0.5333 0.6000 0.6000 0.6667
~ 0.6000 0.6000 0.6667 0.6667
~ 0.6667 0.6000 0.7333 0.6667
I 0.7333 0.6000 0.8000 0.6667
~ 0.8000 0.6000 0.8667 0.6667
~ 0.8667 0.6000 0.9333 0.6667
~ 0.9333 0.6000 1.0000 0.6667
O 0.0000 0.6667 0.0667 0.7333
R 0.0667 0.6667 0.1333 0.7333
I 0.1333 0.6667 0.2000 0.7333
E 0.2000 0.6667 0.2667 0.7333
N 0.2667 0.6667 0.3333 0.7333
T 0.3333 0.6667 0.4000 0.7333
E 0.4000 0.6667 0.4667 0.7333
D 0.4667 0.6667 0.5333 0.7333
~ 0.5333 0.6667 0.6000 0.7333
~ 0.6000 0.6667 0.6667 0.7333
A 0.6667 0.6667 0.7333 0.7333
D 0.7333 0.6667 0.8000 0.7333
~ 0.8000 0.6667 0.8667 0.7333
~ 0.8667 0.6667 0.9333 0.7333
~ 0.9333 0.6667 1.0000 0.7333
X 0.0000 0.7333 0.0667 0.8000
I 0.0667 0.7333 0.1333 0.8000
~ 0.1333 0.7333 0.2000 0.8000
R 0.2000 0.7333 0.2667 0.8000
~ 0.2667 0.7333 0.3333 0.8000
~ 0.3333 0.7333 0.4000 0.8000
~ 0.4000 0.7333 0.4667 0.8000
I 0.4667 0.7333 0.5333 0.8000
~ 0.5333 0.7333 0.6000 0.8000
~ 0.6000 0.7333 0.6667 0.8000
L 0.6667 0.7333 0.7333 0.8000
~ 0.7333 0.7333 0.8000 0.8000
~ 0.8000 0.7333 0.8667 0.8000
~ 0.8667 0.7333 0.9333 0.8000
~ 0.9333 0.7333 1.0000 0.8000
~ 0.0000 0.8000 0.0667 0.8667
A 0.0667 0.8000 0.1333 0.8667
~ 0.1333 0.8000 0.2000 0.8667
~ 0.2000 0.8000 0.2667 0.8667
~ 0.2667 0.8000 0.3333 0.8667
~ 0.3333 0.8000 0.4000 0.8667
~ 0.4000 0.8000 0.4667 0.8667
V 0.4667 0.8000 0.5333 0.8667
~ 0.5333 0.8000 0.6000 0.8667
O 0.6000 0.8000 0.6667 0.8667
A 0.6667 0.8000 0.7333 0.8667
T 0.7333 0.8000 0.8000 0.8667
~ 0.8000 0.8000 0.8667 0.8667
~ 0.8667 0.8000 0.9333 0.8667
~ 0.9333 0.8000 1.0000 0.8667
G 0.0000 0.8667 0.0667 0.9333
L 0.0667 0.8667 0.1333 0.9333
U 0.1333 0.8667 0.2000 0.9333
E 0.2000 0.8667 0.2667 0.9333
S 0.2667 0.8667 0.3333 0.9333
~ 0.3333 0.8667 0.4000 0.9333
~ 0.4000 0.8667 0.4667 0.9333
A 0.4667 0.8667 0.5333 0.9333
~ 0.5333 0.8667 0.6000 0.9333
H 0.6000 0.8667 0.6667 0.9333
E 0.6667 0.8667 0.7333 0.9333
~ 0.7333 0.8667 0.8000 0.9333
~ 0.8000 0.8667 0.8667 0.9333
~ 0.8667 0.8667 0.9333 0.9333
~ 0.9333 0.8667 1.0000 0.9333
~ 0.0000 0.9333 0.0667 1.0000
~ 0.0667 0.9333 0.1333 1.0000
~ 0.1333 0.9333 0.2000 1.0000
~ 0.2000 0.9333 0.2667 1.0000
~ 0.2667 0.9333 0.3333 1.0000
~ 0.3333 0.9333 0.4000 1.0000
~ 0.4000 0.9333 0.4667 1.0000
S 0.4667 0.9333 0.5333 1.0000
~ 0.5333 0.9333 0.6000 1.0000
~ 0.6000 0.9333 0.6667 1.0000
~ 0.6667 0.9333 0.7333 1.0000
~ 0.7333 0.9333 0.8000 1.0000
~ 0.8000 0.9333 0.8667 1.0000
~ 0.8667 0.9333 0.9333 1.0000
~ 0.9333 0.9333 1.0000 1.0000
