~ 0.0000 0.0000 0.0667 0.0667
~ 0.0667 0.0000 0.1333 0.0667
A 0.1333 0.0000 0.2000 0.0667
L 0.2000 0.0000 0.2667 0.0667
A 0.2667 0.0000 0.3333 0.0667
S 0.3333 0.0000 0.4000 0.0667
~ 0.4000 0.0000 0.4667 0.0667
E 0.4667 0.0000 0.5333 0.0667
R 0.5333 0.0000 0.6000 0.0667
~ 0.6000 0.0000 0.6667 0.0667
~ 0.6667 0.0000 0.7333 0.0667
F 0.7333 0.0000 0.8000 0.0667
E 0.8000 0.0000 0.8667 0.0667
E 0.8667 0.0000 0.9333 0.0667
B 0.9333 0.0000 1.0000 0.0667
~ 0.0000 0.0667 0.0667 0.1333
~ 0.0667 0.0667 0.1333 0.1333
~ 0.1333 0.0667 0.2000 0.1333
~ 0.2000 0.0667 0.2667 0.1333
~ 0.2667 0.0667 0.3333 0.1333
H 0.3333 0.0667 0.4000 0.1333
~ 0.4000 0.0667 0.4667 0.1333
~ 0.4667 0.0667 0.5333 0.1333
~ 0.5333 0.0667 0.6000 0.1333
Y 0.6000 0.0667 0.6667 0.1333
~ 0.6667 0.0667 0.7333 0.1333
A 0.7333 0.0667 0.8000 0.1333
~ 0.8000 0.0667 0.8667 0.1333
R 0.8667 0.0667 0.9333 0.1333
~ 0.9333 0.0667 1.0000 0.1333
~ 0.0000 0.1333 0.0667 0.2000
~ 0.0667 0.1333 0.1333 0.2000
~ 0.1333 0.1333 0.2000 0.2000
~ 0.2000 0.1333 0.2667 0.2000
J 0.2667 0.1333 0.3333 0.2000
O 0.3333 0.1333 0.4000 0.2000
B 0.4000 0.1333 0.4667 0.2000
~ 0.4667 0.1333 0.5333 0.2000
~ 0.5333 0.1333 0.6000 0.2000
U 0.6000 0.1333 0.6667 0.2000
~ 0.6667 0.1333 0.7333 0.2000
T 0.7333 0.1333 0.8000 0.2000
O 0.8000 0.1333 0.8667 0.2000
O 0.8667 0.1333 0.9333 0.2000
~ 0.9333 0.1333 1.0000 0.2000
~ 0.0000 0.2000 0.0667 0.2667
~ 0.0667 0.2000 0.1333 0.2667
~ 0.1333 0.2000 0.2000 0.2667
P 0.2000 0.2000 0.2667 0.2667
A 0.2667 0.2000 0.3333 0.2667
D 0.3333 0.2000 0.4000 0.2667
I 0.4000 0.2000 0.4667 0.2667
~ 0.4667 0.2000 0.5333 0.2667
~ 0.5333 0.2000 0.6000 0.2667
P 0.6000 0.2000 0.6667 0.2667
A 0.6667 0.2000 0.7333 0.2667
T 0.7333 0.2000 0.8000 0.2667
~ 0.8000 0.2000 0.8667 0.2667
T 0.8667 0.2000 0.9333 0.2667
~ 0.9333 0.2000 1.0000 0.2667
~ 0.0000 0.2667 0.0667 0.3333
~ 0.0667 0.2667 0.1333 0.3333
~ 0.1333 0.2667 0.2000 0.3333
E 0.2000 0.2667 0.2667 0.3333
R 0.2667 0.2667 0.3333 0.3333
~ 0.3333 0.2667 0.4000 0.3333
G 0.4000 0.2667 0.4667 0.3333
~ 0.4667 0.2667 0.5333 0.3333
~ 0.5333 0.2667 0.6000 0.3333
~ 0.6000 0.2667 0.6667 0.3333
X 0.6667 0.2667 0.7333 0.3333
I 0.7333 0.2667 0.8000 0.3333
~ 0.8000 0.2667 0.8667 0.3333
I 0.8667 0.2667 0.9333 0.3333
~ 0.9333 0.2667 1.0000 0.3333
~ 0.0000 0.3333 0.0667 0.4000
~ 0.0667 0.3333 0.1333 0.4000
~ 0.1333 0.3333 0.2000 0.4000
T 0.2000 0.3333 0.2667 0.4000
~ 0.2667 0.3333 0.3333 0.4000
~ 0.3333 0.3333 0.4000 0.4000
~ 0.4000 0.3333 0.4667 0.4000
~ 0.4667 0.3333 0.5333 0.4000
~ 0.5333 0.3333 0.6000 0.4000
C 0.6000 0.3333 0.6667 0.4000
~ 0.6667 0.3333 0.7333 0.4000
E 0.7333 0.3333 0.8000 0.4000
~ 0.8000 0.3333 0.8667 0.4000
Z 0.8667 0.3333 0.9333 0.4000
A 0.9333 0.3333 1.0000 0.4000
~ 0.0000 0.4000 0.0667 0.4667
~ 0.0667 0.4000 0.1333 0.4667
~ 0.1333 0.4000 0.2000 0.4667
U 0.2000 0.4000 0.2667 0.4667
~ 0.2667 0.4000 0.3333 0.4667
~ 0.3333 0.4000 0.4000 0.4667
~ 0.4000 0.4000 0.4667 0.4667
~ 0.4667 0.4000 0.5333 0.4667
H 0.5333 0.4000 0.6000 0.4667
O 0.6000 0.4000 0.6667 0.4667
E 0.6667 0.4000 0.7333 0.4667
R 0.7333 0.4000 0.8000 0.4667
~ 0.8000 0.4000 0.8667 0.4667
E 0.8667 0.4000 0.9333 0.4667
L 0.9333 0.4000 1.0000 0.4667
~ 0.0000 0.4667 0.0667 0.5333
~ 0.0667 0.4667 0.1333 0.5333
~ 0.1333 0.4667 0.2000 0.5333
N 0.2000 0.4667 0.2667 0.5333
~ 0.2667 0.4667 0.3333 0.5333
~ 0.3333 0.4667 0.4000 0.5333
K 0.4000 0.4667 0.4667 0.5333
A 0.4667 0.4667 0.5333 0.5333
M 0.5333 0.4667 0.6000 0.5333
I 0.6000 0.4667 0.6667 0.5333
~ 0.6667 0.4667 0.7333 0.5333
~ 0.7333 0.4667 0.8000 0.5333
~ 0.8000 0.4667 0.8667 0.5333
D 0.8667 0.4667 0.9333 0.5333
E 0.9333 0.4667 1.0000 0.5333
~ 0.0000 0.5333 0.0667 0.6000
~ 0.0667 0.5333 0.1333 0.6000
~ 0.1333 0.5333 0.2000 0.6000
I 0.2000 0.5333 0.2667 0.6000
~ 0.2667 0.5333 0.3333 0.6000
W 0.3333 0.5333 0.4000 0.6000
I 0.4000 0.5333 0.4667 0.6000
N 0.4667 0.5333 0.5333 0.6000
~ 0.5333 0.5333 0.6000 0.6000
L 0.6000 0.5333 0.6667 0.6000
U 0.6667 0.5333 0.7333 0.6000
N 0.7333 0.5333 0.8000 0.6000
Y 0.8000 0.5333 0.8667 0.6000
~ 0.8667 0.5333 0.9333 0.6000
~ 0.9333 0.5333 1.0000 0.6000
~ 0.0000 0.6000 0.0667 0.6667
V 0.0667 0.6000 0.1333 0.6667
~ 0.1333 0.6000 0.2000 0.6667
~ 0.2000 0.6000 0.2667 0.6667
W 0.2667 0.6000 0.3333 0.6667
E 0.3333 0.6000 0.4000 0.6667
D 0.4000 0.6000 0.4667 0.6667
~ 0.4667 0.6000 0.5333 0.6667
~ 0.5333 0.6000 0.6000 0.6667
~ 0.6000 0.6000 0.6667 0.6667
T 0.6667 0.6000 0.7333 0.6667
O 0.7333 0.6000 0.8000 0.6667
O 0.8000 0.6000 0.8667 0.6667
N 0.8667 0.6000 0.9333 0.6667
~ 0.9333 0.6000 1.0000 0.6667
~ 0.0000 0.6667 0.0667 0.7333
I 0.0667 0.6667 0.1333 0.7333
~ 0.1333 0.6667 0.2000 0.7333
~ 0.2000 0.6667 0.2667 0.7333
O 0.2667 0.6667 0.3333 0.7333
~ 0.3333 0.6667 0.4000 0.7333
~ 0.4000 0.6667 0.4667 0.7333
~ 0.4667 0.6667 0.5333 0.7333
~ 0.5333 0.6667 0.6000 0.7333
V 0.6000 0.6667 0.6667 0.7333
E 0.6667 0.6667 0.7333 0.7333
G 0.7333 0.6667 0.8000 0.7333
~ 0.8000 0.6667 0.8667 0.7333
~ 0.8667 0.6667 0.9333 0.7333
~ 0.9333 0.6667 1.0000 0.7333
~ 0.0000 0.7333 0.0667 0.8000
S 0.0667 0.7333 0.1333 0.8000
E 0.1333 0.7333 0.2000 0.8000
N 0.2000 0.7333 0.2667 0.8000
O 0.2667 0.7333 0.3333 0.8000
R 0.3333 0.7333 0.4000 0.8000
I 0.4000 0.7333 0.4667 0.8000
T 0.4667 0.7333 0.5333 0.8000
A 0.5333 0.7333 0.6000 0.8000
~ 0.6000 0.7333 0.6667 0.8000
~ 0.6667 0.7333 0.7333 0.8000
S 0.7333 0.7333 0.8000 0.8000
U 0.8000 0.7333 0.8667 0.8000
Q 0.8667 0.7333 0.9333 0.8000
S 0.9333 0.7333 1.0000 0.8000
~ 0.0000 0.8000 0.0667 0.8667
E 0.0667 0.8000 0.1333 0.8667
~ 0.1333 0.8000 0.2000 0.8667
~ 0.2000 0.8000 0.2667 0.8667
~ 0.2667 0.8000 0.3333 0.8667
~ 0.3333 0.8000 0.4000 0.8667
~ 0.4000 0.8000 0.4667 0.8667
~ 0.4667 0.8000 0.5333 0.8667
~ 0.5333 0.8000 0.6000 0.8667
~ 0.6000 0.8000 0.6667 0.8667
~ 0.6667 0.8000 0.7333 0.8667
~ 0.7333 0.8000 0.8000 0.8667
~ 0.8000 0.8000 0.8667 0.8667
~ 0.8667 0.8000 0.9333 0.8667
L 0.9333 0.8000 1.0000 0.8667
~ 0.0000 0.8667 0.0667 0.9333
D 0.0667 0.8667 0.1333 0.9333
~ 0.1333 0.8667 0.2000 0.9333
~ 0.2000 0.8667 0.2667 0.9333
~ 0.2667 0.8667 0.3333 0.9333
~ 0.3333 0.8667 0.4000 0.9333
~ 0.4000 0.8667 0.4667 0.9333
~ 0.4667 0.8667 0.5333 0.9333
~ 0.5333 0.8667 0.6000 0.9333
~ 0.6000 0.8667 0.6667 0.9333
F 0.6667 0.8667 0.7333 0.9333
I 0.7333 0.8667 0.8000 0.9333
N 0.8000 0.8667 0.8667 0.9333
C 0.8667 0.8667 0.9333 0.9333
A 0.9333 0.8667 1.0000 0.9333
~ 0.0000 0.9333 0.0667 1.0000
~ 0.0667 0.9333 0.1333 1.0000
~ 0.1333 0.9333 0.2000 1.0000
~ 0.2000 0.9333 0.2667 1.0000
~ 0.2667 0.9333 0.3333 1.0000
~ 0.3333 0.9333 0.4000 1.0000
~ 0.4000 0.9333 0.4667 1.0000
~ 0.4667 0.9333 0.5333 1.0000
~ 0.5333 0.9333 0.6000 1.0000
~ 0.6000 0.9333 0.6667 1.0000
~ 0.6667 0.9333 0.7333 1.0000
~ 0.7333 0.9333 0.8000 1.0000
~ 0.8000 0.9333 0.8667 1.0000
~ 0.8667 0.9333 0.9333 1.0000
M 0.9333 0.9333 1.0000 1.0000
