~ 0.0000 0.0000 0.0667 0.0667
~ 0.0667 0.0000 0.1333 0.0667
~ 0.1333 0.0000 0.2000 0.0667
~ 0.2000 0.0000 0.2667 0.0667
~ 0.2667 0.0000 0.3333 0.0667
~ 0.3333 0.0000 0.4000 0.0667
~ 0.4000 0.0000 0.4667 0.0667
M 0.4667 0.0000 0.5333 0.0667
I 0.5333 0.0000 0.6000 0.0667
R 0.6000 0.0000 0.6667 0.0667
K 0.6667 0.0000 0.7333 0.0667
I 0.7333 0.0000 0.8000 0.0667
E 0.8000 0.0000 0.8667 0.0667
S 0.8667 0.0000 0.9333 0.0667
T 0.9333 0.0000 1.0000 0.0667
V 0.0000 0.0667 0.0667 0.1333
A 0.0667 0.0667 0.1333 0.1333
N 0.1333 0.0667 0.2000 0.1333
~ 0.2000 0.0667 0.2667 0.1333
~ 0.2667 0.0667 0.3333 0.1333
P 0.3333 0.0667 0.4000 0.1333
O 0.4000 0.0667 0.4667 0.1333
I 0.4667 0.0667 0.5333 0.1333
~ 0.5333 0.0667 0.6000 0.1333
~ 0.6000 0.0667 0.6667 0.1333
~ 0.6667 0.0667 0.7333 0.1333
~ 0.7333 0.0667 0.8000 0.1333
~ 0.8000 0.0667 0.8667 0.1333
~ 0.8667 0.0667 0.9333 0.1333
~ 0.9333 0.0667 1.0000 0.1333
~ 0.0000 0.1333 0.0667 0.2000
B 0.0667 0.1333 0.1333 0.2000
A 0.1333 0.1333 0.2000 0.2000
I 0.2000 0.1333 0.2667 0.2000
Z 0.2667 0.1333 0.3333 0.2000
A 0.3333 0.1333 0.4000 0.2000
~ 0.4000 0.1333 0.4667 0.2000
~ 0.4667 0.1333 0.5333 0.2000
Q 0.5333 0.1333 0.6000 0.2000
U 0.6000 0.1333 0.6667 0.2000
A 0.6667 0.1333 0.7333 0.2000
~ 0.7333 0.1333 0.8000 0.2000
P 0.8000 0.1333 0.8667 0.2000
~ 0.8667 0.1333 0.9333 0.2000
~ 0.9333 0.1333 1.0000 0.2000
~ 0.0000 0.2000 0.0667 0.2667
~ 0.0667 0.2000 0.1333 0.2667
~ 0.1333 0.2000 0.2000 0.2667
N 0.2000 0.2000 0.2667 0.2667
A 0.2667 0.2000 0.3333 0.2667
N 0.3333 0.2000 0.4000 0.2667
~ 0.4000 0.2000 0.4667 0.2667
~ 0.4667 0.2000 0.5333 0.2667
~ 0.5333 0.2000 0.6000 0.2667
G 0.6000 0.2000 0.6667 0.2667
I 0.6667 0.2000 0.7333 0.2667
L 0.7333 0.2000 0.8000 0.2667
L 0.8000 0.2000 0.8667 0.2667
~ 0.8667 0.2000 0.9333 0.2667
~ 0.9333 0.2000 1.0000 0.2667
~ 0.0000 0.2667 0.0667 0.3333
~ 0.0667 0.2667 0.1333 0.3333
~ 0.1333 0.2667 0.2000 0.3333
~ 0.2000 0.2667 0.2667 0.3333
G 0.2667 0.2667 0.3333 0.3333
~ 0.3333 0.2667 0.4000 0.3333
~ 0.4000 0.2667 0.4667 0.3333
~ 0.4667 0.2667 0.5333 0.3333
~ 0.5333 0.2667 0.6000 0.3333
H 0.6000 0.2667 0.6667 0.3333
~ 0.6667 0.2667 0.7333 0.3333
~ 0.7333 0.2667 0.8000 0.3333
U 0.8000 0.2667 0.8667 0.3333
~ 0.8667 0.2667 0.9333 0.3333
~ 0.9333 0.2667 1.0000 0.3333
~ 0.0000 0.3333 0.0667 0.4000
M 0.0667 0.3333 0.1333 0.4000
O 0.1333 0.3333 0.2000 0.4000
U 0.2000 0.3333 0.2667 0.4000
S 0.2667 0.3333 0.3333 0.4000
E 0.3333 0.3333 0.4000 0.4000
R 0.4000 0.3333 0.4667 0.4000
~ 0.4667 0.3333 0.5333 0.4000
R 0.5333 0.3333 0.6000 0.4000
E 0.6000 0.3333 0.6667 0.4000
~ 0.6667 0.3333 0.7333 0.4000
~ 0.7333 0.3333 0.8000 0.4000
S 0.8000 0.3333 0.8667 0.4000
~ 0.8667 0.3333 0.9333 0.4000
~ 0.9333 0.3333 1.0000 0.4000
T 0.0000 0.4000 0.0667 0.4667
E 0.0667 0.4000 0.1333 0.4667
N 0.1333 0.4000 0.2000 0.4667
~ 0.2000 0.4000 0.2667 0.4667
~ 0.2667 0.4000 0.3333 0.4667
~ 0.3333 0.4000 0.4000 0.4667
~ 0.4000 0.4000 0.4667 0.4667
~ 0.4667 0.4000 0.5333 0.4667
I 0.5333 0.4000 0.6000 0.4667
D 0.6000 0.4000 0.6667 0.4667
~ 0.6667 0.4000 0.7333 0.4667
~ 0.7333 0.4000 0.8000 0.4667
~ 0.8000 0.4000 0.8667 0.4667
~ 0.8667 0.4000 0.9333 0.4667
~ 0.9333 0.4000 1.0000 0.4667
~ 0.0000 0.4667 0.0667 0.5333
~ 0.0667 0.4667 0.1333 0.5333
~ 0.1333 0.4667 0.2000 0.5333
~ 0.2000 0.4667 0.2667 0.5333
~ 0.2667 0.4667 0.3333 0.5333
C 0.3333 0.4667 0.4000 0.5333
O 0.4000 0.4667 0.4667 0.5333
O 0.4667 0.4667 0.5333 0.5333
F 0.5333 0.4667 0.6000 0.5333
~ 0.6000 0.4667 0.6667 0.5333
~ 0.6667 0.4667 0.7333 0.5333
~ 0.7333 0.4667 0.8000 0.5333
~ 0.8000 0.4667 0.8667 0.5333
~ 0.8667 0.4667 0.9333 0.5333
T 0.9333 0.4667 1.0000 0.5333
~ 0.0000 0.5333 0.0667 0.6000
~ 0.0667 0.5333 0.1333 0.6000
~ 0.1333 0.5333 0.2000 0.6000
~ 0.2000 0.5333 0.2667 0.6000
L 0.2667 0.5333 0.3333 0.6000
O 0.3333 0.5333 0.4000 0.6000
~ 0.4000 0.5333 0.4667 0.6000
R 0.4667 0.5333 0.5333 0.6000
~ 0.5333 0.5333 0.6000 0.6000
~ 0.6000 0.5333 0.6667 0.6000
~ 0.6667 0.5333 0.7333 0.6000
~ 0.7333 0.5333 0.8000 0.6000
V 0.8000 0.5333 0.8667 0.6000
~ 0.8667 0.5333 0.9333 0.6000
A 0.9333 0.5333 1.0000 0.6000
~ 0.0000 0.6000 0.0667 0.6667
~ 0.0667 0.6000 0.1333 0.6667
~ 0.1333 0.6000 0.2000 0.6667
F 0.2000 0.6000 0.2667 0.6667
O 0.2667 0.6000 0.3333 0.6667
Y 0.3333 0.6000 0.4000 0.6667
~ 0.4000 0.6000 0.4667 0.6667
D 0.4667 0.6000 0.5333 0.6667
I 0.5333 0.6000 0.6000 0.6667
C 0.6000 0.6000 0.6667 0.6667
E 0.6667 0.6000 0.7333 0.6667
~ 0.7333 0.6000 0.8000 0.6667
I 0.8000 0.6000 0.8667 0.6667
~ 0.8667 0.6000 0.9333 0.6667
N 0.9333 0.6000 1.0000 0.6667
~ 0.0000 0.6667 0.0667 0.7333
~ 0.0667 0.6667 0.1333 0.7333
~ 0.1333 0.6667 0.2000 0.7333
A 0.2000 0.6667 0.2667 0.7333
G 0.2667 0.6667 0.3333 0.7333
~ 0.3333 0.6667 0.4000 0.7333
D 0.4000 0.6667 0.4667 0.7333
I 0.4667 0.6667 0.5333 0.7333
~ 0.5333 0.6667 0.6000 0.7333
~ 0.6000 0.6667 0.6667 0.7333
H 0.6667 0.6667 0.7333 0.7333
U 0.7333 0.6667 0.8000 0.7333
E 0.8000 0.6667 0.8667 0.7333
~ 0.8667 0.6667 0.9333 0.7333
~ 0.9333 0.6667 1.0000 0.7333
~ 0.0000 0.7333 0.0667 0.8000
~ 0.0667 0.7333 0.1333 0.8000
~ 0.1333 0.7333 0.2000 0.8000
B 0.2000 0.7333 0.2667 0.8000
~ 0.2667 0.7333 0.3333 0.8000
L 0.3333 0.7333 0.4000 0.8000
O 0.4000 0.7333 0.4667 0.8000
N 0.4667 0.7333 0.5333 0.8000
E 0.5333 0.7333 0.6000 0.8000
~ 0.6000 0.7333 0.6667 0.8000
~ 0.6667 0.7333 0.7333 0.8000
~ 0.7333 0.7333 0.8000 0.8000
W 0.8000 0.7333 0.8667 0.8000
~ 0.8667 0.7333 0.9333 0.8000
S 0.9333 0.7333 1.0000 0.8000
~ 0.0000 0.8000 0.0667 0.8667
~ 0.0667 0.8000 0.1333 0.8667
~ 0.1333 0.8000 0.2000 0.8667
~ 0.2000 0.8000 0.2667 0.8667
~ 0.2667 0.8000 0.3333 0.8667
~ 0.3333 0.8000 0.4000 0.8667
T 0.4000 0.8000 0.4667 0.8667
A 0.4667 0.8000 0.5333 0.8667
X 0.5333 0.8000 0.6000 0.8667
~ 0.6000 0.8000 0.6667 0.8667
~ 0.6667 0.8000 0.7333 0.8667
~ 0.7333 0.8000 0.8000 0.8667
E 0.8000 0.8000 0.8667 0.8667
~ 0.8667 0.8000 0.9333 0.8667
T 0.9333 0.8000 1.0000 0.8667
~ 0.0000 0.8667 0.0667 0.9333
~ 0.0667 0.8667 0.1333 0.9333
~ 0.1333 0.8667 0.2000 0.9333
~ 0.2000 0.8667 0.2667 0.9333
~ 0.2667 0.8667 0.3333 0.9333
J 0.3333 0.8667 0.4000 0.9333
E 0.4000 0.8667 0.4667 0.9333
T 0.4667 0.8667 0.5333 0.9333
~ 0.5333 0.8667 0.6000 0.9333
W 0.6000 0.8667 0.6667 0.9333
A 0.6667 0.8667 0.7333 0.9333
R 0.7333 0.8667 0.8000 0.9333
D 0.8000 0.8667 0.8667 0.9333
E 0.8667 0.8667 0.9333 0.9333
R 0.9333 0.8667 1.0000 0.9333
~ 0.0000 0.9333 0.0667 1.0000
~ 0.0667 0.9333 0.1333 1.0000
~ 0.1333 0.9333 0.2000 1.0000
~ 0.2000 0.9333 0.2667 1.0000
~ 0.2667 0.9333 0.3333 1.0000
O 0.3333 0.9333 0.4000 1.0000
~ 0.4000 0.9333 0.4667 1.0000
E 0.4667 0.9333 0.5333 1.0000
~ 0.5333 0.9333 0.6000 1.0000
~ 0.6000 0.9333 0.6667 1.0000
~ 0.6667 0.9333 0.7333 1.0000
~ 0.7333 0.9333 0.8000 1.0000
~ 0.8000 0.9333 0.8667 1.0000
~ 0.8667 0.9333 0.9333 1.0000
Y 0.9333 0.9333 1.0000 1.0000
