G 0.0000 0.0000 0.0667 0.0667
~ 0.0667 0.0000 0.1333 0.0667
~ 0.1333 0.0000 0.2000 0.0667
~ 0.2000 0.0000 0.2667 0.0667
~ 0.2667 0.0000 0.3333 0.0667
~ 0.3333 0.0000 0.4000 0.0667
~ 0.4000 0.0000 0.4667 0.0667
Z 0.4667 0.0000 0.5333 0.0667
~ 0.5333 0.0000 0.6000 0.0667
~ 0.6000 0.0000 0.6667 0.0667
~ 0.6667 0.0000 0.7333 0.0667
~ 0.7333 0.0000 0.8000 0.0667
~ 0.8000 0.0000 0.8667 0.0667
~ 0.8667 0.0000 0.9333 0.0667
~ 0.9333 0.0000 1.0000 0.0667
R 0.0000 0.0667 0.0667 0.1333
~ 0.0667 0.0667 0.1333 0.1333
~ 0.1333 0.0667 0.2000 0.1333
~ 0.2000 0.0667 0.2667 0.1333
~ 0.2667 0.0667 0.3333 0.1333
~ 0.3333 0.0667 0.4000 0.1333
L 0.4000 0.0667 0.4667 0.1333
O 0.4667 0.0667 0.5333 0.1333
~ 0.5333 0.0667 0.6000 0.1333
J 0.6000 0.0667 0.6667 0.1333
~ 0.6667 0.0667 0.7333 0.1333
~ 0.7333 0.0667 0.8000 0.1333
~ 0.8000 0.0667 0.8667 0.1333
~ 0.8667 0.0667 0.9333 0.1333
~ 0.9333 0.0667 1.0000 0.1333
I 0.0000 0.1333 0.0667 0.2000
~ 0.0667 0.1333 0.1333 0.2000
G 0.1333 0.1333 0.2000 0.2000
~ 0.2000 0.1333 0.2667 0.2000
W 0.2667 0.1333 0.3333 0.2000
~ 0.3333 0.1333 0.4000 0.2000
A 0.4000 0.1333 0.4667 0.2000
E 0.4667 0.1333 0.5333 0.2000
~ 0.5333 0.1333 0.6000 0.2000
E 0.6000 0.1333 0.6667 0.2000
~ 0.6667 0.1333 0.7333 0.2000
~ 0.7333 0.1333 0.8000 0.2000
~ 0.8000 0.1333 0.8667 0.2000
~ 0.8667 0.1333 0.9333 0.2000
~ 0.9333 0.1333 1.0000 0.2000
F 0.0000 0.2000 0.0667 0.2667
~ 0.0667 0.2000 0.1333 0.2667
R 0.1333 0.2000 0.2000 0.2667
~ 0.2000 0.2000 0.2667 0.2667
H 0.2667 0.2000 0.3333 0.2667
H 0.3333 0.2000 0.4000 0.2667
V 0.4000 0.2000 0.4667 0.2667
A 0.4667 0.2000 0.5333 0.2667
R 0.5333 0.2000 0.6000 0.2667
A 0.6000 0.2000 0.6667 0.2667
~ 0.6667 0.2000 0.7333 0.2667
~ 0.7333 0.2000 0.8000 0.2667
~ 0.8000 0.2000 0.8667 0.2667
~ 0.8667 0.2000 0.9333 0.2667
~ 0.9333 0.2000 1.0000 0.2667
T 0.0000 0.2667 0.0667 0.3333
O 0.0667 0.2667 0.1333 0.3333
O 0.1333 0.2667 0.2000 0.3333
N 0.2000 0.2667 0.2667 0.3333
I 0.2667 0.2667 0.3333 0.3333
E 0.3333 0.2667 0.4000 0.3333
S 0.4000 0.2667 0.4667 0.3333
~ 0.4667 0.2667 0.5333 0.3333
E 0.5333 0.2667 0.6000 0.3333
N 0.6000 0.2667 0.6667 0.3333
~ 0.6667 0.2667 0.7333 0.3333
~ 0.7333 0.2667 0.8000 0.3333
~ 0.8000 0.2667 0.8667 0.3333
~ 0.8667 0.2667 0.9333 0.3333
~ 0.9333 0.2667 1.0000 0.3333
~ 0.0000 0.3333 0.0667 0.4000
P 0.0667 0.3333 0.1333 0.4000
I 0.1333 0.3333 0.2000 0.4000
E 0.2000 0.3333 0.2667 0.4000
D 0.2667 0.3333 0.3333 0.4000
~ 0.3333 0.3333 0.4000 0.4000
~ 0.4000 0.3333 0.4667 0.4000
Q 0.4667 0.3333 0.5333 0.4000
I 0.5333 0.3333 0.6000 0.4000
~ 0.6000 0.3333 0.6667 0.4000
~ 0.6667 0.3333 0.7333 0.4000
~ 0.7333 0.3333 0.8000 0.4000
~ 0.8000 0.3333 0.8667 0.4000
~ 0.8667 0.3333 0.9333 0.4000
~ 0.9333 0.3333 1.0000 0.4000
~ 0.0000 0.4000 0.0667 0.4667
~ 0.0667 0.4000 0.1333 0.4667
N 0.1333 0.4000 0.2000 0.4667
~ 0.2000 0.4000 0.2667 0.4667
~ 0.2667 0.4000 0.3333 0.4667
~ 0.3333 0.4000 0.4000 0.4667
~ 0.4000 0.4000 0.4667 0.4667
A 0.4667 0.4000 0.5333 0.4667
~ 0.5333 0.4000 0.6000 0.4667
~ 0.6000 0.4000 0.6667 0.4667
~ 0.6667 0.4000 0.7333 0.4667
~ 0.7333 0.4000 0.8000 0.4667
~ 0.8000 0.4000 0.8667 0.4667
~ 0.8667 0.4000 0.9333 0.4667
~ 0.9333 0.4000 1.0000 0.4667
~ 0.0000 0.4667 0.0667 0.5333
~ 0.0667 0.4667 0.1333 0.5333
~ 0.1333 0.4667 0.2000 0.5333
~ 0.2000 0.4667 0.2667 0.5333
~ 0.2667 0.4667 0.3333 0.5333
~ 0.3333 0.4667 0.4000 0.5333
M 0.4000 0.4667 0.4667 0.5333
I 0.4667 0.4667 0.5333 0.5333
N 0.5333 0.4667 0.6000 0.5333
X 0.6000 0.4667 0.6667 0.5333
~ 0.6667 0.4667 0.7333 0.5333
~ 0.7333 0.4667 0.8000 0.5333
~ 0.8000 0.4667 0.8667 0.5333
~ 0.8667 0.4667 0.9333 0.5333
~ 0.9333 0.4667 1.0000 0.5333
~ 0.0000 0.5333 0.0667 0.6000
~ 0.0667 0.5333 0.1333 0.6000
~ 0.1333 0.5333 0.2000 0.6000
~ 0.2000 0.5333 0.2667 0.6000
V 0.2667 0.5333 0.3333 0.6000
~ 0.3333 0.5333 0.4000 0.6000
~ 0.4000 0.5333 0.4667 0.6000
D 0.4667 0.5333 0.5333 0.6000
O 0.5333 0.5333 0.6000 0.6000
U 0.6000 0.5333 0.6667 0.6000
R 0.6667 0.5333 0.7333 0.6000
~ 0.7333 0.5333 0.8000 0.6000
~ 0.8000 0.5333 0.8667 0.6000
S 0.8667 0.5333 0.9333 0.6000
~ 0.9333 0.5333 1.0000 0.6000
~ 0.0000 0.6000 0.0667 0.6667
~ 0.0667 0.6000 0.1333 0.6667
~ 0.1333 0.6000 0.2000 0.6667
L 0.2000 0.6000 0.2667 0.6667
A 0.2667 0.6000 0.3333 0.6667
K 0.3333 0.6000 0.4000 0.6667
H 0.4000 0.6000 0.4667 0.6667
S 0.4667 0.6000 0.5333 0.6667
~ 0.5333 0.6000 0.6000 0.6667
~ 0.6000 0.6000 0.6667 0.6667
I 0.6667 0.6000 0.7333 0.6667
~ 0.7333 0.6000 0.8000 0.6667
~ 0.8000 0.6000 0.8667 0.6667
I 0.8667 0.6000 0.9333 0.6667
~ 0.9333 0.6000 1.0000 0.6667
~ 0.0000 0.6667 0.0667 0.7333
~ 0.0667 0.6667 0.1333 0.7333
Y 0.1333 0.6667 0.2000 0.7333
O 0.2000 0.6667 0.2667 0.7333
N 0.2667 0.6667 0.3333 0.7333
I 0.3333 0.6667 0.4000 0.7333
~ 0.4000 0.6667 0.4667 0.7333
~ 0.4667 0.6667 0.5333 0.7333
~ 0.5333 0.6667 0.6000 0.7333
~ 0.6000 0.6667 0.6667 0.7333
F 0.6667 0.6667 0.7333 0.7333
~ 0.7333 0.6667 0.8000 0.7333
~ 0.8000 0.6667 0.8667 0.7333
G 0.8667 0.6667 0.9333 0.7333
~ 0.9333 0.6667 1.0000 0.7333
~ 0.0000 0.7333 0.0667 0.8000
~ 0.0667 0.7333 0.1333 0.8000
~ 0.1333 0.7333 0.2000 0.8000
B 0.2000 0.7333 0.2667 0.8000
E 0.2667 0.7333 0.3333 0.8000
D 0.3333 0.7333 0.4000 0.8000
~ 0.4000 0.7333 0.4667 0.8000
P 0.4667 0.7333 0.5333 0.8000
O 0.5333 0.7333 0.6000 0.8000
L 0.6000 0.7333 0.6667 0.8000
E 0.6667 0.7333 0.7333 0.8000
S 0.7333 0.7333 0.8000 0.8000
~ 0.8000 0.7333 0.8667 0.8000
~ 0.8667 0.7333 0.9333 0.8000
~ 0.9333 0.7333 1.0000 0.8000
~ 0.0000 0.8000 0.0667 0.8667
W 0.0667 0.8000 0.1333 0.8667
O 0.1333 0.8000 0.2000 0.8667
~ 0.2000 0.8000 0.2667 0.8667
~ 0.2667 0.8000 0.3333 0.8667
~ 0.3333 0.8000 0.4000 0.8667
M 0.4000 0.8000 0.4667 0.8667
U 0.4667 0.8000 0.5333 0.8667
~ 0.5333 0.8000 0.6000 0.8667
~ 0.6000 0.8000 0.6667 0.8667
~ 0.6667 0.8000 0.7333 0.8667
~ 0.7333 0.8000 0.8000 0.8667
~ 0.8000 0.8000 0.8667 0.8667
T 0.8667 0.8000 0.9333 0.8667
~ 0.9333 0.8000 1.0000 0.8667
A 0.0000 0.8667 0.0667 0.9333
Y 0.0667 0.8667 0.1333 0.9333
~ 0.1333 0.8667 0.2000 0.9333
T 0.2000 0.8667 0.2667 0.9333
U 0.2667 0.8667 0.3333 0.9333
N 0.3333 0.8667 0.4000 0.9333
I 0.4000 0.8667 0.4667 0.9333
C 0.4667 0.8667 0.5333 0.9333
A 0.5333 0.8667 0.6000 0.9333
T 0.6000 0.8667 0.6667 0.9333
E 0.6667 0.8667 0.7333 0.9333
~ 0.7333 0.8667 0.8000 0.9333
~ 0.8000 0.8667 0.8667 0.9333
E 0.8667 0.8667 0.9333 0.9333
~ 0.9333 0.8667 1.0000 0.9333
A 0.0000 0.9333 0.0667 1.0000
E 0.0667 0.9333 0.1333 1.0000
R 0.1333 0.9333 0.2000 1.0000
O 0.2000 0.9333 0.2667 1.0000
~ 0.2667 0.9333 0.3333 1.0000
~ 0.3333 0.9333 0.4000 1.0000
B 0.4000 0.9333 0.4667 1.0000
E 0.4667 0.9333 0.5333 1.0000
~ 0.5333 0.9333 0.6000 1.0000
~ 0.6000 0.9333 0.6667 1.0000
L 0.6667 0.9333 0.7333 1.0000
E 0.7333 0.9333 0.8000 1.0000
U 0.8000 0.9333 0.8667 1.0000
D 0.8667 0.9333 0.9333 1.0000
~ 0.9333 0.9333 1.0000 1.0000
