I 0.0000 0.0000 0.0667 0.0667
A 0.0667 0.0000 0.1333 0.0667
I 0.1333 0.0000 0.2000 0.0667
~ 0.2000 0.0000 0.2667 0.0667
~ 0.2667 0.0000 0.3333 0.0667
~ 0.3333 0.0000 0.4000 0.0667
~ 0.4000 0.0000 0.4667 0.0667
~ 0.4667 0.0000 0.5333 0.0667
~ 0.5333 0.0000 0.6000 0.0667
~ 0.6000 0.0000 0.6667 0.0667
~ 0.6667 0.0000 0.7333 0.0667
~ 0.7333 0.0000 0.8000 0.0667
~ 0.8000 0.0000 0.8667 0.0667
~ 0.8667 0.0000 0.9333 0.0667
~ 0.9333 0.0000 1.0000 0.0667
~ 0.0000 0.0667 0.0667 0.1333
~ 0.0667 0.0667 0.1333 0.1333
~ 0.1333 0.0667 0.2000 0.1333
~ 0.2000 0.0667 0.2667 0.1333
~ 0.2667 0.0667 0.3333 0.1333
~ 0.3333 0.0667 0.4000 0.1333
~ 0.4000 0.0667 0.4667 0.1333
~ 0.4667 0.0667 0.5333 0.1333
C 0.5333 0.0667 0.6000 0.1333
O 0.6000 0.0667 0.6667 0.1333
N 0.6667 0.0667 0.7333 0.1333
S 0.7333 0.0667 0.8000 0.1333
~ 0.8000 0.0667 0.8667 0.1333
L 0.8667 0.0667 0.9333 0.1333
T 0.9333 0.0667 1.0000 0.1333
~ 0.0000 0.1333 0.0667 0.2000
~ 0.0667 0.1333 0.1333 0.2000
~ 0.1333 0.1333 0.2000 0.2000
~ 0.2000 0.1333 0.2667 0.2000
~ 0.2667 0.1333 0.3333 0.2000
~ 0.3333 0.1333 0.4000 0.2000
~ 0.4000 0.1333 0.4667 0.2000
T 0.4667 0.1333 0.5333 0.2000
H 0.5333 0.1333 0.6000 0.2000
R 0.6000 0.1333 0.6667 0.2000
U 0.6667 0.1333 0.7333 0.2000
~ 0.7333 0.1333 0.8000 0.2000
P 0.8000 0.1333 0.8667 0.2000
~ 0.8667 0.1333 0.9333 0.2000
~ 0.9333 0.1333 1.0000 0.2000
~ 0.0000 0.2000 0.0667 0.2667
~ 0.0667 0.2000 0.1333 0.2667
Q 0.1333 0.2000 0.2000 0.2667
A 0.2000 0.2000 0.2667 0.2667
T 0.2667 0.2000 0.3333 0.2667
~ 0.3333 0.2000 0.4000 0.2667
~ 0.4000 0.2000 0.4667 0.2667
~ 0.4667 0.2000 0.5333 0.2667
~ 0.5333 0.2000 0.6000 0.2667
~ 0.6000 0.2000 0.6667 0.2667
~ 0.6667 0.2000 0.7333 0.2667
P 0.7333 0.2000 0.8000 0.2667
L 0.8000 0.2000 0.8667 0.2667
E 0.8667 0.2000 0.9333 0.2667
W 0.9333 0.2000 1.0000 0.2667
~ 0.0000 0.2667 0.0667 0.3333
~ 0.0667 0.2667 0.1333 0.3333
~ 0.1333 0.2667 0.2000 0.3333
~ 0.2000 0.2667 0.2667 0.3333
I 0.2667 0.2667 0.3333 0.3333
R 0.3333 0.2667 0.4000 0.3333
O 0.4000 0.2667 0.4667 0.3333
N 0.4667 0.2667 0.5333 0.3333
Y 0.5333 0.2667 0.6000 0.3333
~ 0.6000 0.2667 0.6667 0.3333
J 0.6667 0.2667 0.7333 0.3333
~ 0.7333 0.2667 0.8000 0.3333
E 0.8000 0.2667 0.8667 0.3333
~ 0.8667 0.2667 0.9333 0.3333
~ 0.9333 0.2667 1.0000 0.3333
~ 0.0000 0.3333 0.0667 0.4000
~ 0.0667 0.3333 0.1333 0.4000
S 0.1333 0.3333 0.2000 0.4000
~ 0.2000 0.3333 0.2667 0.4000
~ 0.2667 0.3333 0.3333 0.4000
~ 0.3333 0.3333 0.4000 0.4000
V 0.4000 0.3333 0.4667 0.4000
~ 0.4667 0.3333 0.5333 0.4000
~ 0.5333 0.3333 0.6000 0.4000
W 0.6000 0.3333 0.6667 0.4000
E 0.6667 0.3333 0.7333 0.4000
N 0.7333 0.3333 0.8000 0.4000
D 0.8000 0.3333 0.8667 0.4000
~ 0.8667 0.3333 0.9333 0.4000
~ 0.9333 0.3333 1.0000 0.4000
~ 0.0000 0.4000 0.0667 0.4667
~ 0.0667 0.4000 0.1333 0.4667
A 0.1333 0.4000 0.2000 0.4667
~ 0.2000 0.4000 0.2667 0.4667
Y 0.2667 0.4000 0.3333 0.4667
O 0.3333 0.4000 0.4000 0.4667
U 0.4000 0.4000 0.4667 0.4667
~ 0.4667 0.4000 0.5333 0.4667
U 0.5333 0.4000 0.6000 0.4667
~ 0.6000 0.4000 0.6667 0.4667
T 0.6667 0.4000 0.7333 0.4667
~ 0.7333 0.4000 0.8000 0.4667
~ 0.8000 0.4000 0.8667 0.4667
~ 0.8667 0.4000 0.9333 0.4667
M 0.9333 0.4000 1.0000 0.4667
D 0.0000 0.4667 0.0667 0.5333
I 0.0667 0.4667 0.1333 0.5333
N 0.1333 0.4667 0.2000 0.5333
G 0.2000 0.4667 0.2667 0.5333
E 0.2667 0.4667 0.3333 0.5333
~ 0.3333 0.4667 0.4000 0.5333
M 0.4000 0.4667 0.4667 0.5333
A 0.4667 0.4667 0.5333 0.5333
R 0.5333 0.4667 0.6000 0.5333
D 0.6000 0.4667 0.6667 0.5333
S 0.6667 0.4667 0.7333 0.5333
~ 0.7333 0.4667 0.8000 0.5333
~ 0.8000 0.4667 0.8667 0.5333
~ 0.8667 0.4667 0.9333 0.5333
A 0.9333 0.4667 1.0000 0.5333
~ 0.0000 0.5333 0.0667 0.6000
~ 0.0667 0.5333 0.1333 0.6000
G 0.1333 0.5333 0.2000 0.6000
~ 0.2000 0.5333 0.2667 0.6000
~ 0.2667 0.5333 0.3333 0.6000
~ 0.3333 0.5333 0.4000 0.6000
~ 0.4000 0.5333 0.4667 0.6000
~ 0.4667 0.5333 0.5333 0.6000
A 0.5333 0.5333 0.6000 0.6000
A 0.6000 0.5333 0.6667 0.6000
~ 0.6667 0.5333 0.7333 0.6000
~ 0.7333 0.5333 0.8000 0.6000
~ 0.8000 0.5333 0.8667 0.6000
~ 0.8667 0.5333 0.9333 0.6000
N 0.9333 0.5333 1.0000 0.6000
~ 0.0000 0.6000 0.0667 0.6667
~ 0.0667 0.6000 0.1333 0.6667
U 0.1333 0.6000 0.2000 0.6667
~ 0.2000 0.6000 0.2667 0.6667
~ 0.2667 0.6000 0.3333 0.6667
F 0.3333 0.6000 0.4000 0.6667
~ 0.4000 0.6000 0.4667 0.6667
~ 0.4667 0.6000 0.5333 0.6667
O 0.5333 0.6000 0.6000 0.6667
R 0.6000 0.6000 0.6667 0.6667
B 0.6667 0.6000 0.7333 0.6667
~ 0.7333 0.6000 0.8000 0.6667
~ 0.8000 0.6000 0.8667 0.6667
~ 0.8667 0.6000 0.9333 0.6667
G 0.9333 0.6000 1.0000 0.6667
~ 0.0000 0.6667 0.0667 0.7333
B 0.0667 0.6667 0.1333 0.7333
I 0.1333 0.6667 0.2000 0.7333
~ 0.2000 0.6667 0.2667 0.7333
V 0.2667 0.6667 0.3333 0.7333
I 0.3333 0.6667 0.4000 0.7333
T 0.4000 0.6667 0.4667 0.7333
A 0.4667 0.6667 0.5333 0.7333
~ 0.5333 0.6667 0.6000 0.7333
I 0.6000 0.6667 0.6667 0.7333
O 0.6667 0.6667 0.7333 0.7333
~ 0.7333 0.6667 0.8000 0.7333
~ 0.8000 0.6667 0.8667 0.7333
~ 0.8667 0.6667 0.9333 0.7333
O 0.9333 0.6667 1.0000 0.7333
~ 0.0000 0.7333 0.0667 0.8000
O 0.0667 0.7333 0.1333 0.8000
~ 0.1333 0.7333 0.2000 0.8000
~ 0.2000 0.7333 0.2667 0.8000
~ 0.2667 0.7333 0.3333 0.8000
Z 0.3333 0.7333 0.4000 0.8000
~ 0.4000 0.7333 0.4667 0.8000
E 0.4667 0.7333 0.5333 0.8000
~ 0.5333 0.7333 0.6000 0.8000
O 0.6000 0.7333 0.6667 0.8000
~ 0.6667 0.7333 0.7333 0.8000
D 0.7333 0.7333 0.8000 0.8000
~ 0.8000 0.7333 0.8667 0.8000
~ 0.8667 0.7333 0.9333 0.8000
E 0.9333 0.7333 1.0000 0.8000
~ 0.0000 0.8000 0.0667 0.8667
N 0.0667 0.8000 0.1333 0.8667
E 0.1333 0.8000 0.2000 0.8667
~ 0.2000 0.8000 0.2667 0.8667
~ 0.2667 0.8000 0.3333 0.8667
~ 0.3333 0.8000 0.4000 0.8667
~ 0.4000 0.8000 0.4667 0.8667
R 0.4667 0.8000 0.5333 0.8667
~ 0.5333 0.8000 0.6000 0.8667
L 0.6000 0.8000 0.6667 0.8667
~ 0.6667 0.8000 0.7333 0.8667
H 0.7333 0.8000 0.8000 0.8667
E 0.8000 0.8000 0.8667 0.8667
T 0.8667 0.8000 0.9333 0.8667
S 0.9333 0.8000 1.0000 0.8667
~ 0.0000 0.8667 0.0667 0.9333
E 0.0667 0.8667 0.1333 0.9333
~ 0.1333 0.8667 0.2000 0.9333
~ 0.2000 0.8667 0.2667 0.9333
~ 0.2667 0.8667 0.3333 0.9333
~ 0.3333 0.8667 0.4000 0.9333
L 0.4000 0.8667 0.4667 0.9333
I 0.4667 0.8667 0.5333 0.9333
F 0.5333 0.8667 0.6000 0.9333
E 0.6000 0.8667 0.6667 0.9333
C 0.6667 0.8667 0.7333 0.9333
A 0.7333 0.8667 0.8000 0.9333
R 0.8000 0.8667 0.8667 0.9333
E 0.8667 0.8667 0.9333 0.9333
~ 0.9333 0.8667 1.0000 0.9333
~ 0.0000 0.9333 0.0667 1.0000
~ 0.0667 0.9333 0.1333 1.0000
~ 0.1333 0.9333 0.2000 1.0000
~ 0.2000 0.9333 0.2667 1.0000
~ 0.2667 0.9333 0.3333 1.0000
~ 0.3333 0.9333 0.4000 1.0000
~ 0.4000 0.9333 0.4667 1.0000
E 0.4667 0.9333 0.5333 1.0000
~ 0.5333 0.9333 0.6000 1.0000
~ 0.6000 0.9333 0.6667 1.0000
~ 0.6667 0.9333 0.7333 1.0000
K 0.7333 0.9333 0.8000 1.0000
~ 0.8000 0.9333 0.8667 1.0000
X 0.8667 0.9333 0.9333 1.0000
I 0.9333 0.9333 1.0000 1.0000
