~ 0.0000 0.0000 0.0667 0.0667
~ 0.0667 0.0000 0.1333 0.0667
~ 0.1333 0.0000 0.2000 0.0667
~ 0.2000 0.0000 0.2667 0.0667
~ 0.2667 0.0000 0.3333 0.0667
~ 0.3333 0.0000 0.4000 0.0667
~ 0.4000 0.0000 0.4667 0.0667
~ 0.4667 0.0000 0.5333 0.0667
~ 0.5333 0.0000 0.6000 0.0667
~ 0.6000 0.0000 0.6667 0.0667
~ 0.6667 0.0000 0.7333 0.0667
~ 0.7333 0.0000 0.8000 0.0667
~ 0.8000 0.0000 0.8667 0.0667
~ 0.8667 0.0000 0.9333 0.0667
~ 0.9333 0.0000 1.0000 0.0667
R 0.0000 0.0667 0.0667 0.1333
A 0.0667 0.0667 0.1333 0.1333
Z 0.1333 0.0667 0.2000 0.1333
E 0.2000 0.0667 0.2667 0.1333
E 0.2667 0.0667 0.3333 0.1333
~ 0.3333 0.0667 0.4000 0.1333
~ 0.4000 0.0667 0.4667 0.1333
~ 0.4667 0.0667 0.5333 0.1333
~ 0.5333 0.0667 0.6000 0.1333
~ 0.6000 0.0667 0.6667 0.1333
~ 0.6667 0.0667 0.7333 0.1333
~ 0.7333 0.0667 0.8000 0.1333
~ 0.8000 0.0667 0.8667 0.1333
~ 0.8667 0.0667 0.9333 0.1333
~ 0.9333 0.0667 1.0000 0.1333
O 0.0000 0.1333 0.0667 0.2000
B 0.0667 0.1333 0.1333 0.2000
A 0.1333 0.1333 0.2000 0.2000
~ 0.2000 0.1333 0.2667 0.2000
~ 0.2667 0.1333 0.3333 0.2000
L 0.3333 0.1333 0.4000 0.2000
~ 0.4000 0.1333 0.4667 0.2000
~ 0.4667 0.1333 0.5333 0.2000
~ 0.5333 0.1333 0.6000 0.2000
~ 0.6000 0.1333 0.6667 0.2000
C 0.6667 0.1333 0.7333 0.2000
~ 0.7333 0.1333 0.8000 0.2000
A 0.8000 0.1333 0.8667 0.2000
~ 0.8667 0.1333 0.9333 0.2000
~ 0.9333 0.1333 1.0000 0.2000
O 0.0000 0.2000 0.0667 0.2667
R 0.0667 0.2000 0.1333 0.2667
G 0.1333 0.2000 0.2000 0.2667
~ 0.2000 0.2000 0.2667 0.2667
~ 0.2667 0.2000 0.3333 0.2667
E 0.3333 0.2000 0.4000 0.2667
~ 0.4000 0.2000 0.4667 0.2667
V 0.4667 0.2000 0.5333 0.2667
~ 0.5333 0.2000 0.6000 0.2667
~ 0.6000 0.2000 0.6667 0.2667
I 0.6667 0.2000 0.7333 0.2667
N 0.7333 0.2000 0.8000 0.2667
N 0.8000 0.2000 0.8667 0.2667
~ 0.8667 0.2000 0.9333 0.2667
~ 0.9333 0.2000 1.0000 0.2667
T 0.0000 0.2667 0.0667 0.3333
I 0.0667 0.2667 0.1333 0.3333
~ 0.1333 0.2667 0.2000 0.3333
F 0.2000 0.2667 0.2667 0.3333
A 0.2667 0.2667 0.3333 0.3333
V 0.3333 0.2667 0.4000 0.3333
E 0.4000 0.2667 0.4667 0.3333
R 0.4667 0.2667 0.5333 0.3333
~ 0.5333 0.2667 0.6000 0.3333
~ 0.6000 0.2667 0.6667 0.3333
T 0.6667 0.2667 0.7333 0.3333
E 0.7333 0.2667 0.8000 0.3333
E 0.8000 0.2667 0.8667 0.3333
~ 0.8667 0.2667 0.9333 0.3333
~ 0.9333 0.2667 1.0000 0.3333
~ 0.0000 0.3333 0.0667 0.4000
M 0.0667 0.3333 0.1333 0.4000
O 0.1333 0.3333 0.2000 0.4000
L 0.2000 0.3333 0.2667 0.4000
E 0.2667 0.3333 0.3333 0.4000
~ 0.3333 0.3333 0.4000 0.4000
~ 0.4000 0.3333 0.4667 0.4000
O 0.4667 0.3333 0.5333 0.4000
~ 0.5333 0.3333 0.6000 0.4000
J 0.6000 0.3333 0.6667 0.4000
O 0.6667 0.3333 0.7333 0.4000
E 0.7333 0.3333 0.8000 0.4000
S 0.8000 0.3333 0.8667 0.4000
~ 0.8667 0.3333 0.9333 0.4000
~ 0.9333 0.3333 1.0000 0.4000
~ 0.0000 0.4000 0.0667 0.4667
~ 0.0667 0.4000 0.1333 0.4667
~ 0.1333 0.4000 0.2000 0.4667
U 0.2000 0.4000 0.2667 0.4667
~ 0.2667 0.4000 0.3333 0.4667
~ 0.3333 0.4000 0.4000 0.4667
~ 0.4000 0.4000 0.4667 0.4667
W 0.4667 0.4000 0.5333 0.4667
~ 0.5333 0.4000 0.6000 0.4667
E 0.6000 0.4000 0.6667 0.4667
~ 0.6667 0.4000 0.7333 0.4667
~ 0.7333 0.4000 0.8000 0.4667
~ 0.8000 0.4000 0.8667 0.4667
~ 0.8667 0.4000 0.9333 0.4667
~ 0.9333 0.4000 1.0000 0.4667
Q 0.0000 0.4667 0.0667 0.5333
I 0.0667 0.4667 0.1333 0.5333
~ 0.1333 0.4667 0.2000 0.5333
T 0.2000 0.4667 0.2667 0.5333
~ 0.2667 0.4667 0.3333 0.5333
~ 0.3333 0.4667 0.4000 0.5333
~ 0.4000 0.4667 0.4667 0.5333
S 0.4667 0.4667 0.5333 0.5333
T 0.5333 0.4667 0.6000 0.5333
A 0.6000 0.4667 0.6667 0.5333
P 0.6667 0.4667 0.7333 0.5333
H 0.7333 0.4667 0.8000 0.5333
S 0.8000 0.4667 0.8667 0.5333
~ 0.8667 0.4667 0.9333 0.5333
~ 0.9333 0.4667 1.0000 0.5333
I 0.0000 0.5333 0.0667 0.6000
N 0.0667 0.5333 0.1333 0.6000
~ 0.1333 0.5333 0.2000 0.6000
T 0.2000 0.5333 0.2667 0.6000
~ 0.2667 0.5333 0.3333 0.6000
~ 0.3333 0.5333 0.4000 0.6000
~ 0.4000 0.5333 0.4667 0.6000
~ 0.4667 0.5333 0.5333 0.6000
~ 0.5333 0.5333 0.6000 0.6000
N 0.6000 0.5333 0.6667 0.6000
O 0.6667 0.5333 0.7333 0.6000
~ 0.7333 0.5333 0.8000 0.6000
A 0.8000 0.5333 0.8667 0.6000
~ 0.8667 0.5333 0.9333 0.6000
~ 0.9333 0.5333 1.0000 0.6000
~ 0.0000 0.6000 0.0667 0.6667
K 0.0667 0.6000 0.1333 0.6667
I 0.1333 0.6000 0.2000 0.6667
E 0.2000 0.6000 0.2667 0.6667
R 0.2667 0.6000 0.3333 0.6667
~ 0.3333 0.6000 0.4000 0.6667
~ 0.4000 0.6000 0.4667 0.6667
~ 0.4667 0.6000 0.5333 0.6667
~ 0.5333 0.6000 0.6000 0.6667
~ 0.6000 0.6000 0.6667 0.6667
D 0.6667 0.6000 0.7333 0.6667
~ 0.7333 0.6000 0.8000 0.6667
N 0.8000 0.6000 0.8667 0.6667
~ 0.8667 0.6000 0.9333 0.6667
~ 0.9333 0.6000 1.0000 0.6667
~ 0.0000 0.6667 0.0667 0.7333
Y 0.0667 0.6667 0.1333 0.7333
~ 0.1333 0.6667 0.2000 0.7333
R 0.2000 0.6667 0.2667 0.7333
~ 0.2667 0.6667 0.3333 0.7333
~ 0.3333 0.6667 0.4000 0.7333
~ 0.4000 0.6667 0.4667 0.7333
~ 0.4667 0.6667 0.5333 0.7333
F 0.5333 0.6667 0.6000 0.7333
~ 0.6000 0.6667 0.6667 0.7333
D 0.6667 0.6667 0.7333 0.7333
~ 0.7333 0.6667 0.8000 0.7333
D 0.8000 0.6667 0.8667 0.7333
~ 0.8667 0.6667 0.9333 0.7333
~ 0.9333 0.6667 1.0000 0.7333
~ 0.0000 0.7333 0.0667 0.8000
~ 0.0667 0.7333 0.1333 0.8000
~ 0.1333 0.7333 0.2000 0.8000
~ 0.2000 0.7333 0.2667 0.8000
~ 0.2667 0.7333 0.3333 0.8000
~ 0.3333 0.7333 0.4000 0.8000
~ 0.4000 0.7333 0.4667 0.8000
G 0.4667 0.7333 0.5333 0.8000
A 0.5333 0.7333 0.6000 0.8000
B 0.6000 0.7333 0.6667 0.8000
Y 0.6667 0.7333 0.7333 0.8000
~ 0.7333 0.7333 0.8000 0.8000
I 0.8000 0.7333 0.8667 0.8000
~ 0.8667 0.7333 0.9333 0.8000
~ 0.9333 0.7333 1.0000 0.8000
C 0.0000 0.8000 0.0667 0.8667
O 0.0667 0.8000 0.1333 0.8667
X 0.1333 0.8000 0.2000 0.8667
~ 0.2000 0.8000 0.2667 0.8667
~ 0.2667 0.8000 0.3333 0.8667
~ 0.3333 0.8000 0.4000 0.8667
~ 0.4000 0.8000 0.4667 0.8667
A 0.4667 0.8000 0.5333 0.8667
H 0.5333 0.8000 0.6000 0.8667
A 0.6000 0.8000 0.6667 0.8667
~ 0.6667 0.8000 0.7333 0.8667
~ 0.7333 0.8000 0.8000 0.8667
N 0.8000 0.8000 0.8667 0.8667
~ 0.8667 0.8000 0.9333 0.8667
~ 0.9333 0.8000 1.0000 0.8667
~ 0.0000 0.8667 0.0667 0.9333
W 0.0667 0.8667 0.1333 0.9333
I 0.1333 0.8667 0.2000 0.9333
E 0.2000 0.8667 0.2667 0.9333
L 0.2667 0.8667 0.3333 0.9333
D 0.3333 0.8667 0.4000 0.9333
~ 0.4000 0.8667 0.4667 0.9333
M 0.4667 0.8667 0.5333 0.9333
~ 0.5333 0.8667 0.6000 0.9333
P 0.6000 0.8667 0.6667 0.9333
~ 0.6667 0.8667 0.7333 0.9333
~ 0.7333 0.8667 0.8000 0.9333
G 0.8000 0.8667 0.8667 0.9333
~ 0.8667 0.8667 0.9333 0.9333
~ 0.9333 0.8667 1.0000 0.9333
~ 0.0000 0.9333 0.0667 1.0000
~ 0.0667 0.9333 0.1333 1.0000
~ 0.1333 0.9333 0.2000 1.0000
T 0.2000 0.9333 0.2667 1.0000
O 0.2667 0.9333 0.3333 1.0000
I 0.3333 0.9333 0.4000 1.0000
L 0.4000 0.9333 0.4667 1.0000
E 0.4667 0.9333 0.5333 1.0000
R 0.5333 0.9333 0.6000 1.0000
S 0.6000 0.9333 0.6667 1.0000
~ 0.6667 0.9333 0.7333 1.0000
~ 0.7333 0.9333 0.8000 1.0000
~ 0.8000 0.9333 0.8667 1.0000
U 0.8667 0.9333 0.9333 1.0000
I 0.9333 0.9333 1.0000 1.0000
