U 0.0000 0.0000 0.0667 0.0667
~ 0.0667 0.0000 0.1333 0.0667
~ 0.1333 0.0000 0.2000 0.0667
~ 0.2000 0.0000 0.2667 0.0667
~ 0.2667 0.0000 0.3333 0.0667
~ 0.3333 0.0000 0.4000 0.0667
~ 0.4000 0.0000 0.4667 0.0667
~ 0.4667 0.0000 0.5333 0.0667
R 0.5333 0.0000 0.6000 0.0667
~ 0.6000 0.0000 0.6667 0.0667
~ 0.6667 0.0000 0.7333 0.0667
S 0.7333 0.0000 0.8000 0.0667
R 0.8000 0.0000 0.8667 0.0667
~ 0.8667 0.0000 0.9333 0.0667
~ 0.9333 0.0000 1.0000 0.0667
P 0.0000 0.0667 0.0667 0.1333
E 0.0667 0.0667 0.1333 0.1333
N 0.1333 0.0667 0.2000 0.1333
D 0.2000 0.0667 0.2667 0.1333
E 0.2667 0.0667 0.3333 0.1333
D 0.3333 0.0667 0.4000 0.1333
~ 0.4000 0.0667 0.4667 0.1333
~ 0.4667 0.0667 0.5333 0.1333
~ 0.5333 0.0667 0.6000 0.1333
~ 0.6000 0.0667 0.6667 0.1333
~ 0.6667 0.0667 0.7333 0.1333
F 0.7333 0.0667 0.8000 0.1333
I 0.8000 0.0667 0.8667 0.1333
Z 0.8667 0.0667 0.9333 0.1333
~ 0.9333 0.0667 1.0000 0.1333
S 0.0000 0.1333 0.0667 0.2000
~ 0.0667 0.1333 0.1333 0.2000
~ 0.1333 0.1333 0.2000 0.2000
O 0.2000 0.1333 0.2667 0.2000
~ 0.2667 0.1333 0.3333 0.2000
~ 0.3333 0.1333 0.4000 0.2000
~ 0.4000 0.1333 0.4667 0.2000
~ 0.4667 0.1333 0.5333 0.2000
~ 0.5333 0.1333 0.6000 0.2000
~ 0.6000 0.1333 0.6667 0.2000
~ 0.6667 0.1333 0.7333 0.2000
U 0.7333 0.1333 0.8000 0.2000
P 0.8000 0.1333 0.8667 0.2000
O 0.8667 0.1333 0.9333 0.2000
~ 0.9333 0.1333 1.0000 0.2000
~ 0.0000 0.2000 0.0667 0.2667
B 0.0667 0.2000 0.1333 0.2667
R 0.1333 0.2000 0.2000 0.2667
I 0.2000 0.2000 0.2667 0.2667
N 0.2667 0.2000 0.3333 0.2667
G 0.3333 0.2000 0.4000 0.2667
~ 0.4000 0.2000 0.4667 0.2667
~ 0.4667 0.2000 0.5333 0.2667
C 0.5333 0.2000 0.6000 0.2667
~ 0.6000 0.2000 0.6667 0.2667
O 0.6667 0.2000 0.7333 0.2667
M 0.7333 0.2000 0.8000 0.2667
E 0.8000 0.2000 0.8667 0.2667
N 0.8667 0.2000 0.9333 0.2667
~ 0.9333 0.2000 1.0000 0.2667
~ 0.0000 0.2667 0.0667 0.3333
~ 0.0667 0.2667 0.1333 0.3333
U 0.1333 0.2667 0.2000 0.3333
T 0.2000 0.2667 0.2667 0.3333
A 0.2667 0.2667 0.3333 0.3333
~ 0.3333 0.2667 0.4000 0.3333
~ 0.4000 0.2667 0.4667 0.3333
L 0.4667 0.2667 0.5333 0.3333
A 0.5333 0.2667 0.6000 0.3333
N 0.6000 0.2667 0.6667 0.3333
K 0.6667 0.2667 0.7333 0.3333
Y 0.7333 0.2667 0.8000 0.3333
~ 0.8000 0.2667 0.8667 0.3333
A 0.8667 0.2667 0.9333 0.3333
W 0.9333 0.2667 1.0000 0.3333
~ 0.0000 0.3333 0.0667 0.4000
I 0.0667 0.3333 0.1333 0.4000
N 0.1333 0.3333 0.2000 0.4000
~ 0.2000 0.3333 0.2667 0.4000
N 0.2667 0.3333 0.3333 0.4000
~ 0.3333 0.3333 0.4000 0.4000
~ 0.4000 0.3333 0.4667 0.4000
~ 0.4667 0.3333 0.5333 0.4000
R 0.5333 0.3333 0.6000 0.4000
~ 0.6000 0.3333 0.6667 0.4000
A 0.6667 0.3333 0.7333 0.4000
~ 0.7333 0.3333 0.8000 0.4000
~ 0.8000 0.3333 0.8667 0.4000
L 0.8667 0.3333 0.9333 0.4000
A 0.9333 0.3333 1.0000 0.4000
~ 0.0000 0.4000 0.0667 0.4667
T 0.0667 0.4000 0.1333 0.4667
~ 0.1333 0.4000 0.2000 0.4667
D 0.2000 0.4000 0.2667 0.4667
A 0.2667 0.4000 0.3333 0.4667
G 0.3333 0.4000 0.4000 0.4667
O 0.4000 0.4000 0.4667 0.4667
~ 0.4667 0.4000 0.5333 0.4667
A 0.5333 0.4000 0.6000 0.4667
~ 0.6000 0.4000 0.6667 0.4667
~ 0.6667 0.4000 0.7333 0.4667
~ 0.7333 0.4000 0.8000 0.4667
~ 0.8000 0.4000 0.8667 0.4667
~ 0.8667 0.4000 0.9333 0.4667
V 0.9333 0.4000 1.0000 0.4667
~ 0.0000 0.4667 0.0667 0.5333
~ 0.0667 0.4667 0.1333 0.5333
~ 0.1333 0.4667 0.2000 0.5333
~ 0.2000 0.4667 0.2667 0.5333
~ 0.2667 0.4667 0.3333 0.5333
O 0.3333 0.4667 0.4000 0.5333
B 0.4000 0.4667 0.4667 0.5333
I 0.4667 0.4667 0.5333 0.5333
T 0.5333 0.4667 0.6000 0.5333
~ 0.6000 0.4667 0.6667 0.5333
~ 0.6667 0.4667 0.7333 0.5333
~ 0.7333 0.4667 0.8000 0.5333
~ 0.8000 0.4667 0.8667 0.5333
F 0.8667 0.4667 0.9333 0.5333
E 0.9333 0.4667 1.0000 0.5333
~ 0.0000 0.5333 0.0667 0.6000
~ 0.0667 0.5333 0.1333 0.6000
~ 0.1333 0.5333 0.2000 0.6000
V 0.2000 0.5333 0.2667 0.6000
E 0.2667 0.5333 0.3333 0.6000
X 0.3333 0.5333 0.4000 0.6000
E 0.4000 0.5333 0.4667 0.6000
D 0.4667 0.5333 0.5333 0.6000
~ 0.5333 0.5333 0.6000 0.6000
~ 0.6000 0.5333 0.6667 0.6000
~ 0.6667 0.5333 0.7333 0.6000
C 0.7333 0.5333 0.8000 0.6000
~ 0.8000 0.5333 0.8667 0.6000
E 0.8667 0.5333 0.9333 0.6000
R 0.9333 0.5333 1.0000 0.6000
~ 0.0000 0.6000 0.0667 0.6667
~ 0.0667 0.6000 0.1333 0.6667
~ 0.1333 0.6000 0.2000 0.6667
A 0.2000 0.6000 0.2667 0.6667
M 0.2667 0.6000 0.3333 0.6667
~ 0.3333 0.6000 0.4000 0.6667
~ 0.4000 0.6000 0.4667 0.6667
~ 0.4667 0.6000 0.5333 0.6667
~ 0.5333 0.6000 0.6000 0.6667
~ 0.6000 0.6000 0.6667 0.6667
Q 0.6667 0.6000 0.7333 0.6667
I 0.7333 0.6000 0.8000 0.6667
~ 0.8000 0.6000 0.8667 0.6667
H 0.8667 0.6000 0.9333 0.6667
~ 0.9333 0.6000 1.0000 0.6667
~ 0.0000 0.6667 0.0667 0.7333
~ 0.0667 0.6667 0.1333 0.7333
~ 0.1333 0.6667 0.2000 0.7333
L 0.2000 0.6667 0.2667 0.7333
I 0.2667 0.6667 0.3333 0.7333
~ 0.3333 0.6667 0.4000 0.7333
~ 0.4000 0.6667 0.4667 0.7333
~ 0.4667 0.6667 0.5333 0.7333
~ 0.5333 0.6667 0.6000 0.7333
~ 0.6000 0.6667 0.6667 0.7333
U 0.6667 0.6667 0.7333 0.7333
S 0.7333 0.6667 0.8000 0.7333
~ 0.8000 0.6667 0.8667 0.7333
~ 0.8667 0.6667 0.9333 0.7333
~ 0.9333 0.6667 1.0000 0.7333
~ 0.0000 0.7333 0.0667 0.8000
~ 0.0667 0.7333 0.1333 0.8000
J 0.1333 0.7333 0.2000 0.8000
E 0.2000 0.7333 0.2667 0.8000
T 0.2667 0.7333 0.3333 0.8000
~ 0.3333 0.7333 0.4000 0.8000
~ 0.4000 0.7333 0.4667 0.8000
~ 0.4667 0.7333 0.5333 0.8000
~ 0.5333 0.7333 0.6000 0.8000
~ 0.6000 0.7333 0.6667 0.8000
O 0.6667 0.7333 0.7333 0.8000
~ 0.7333 0.7333 0.8000 0.8000
~ 0.8000 0.7333 0.8667 0.8000
~ 0.8667 0.7333 0.9333 0.8000
~ 0.9333 0.7333 1.0000 0.8000
~ 0.0000 0.8000 0.0667 0.8667
~ 0.0667 0.8000 0.1333 0.8667
O 0.1333 0.8000 0.2000 0.8667
~ 0.2000 0.8000 0.2667 0.8667
~ 0.2667 0.8000 0.3333 0.8667
A 0.3333 0.8000 0.4000 0.8667
I 0.4000 0.8000 0.4667 0.8667
R 0.4667 0.8000 0.5333 0.8667
~ 0.5333 0.8000 0.6000 0.8667
~ 0.6000 0.8000 0.6667 0.8667
I 0.6667 0.8000 0.7333 0.8667
~ 0.7333 0.8000 0.8000 0.8667
~ 0.8000 0.8000 0.8667 0.8667
~ 0.8667 0.8000 0.9333 0.8667
~ 0.9333 0.8000 1.0000 0.8667
~ 0.0000 0.8667 0.0667 0.9333
W 0.0667 0.8667 0.1333 0.9333
E 0.1333 0.8667 0.2000 0.9333
I 0.2000 0.8667 0.2667 0.9333
G 0.2667 0.8667 0.3333 0.9333
H 0.3333 0.8667 0.4000 0.9333
T 0.4000 0.8667 0.4667 0.9333
Y 0.4667 0.8667 0.5333 0.9333
~ 0.5333 0.8667 0.6000 0.9333
~ 0.6000 0.8667 0.6667 0.9333
T 0.6667 0.8667 0.7333 0.9333
~ 0.7333 0.8667 0.8000 0.9333
~ 0.8000 0.8667 0.8667 0.9333
~ 0.8667 0.8667 0.9333 0.9333
~ 0.9333 0.8667 1.0000 0.9333
O 0.0000 0.9333 0.0667 1.0000
E 0.0667 0.9333 0.1333 1.0000
~ 0.1333 0.9333 0.2000 1.0000
~ 0.2000 0.9333 0.2667 1.0000
~ 0.2667 0.9333 0.3333 1.0000
~ 0.3333 0.9333 0.4000 1.0000
~ 0.4000 0.9333 0.4667 1.0000
E 0.4667 0.9333 0.5333 1.0000
E 0.5333 0.9333 0.6000 1.0000
L 0.6000 0.9333 0.6667 1.0000
S 0.6667 0.9333 0.7333 1.0000
~ 0.7333 0.9333 0.8000 1.0000
~ 0.8000 0.9333 0.8667 1.0000
~ 0.8667 0.9333 0.9333 1.0000
~ 0.9333 0.9333 1.0000 1.0000
