~ 0.0000 0.0000 0.0667 0.0667
U 0.0667 0.0000 0.1333 0.0667
~ 0.1333 0.0000 0.2000 0.0667
~ 0.2000 0.0000 0.2667 0.0667
~ 0.2667 0.0000 0.3333 0.0667
~ 0.3333 0.0000 0.4000 0.0667
~ 0.4000 0.0000 0.4667 0.0667
~ 0.4667 0.0000 0.5333 0.0667
~ 0.5333 0.0000 0.6000 0.0667
~ 0.6000 0.0000 0.6667 0.0667
~ 0.6667 0.0000 0.7333 0.0667
~ 0.7333 0.0000 0.8000 0.0667
B 0.8000 0.0000 0.8667 0.0667
A 0.8667 0.0000 0.9333 0.0667
A 0.9333 0.0000 1.0000 0.0667
~ 0.0000 0.0667 0.0667 0.1333
N 0.0667 0.0667 0.1333 0.1333
~ 0.1333 0.0667 0.2000 0.1333
~ 0.2000 0.0667 0.2667 0.1333
~ 0.2667 0.0667 0.3333 0.1333
~ 0.3333 0.0667 0.4000 0.1333
~ 0.4000 0.0667 0.4667 0.1333
~ 0.4667 0.0667 0.5333 0.1333
~ 0.5333 0.0667 0.6000 0.1333
~ 0.6000 0.0667 0.6667 0.1333
~ 0.6667 0.0667 0.7333 0.1333
H 0.7333 0.0667 0.8000 0.1333
E 0.8000 0.0667 0.8667 0.1333
Y 0.8667 0.0667 0.9333 0.1333
~ 0.9333 0.0667 1.0000 0.1333
~ 0.0000 0.1333 0.0667 0.2000
~ 0.0667 0.1333 0.1333 0.2000
~ 0.1333 0.1333 0.2000 0.2000
~ 0.2000 0.1333 0.2667 0.2000
~ 0.2667 0.1333 0.3333 0.2000
~ 0.3333 0.1333 0.4000 0.2000
~ 0.4000 0.1333 0.4667 0.2000
~ 0.4667 0.1333 0.5333 0.2000
~ 0.5333 0.1333 0.6000 0.2000
~ 0.6000 0.1333 0.6667 0.2000
~ 0.6667 0.1333 0.7333 0.2000
I 0.7333 0.1333 0.8000 0.2000
T 0.8000 0.1333 0.8667 0.2000
~ 0.8667 0.1333 0.9333 0.2000
~ 0.9333 0.1333 1.0000 0.2000
~ 0.0000 0.2000 0.0667 0.2667
I 0.0667 0.2000 0.1333 0.2667
~ 0.1333 0.2000 0.2000 0.2667
~ 0.2000 0.2000 0.2667 0.2667
~ 0.2667 0.2000 0.3333 0.2667
~ 0.3333 0.2000 0.4000 0.2667
~ 0.4000 0.2000 0.4667 0.2667
~ 0.4667 0.2000 0.5333 0.2667
~ 0.5333 0.2000 0.6000 0.2667
~ 0.6000 0.2000 0.6667 0.2667
F 0.6667 0.2000 0.7333 0.2667
E 0.7333 0.2000 0.8000 0.2667
T 0.8000 0.2000 0.8667 0.2667
A 0.8667 0.2000 0.9333 0.2667
~ 0.9333 0.2000 1.0000 0.2667
~ 0.0000 0.2667 0.0667 0.3333
N 0.0667 0.2667 0.1333 0.3333
~ 0.1333 0.2667 0.2000 0.3333
~ 0.2000 0.2667 0.2667 0.3333
~ 0.2667 0.2667 0.3333 0.3333
~ 0.3333 0.2667 0.4000 0.3333
~ 0.4000 0.2667 0.4667 0.3333
~ 0.4667 0.2667 0.5333 0.3333
~ 0.5333 0.2667 0.6000 0.3333
~ 0.6000 0.2667 0.6667 0.3333
O 0.6667 0.2667 0.7333 0.3333
~ 0.7333 0.2667 0.8000 0.3333
E 0.8000 0.2667 0.8667 0.3333
X 0.8667 0.2667 0.9333 0.3333
~ 0.9333 0.2667 1.0000 0.3333
~ 0.0000 0.3333 0.0667 0.4000
D 0.0667 0.3333 0.1333 0.4000
~ 0.1333 0.3333 0.2000 0.4000
~ 0.2000 0.3333 0.2667 0.4000
~ 0.2667 0.3333 0.3333 0.4000
~ 0.3333 0.3333 0.4000 0.4000
~ 0.4000 0.3333 0.4667 0.4000
~ 0.4667 0.3333 0.5333 0.4000
C 0.5333 0.3333 0.6000 0.4000
~ 0.6000 0.3333 0.6667 0.4000
G 0.6667 0.3333 0.7333 0.4000
~ 0.7333 0.3333 0.8000 0.4000
R 0.8000 0.3333 0.8667 0.4000
E 0.8667 0.3333 0.9333 0.4000
~ 0.9333 0.3333 1.0000 0.4000
~ 0.0000 0.4000 0.0667 0.4667
E 0.0667 0.4000 0.1333 0.4667
~ 0.1333 0.4000 0.2000 0.4667
~ 0.2000 0.4000 0.2667 0.4667
~ 0.2667 0.4000 0.3333 0.4667
~ 0.3333 0.4000 0.4000 0.4667
~ 0.4000 0.4000 0.4667 0.4667
P 0.4667 0.4000 0.5333 0.4667
U 0.5333 0.4000 0.6000 0.4667
P 0.6000 0.4000 0.6667 0.4667
S 0.6667 0.4000 0.7333 0.4667
~ 0.7333 0.4000 0.8000 0.4667
S 0.8000 0.4000 0.8667 0.4667
~ 0.8667 0.4000 0.9333 0.4667
~ 0.9333 0.4000 1.0000 0.4667
U 0.0000 0.4667 0.0667 0.5333
R 0.0667 0.4667 0.1333 0.5333
A 0.1333 0.4667 0.2000 0.5333
R 0.2000 0.4667 0.2667 0.5333
E 0.2667 0.4667 0.3333 0.5333
~ 0.3333 0.4667 0.4000 0.5333
L 0.4000 0.4667 0.4667 0.5333
I 0.4667 0.4667 0.5333 0.5333
R 0.5333 0.4667 0.6000 0.5333
I 0.6000 0.4667 0.6667 0.5333
~ 0.6667 0.4667 0.7333 0.5333
~ 0.7333 0.4667 0.8000 0.5333
~ 0.8000 0.4667 0.8667 0.5333
~ 0.8667 0.4667 0.9333 0.5333
~ 0.9333 0.4667 1.0000 0.5333
~ 0.0000 0.5333 0.0667 0.6000
~ 0.0667 0.5333 0.1333 0.6000
~ 0.1333 0.5333 0.2000 0.6000
U 0.2000 0.5333 0.2667 0.6000
~ 0.2667 0.5333 0.3333 0.6000
~ 0.3333 0.5333 0.4000 0.6000
~ 0.4000 0.5333 0.4667 0.6000
~ 0.4667 0.5333 0.5333 0.6000
I 0.5333 0.5333 0.6000 0.6000
~ 0.6000 0.5333 0.6667 0.6000
~ 0.6667 0.5333 0.7333 0.6000
~ 0.7333 0.5333 0.8000 0.6000
~ 0.8000 0.5333 0.8667 0.6000
C 0.8667 0.5333 0.9333 0.6000
~ 0.9333 0.5333 1.0000 0.6000
~ 0.0000 0.6000 0.0667 0.6667
Q 0.0667 0.6000 0.1333 0.6667
~ 0.1333 0.6000 0.2000 0.6667
E 0.2000 0.6000 0.2667 0.6667
G 0.2667 0.6000 0.3333 0.6667
O 0.3333 0.6000 0.4000 0.6667
~ 0.4000 0.6000 0.4667 0.6667
J 0.4667 0.6000 0.5333 0.6667
O 0.5333 0.6000 0.6000 0.6667
G 0.6000 0.6000 0.6667 0.6667
~ 0.6667 0.6000 0.7333 0.6667
~ 0.7333 0.6000 0.8000 0.6667
~ 0.8000 0.6000 0.8667 0.6667
Y 0.8667 0.6000 0.9333 0.6667
~ 0.9333 0.6000 1.0000 0.6667
~ 0.0000 0.6667 0.0667 0.7333
A 0.0667 0.6667 0.1333 0.7333
~ 0.1333 0.6667 0.2000 0.7333
~ 0.2000 0.6667 0.2667 0.7333
L 0.2667 0.6667 0.3333 0.7333
E 0.3333 0.6667 0.4000 0.7333
V 0.4000 0.6667 0.4667 0.7333
O 0.4667 0.6667 0.5333 0.7333
~ 0.5333 0.6667 0.6000 0.7333
I 0.6000 0.6667 0.6667 0.7333
D 0.6667 0.6667 0.7333 0.7333
~ 0.7333 0.6667 0.8000 0.7333
~ 0.8000 0.6667 0.8667 0.7333
A 0.8667 0.6667 0.9333 0.7333
~ 0.9333 0.6667 1.0000 0.7333
~ 0.0000 0.7333 0.0667 0.8000
T 0.0667 0.7333 0.1333 0.8000
~ 0.1333 0.7333 0.2000 0.8000
K 0.2000 0.7333 0.2667 0.8000
I 0.2667 0.7333 0.3333 0.8000
S 0.3333 0.7333 0.4000 0.8000
~ 0.4000 0.7333 0.4667 0.8000
T 0.4667 0.7333 0.5333 0.8000
~ 0.5333 0.7333 0.6000 0.8000
N 0.6000 0.7333 0.6667 0.8000
O 0.6667 0.7333 0.7333 0.8000
H 0.7333 0.7333 0.8000 0.8000
~ 0.8000 0.7333 0.8667 0.8000
N 0.8667 0.7333 0.9333 0.8000
~ 0.9333 0.7333 1.0000 0.8000
~ 0.0000 0.8000 0.0667 0.8667
S 0.0667 0.8000 0.1333 0.8667
W 0.1333 0.8000 0.2000 0.8667
A 0.2000 0.8000 0.2667 0.8667
B 0.2667 0.8000 0.3333 0.8667
~ 0.3333 0.8000 0.4000 0.8667
~ 0.4000 0.8000 0.4667 0.8667
T 0.4667 0.8000 0.5333 0.8667
~ 0.5333 0.8000 0.6000 0.8667
~ 0.6000 0.8000 0.6667 0.8667
M 0.6667 0.8000 0.7333 0.8667
O 0.7333 0.8000 0.8000 0.8667
D 0.8000 0.8000 0.8667 0.8667
I 0.8667 0.8000 0.9333 0.8667
~ 0.9333 0.8000 1.0000 0.8667
~ 0.0000 0.8667 0.0667 0.9333
~ 0.0667 0.8667 0.1333 0.9333
O 0.1333 0.8667 0.2000 0.9333
~ 0.2000 0.8667 0.2667 0.9333
~ 0.2667 0.8667 0.3333 0.9333
Z 0.3333 0.8667 0.4000 0.9333
E 0.4000 0.8667 0.4667 0.9333
E 0.4667 0.8667 0.5333 0.9333
~ 0.5333 0.8667 0.6000 0.9333
~ 0.6000 0.8667 0.6667 0.9333
~ 0.6667 0.8667 0.7333 0.9333
M 0.7333 0.8667 0.8000 0.9333
~ 0.8000 0.8667 0.8667 0.9333
T 0.8667 0.8667 0.9333 0.9333
~ 0.9333 0.8667 1.0000 0.9333
V 0.0000 0.9333 0.0667 1.0000
A 0.0667 0.9333 0.1333 1.0000
W 0.1333 0.9333 0.2000 1.0000
~ 0.2000 0.9333 0.2667 1.0000
~ 0.2667 0.9333 0.3333 1.0000
~ 0.3333 0.9333 0.4000 1.0000
~ 0.4000 0.9333 0.4667 1.0000
D 0.4667 0.9333 0.5333 1.0000
E 0.5333 0.9333 0.6000 1.0000
~ 0.6000 0.9333 0.6667 1.0000
L 0.6667 0.9333 0.7333 1.0000
O 0.7333 0.9333 0.8000 1.0000
R 0.8000 0.9333 0.8667 1.0000
E 0.8667 0.9333 0.9333 1.0000
R 0.9333 0.9333 1.0000 1.0000
