~ 0.0000 0.0000 0.0667 0.0667
~ 0.0667 0.0000 0.1333 0.0667
~ 0.1333 0.0000 0.2000 0.0667
~ 0.2000 0.0000 0.2667 0.0667
~ 0.2667 0.0000 0.3333 0.0667
~ 0.3333 0.0000 0.4000 0.0667
~ 0.4000 0.0000 0.4667 0.0667
N 0.4667 0.0000 0.5333 0.0667
~ 0.5333 0.0000 0.6000 0.0667
~ 0.6000 0.0000 0.6667 0.0667
Q 0.6667 0.0000 0.7333 0.0667
I 0.7333 0.0000 0.8000 0.0667
~ 0.8000 0.0000 0.8667 0.0667
W 0.8667 0.0000 0.9333 0.0667
E 0.9333 0.0000 1.0000 0.0667
~ 0.0000 0.0667 0.0667 0.1333
~ 0.0667 0.0667 0.1333 0.1333
~ 0.1333 0.0667 0.2000 0.1333
~ 0.2000 0.0667 0.2667 0.1333
R 0.2667 0.0667 0.3333 0.1333
~ 0.3333 0.0667 0.4000 0.1333
~ 0.4000 0.0667 0.4667 0.1333
I 0.4667 0.0667 0.5333 0.1333
~ 0.5333 0.0667 0.6000 0.1333
B 0.6000 0.0667 0.6667 0.1333
U 0.6667 0.0667 0.7333 0.1333
D 0.7333 0.0667 0.8000 0.1333
G 0.8000 0.0667 0.8667 0.1333
E 0.8667 0.0667 0.9333 0.1333
R 0.9333 0.0667 1.0000 0.1333
~ 0.0000 0.1333 0.0667 0.2000
C 0.0667 0.1333 0.1333 0.2000
~ 0.1333 0.1333 0.2000 0.2000
~ 0.2000 0.1333 0.2667 0.2000
I 0.2667 0.1333 0.3333 0.2000
~ 0.3333 0.1333 0.4000 0.2000
~ 0.4000 0.1333 0.4667 0.2000
N 0.4667 0.1333 0.5333 0.2000
~ 0.5333 0.1333 0.6000 0.2000
~ 0.6000 0.1333 0.6667 0.2000
A 0.6667 0.1333 0.7333 0.2000
~ 0.7333 0.1333 0.8000 0.2000
O 0.8000 0.1333 0.8667 0.2000
N 0.8667 0.1333 0.9333 0.2000
E 0.9333 0.1333 1.0000 0.2000
~ 0.0000 0.2000 0.0667 0.2667
R 0.0667 0.2000 0.1333 0.2667
~ 0.1333 0.2000 0.2000 0.2667
T 0.2000 0.2000 0.2667 0.2667
O 0.2667 0.2000 0.3333 0.2667
R 0.3333 0.2000 0.4000 0.2667
P 0.4000 0.2000 0.4667 0.2667
E 0.4667 0.2000 0.5333 0.2667
D 0.5333 0.2000 0.6000 0.2667
O 0.6000 0.2000 0.6667 0.2667
S 0.6667 0.2000 0.7333 0.2667
~ 0.7333 0.2000 0.8000 0.2667
~ 0.8000 0.2000 0.8667 0.2667
~ 0.8667 0.2000 0.9333 0.2667
~ 0.9333 0.2000 1.0000 0.2667
N 0.0000 0.2667 0.0667 0.3333
A 0.0667 0.2667 0.1333 0.3333
~ 0.1333 0.2667 0.2000 0.3333
~ 0.2000 0.2667 0.2667 0.3333
J 0.2667 0.2667 0.3333 0.3333
~ 0.3333 0.2667 0.4000 0.3333
~ 0.4000 0.2667 0.4667 0.3333
T 0.4667 0.2667 0.5333 0.3333
~ 0.5333 0.2667 0.6000 0.3333
~ 0.6000 0.2667 0.6667 0.3333
H 0.6667 0.2667 0.7333 0.3333
~ 0.7333 0.2667 0.8000 0.3333
~ 0.8000 0.2667 0.8667 0.3333
~ 0.8667 0.2667 0.9333 0.3333
~ 0.9333 0.2667 1.0000 0.3333
I 0.0000 0.3333 0.0667 0.4000
N 0.0667 0.3333 0.1333 0.4000
~ 0.1333 0.3333 0.2000 0.4000
~ 0.2000 0.3333 0.2667 0.4000
A 0.2667 0.3333 0.3333 0.4000
M 0.3333 0.3333 0.4000 0.4000
~ 0.4000 0.3333 0.4667 0.4000
Y 0.4667 0.3333 0.5333 0.4000
~ 0.5333 0.3333 0.6000 0.4000
~ 0.6000 0.3333 0.6667 0.4000
~ 0.6667 0.3333 0.7333 0.4000
~ 0.7333 0.3333 0.8000 0.4000
~ 0.8000 0.3333 0.8667 0.4000
G 0.8667 0.3333 0.9333 0.4000
~ 0.9333 0.3333 1.0000 0.4000
P 0.0000 0.4000 0.0667 0.4667
I 0.0667 0.4000 0.1333 0.4667
~ 0.1333 0.4000 0.2000 0.4667
U 0.2000 0.4000 0.2667 0.4667
~ 0.2667 0.4000 0.3333 0.4667
O 0.3333 0.4000 0.4000 0.4667
~ 0.4000 0.4000 0.4667 0.4667
~ 0.4667 0.4000 0.5333 0.4667
~ 0.5333 0.4000 0.6000 0.4667
~ 0.6000 0.4000 0.6667 0.4667
~ 0.6667 0.4000 0.7333 0.4667
~ 0.7333 0.4000 0.8000 0.4667
~ 0.8000 0.4000 0.8667 0.4667
O 0.8667 0.4000 0.9333 0.4667
~ 0.9333 0.4000 1.0000 0.4667
A 0.0000 0.4667 0.0667 0.5333
A 0.0667 0.4667 0.1333 0.5333
~ 0.1333 0.4667 0.2000 0.5333
V 0.2000 0.4667 0.2667 0.5333
E 0.2667 0.4667 0.3333 0.5333
X 0.3333 0.4667 0.4000 0.5333
E 0.4000 0.4667 0.4667 0.5333
D 0.4667 0.4667 0.5333 0.5333
~ 0.5333 0.4667 0.6000 0.5333
~ 0.6000 0.4667 0.6667 0.5333
~ 0.6667 0.4667 0.7333 0.5333
H 0.7333 0.4667 0.8000 0.5333
E 0.8000 0.4667 0.8667 0.5333
A 0.8667 0.4667 0.9333 0.5333
T 0.9333 0.4667 1.0000 0.5333
~ 0.0000 0.5333 0.0667 0.6000
~ 0.0667 0.5333 0.1333 0.6000
Y 0.1333 0.5333 0.2000 0.6000
E 0.2000 0.5333 0.2667 0.6000
~ 0.2667 0.5333 0.3333 0.6000
I 0.3333 0.5333 0.4000 0.6000
~ 0.4000 0.5333 0.4667 0.6000
O 0.4667 0.5333 0.5333 0.6000
L 0.5333 0.5333 0.6000 0.6000
O 0.6000 0.5333 0.6667 0.6000
G 0.6667 0.5333 0.7333 0.6000
I 0.7333 0.5333 0.8000 0.6000
S 0.8000 0.5333 0.8667 0.6000
T 0.8667 0.5333 0.9333 0.6000
~ 0.9333 0.5333 1.0000 0.6000
~ 0.0000 0.6000 0.0667 0.6667
~ 0.0667 0.6000 0.1333 0.6667
A 0.1333 0.6000 0.2000 0.6667
A 0.2000 0.6000 0.2667 0.6667
~ 0.2667 0.6000 0.3333 0.6667
E 0.3333 0.6000 0.4000 0.6667
~ 0.4000 0.6000 0.4667 0.6667
R 0.4667 0.6000 0.5333 0.6667
I 0.5333 0.6000 0.6000 0.6667
F 0.6000 0.6000 0.6667 0.6667
~ 0.6667 0.6000 0.7333 0.6667
~ 0.7333 0.6000 0.8000 0.6667
~ 0.8000 0.6000 0.8667 0.6667
~ 0.8667 0.6000 0.9333 0.6667
~ 0.9333 0.6000 1.0000 0.6667
V 0.0000 0.6667 0.0667 0.7333
O 0.0667 0.6667 0.1333 0.7333
W 0.1333 0.6667 0.2000 0.7333
~ 0.2000 0.6667 0.2667 0.7333
~ 0.2667 0.6667 0.3333 0.7333
~ 0.3333 0.6667 0.4000 0.7333
B 0.4000 0.6667 0.4667 0.7333
E 0.4667 0.6667 0.5333 0.7333
E 0.5333 0.6667 0.6000 0.7333
T 0.6000 0.6667 0.6667 0.7333
S 0.6667 0.6667 0.7333 0.7333
~ 0.7333 0.6667 0.8000 0.7333
~ 0.8000 0.6667 0.8667 0.7333
~ 0.8667 0.6667 0.9333 0.7333
~ 0.9333 0.6667 1.0000 0.7333
~ 0.0000 0.7333 0.0667 0.8000
F 0.0667 0.7333 0.1333 0.8000
E 0.1333 0.7333 0.2000 0.8000
L 0.2000 0.7333 0.2667 0.8000
L 0.2667 0.7333 0.3333 0.8000
~ 0.3333 0.7333 0.4000 0.8000
~ 0.4000 0.7333 0.4667 0.8000
~ 0.4667 0.7333 0.5333 0.8000
~ 0.5333 0.7333 0.6000 0.8000
~ 0.6000 0.7333 0.6667 0.8000
T 0.6667 0.7333 0.7333 0.8000
~ 0.7333 0.7333 0.8000 0.8000
~ 0.8000 0.7333 0.8667 0.8000
~ 0.8667 0.7333 0.9333 0.8000
~ 0.9333 0.7333 1.0000 0.8000
~ 0.0000 0.8000 0.0667 0.8667
~ 0.0667 0.8000 0.1333 0.8667
D 0.1333 0.8000 0.2000 0.8667
~ 0.2000 0.8000 0.2667 0.8667
~ 0.2667 0.8000 0.3333 0.8667
~ 0.3333 0.8000 0.4000 0.8667
~ 0.4000 0.8000 0.4667 0.8667
~ 0.4667 0.8000 0.5333 0.8667
~ 0.5333 0.8000 0.6000 0.8667
~ 0.6000 0.8000 0.6667 0.8667
I 0.6667 0.8000 0.7333 0.8667
Z 0.7333 0.8000 0.8000 0.8667
~ 0.8000 0.8000 0.8667 0.8667
R 0.8667 0.8000 0.9333 0.8667
~ 0.9333 0.8000 1.0000 0.8667
~ 0.0000 0.8667 0.0667 0.9333
~ 0.0667 0.8667 0.1333 0.9333
~ 0.1333 0.8667 0.2000 0.9333
~ 0.2000 0.8667 0.2667 0.9333
~ 0.2667 0.8667 0.3333 0.9333
~ 0.3333 0.8667 0.4000 0.9333
~ 0.4000 0.8667 0.4667 0.9333
~ 0.4667 0.8667 0.5333 0.9333
~ 0.5333 0.8667 0.6000 0.9333
~ 0.6000 0.8667 0.6667 0.9333
N 0.6667 0.8667 0.7333 0.9333
~ 0.7333 0.8667 0.8000 0.9333
~ 0.8000 0.8667 0.8667 0.9333
~ 0.8667 0.8667 0.9333 0.9333
~ 0.9333 0.8667 1.0000 0.9333
~ 0.0000 0.9333 0.0667 1.0000
~ 0.0667 0.9333 0.1333 1.0000
~ 0.1333 0.9333 0.2000 1.0000
~ 0.2000 0.9333 0.2667 1.0000
~ 0.2667 0.9333 0.3333 1.0000
~ 0.3333 0.9333 0.4000 1.0000
C 0.4000 0.9333 0.4667 1.0000
A 0.4667 0.9333 0.5333 1.0000
U 0.5333 0.9333 0.6000 1.0000
L 0.6000 0.9333 0.6667 1.0000
K 0.6667 0.9333 0.7333 1.0000
S 0.7333 0.9333 0.8000 1.0000
~ 0.8000 0.9333 0.8667 1.0000
~ 0.8667 0.9333 0.9333 1.0000
~ 0.9333 0.9333 1.0000 1.0000
