~ 0.0000 0.0000 0.0667 0.0667
~ 0.0667 0.0000 0.1333 0.0667
~ 0.1333 0.0000 0.2000 0.0667
~ 0.2000 0.0000 0.2667 0.0667
~ 0.2667 0.0000 0.3333 0.0667
~ 0.3333 0.0000 0.4000 0.0667
O 0.4000 0.0000 0.4667 0.0667
~ 0.4667 0.0000 0.5333 0.0667
~ 0.5333 0.0000 0.6000 0.0667
~ 0.6000 0.0000 0.6667 0.0667
~ 0.6667 0.0000 0.7333 0.0667
~ 0.7333 0.0000 0.8000 0.0667
~ 0.8000 0.0000 0.8667 0.0667
~ 0.8667 0.0000 0.9333 0.0667
~ 0.9333 0.0000 1.0000 0.0667
~ 0.0000 0.0667 0.0667 0.1333
~ 0.0667 0.0667 0.1333 0.1333
~ 0.1333 0.0667 0.2000 0.1333
~ 0.2000 0.0667 0.2667 0.1333
~ 0.2667 0.0667 0.3333 0.1333
Q 0.3333 0.0667 0.4000 0.1333
I 0.4000 0.0667 0.4667 0.1333
~ 0.4667 0.0667 0.5333 0.1333
~ 0.5333 0.0667 0.6000 0.1333
N 0.6000 0.0667 0.6667 0.1333
~ 0.6667 0.0667 0.7333 0.1333
~ 0.7333 0.0667 0.8000 0.1333
~ 0.8000 0.0667 0.8667 0.1333
~ 0.8667 0.0667 0.9333 0.1333
~ 0.9333 0.0667 1.0000 0.1333
~ 0.0000 0.1333 0.0667 0.2000
~ 0.0667 0.1333 0.1333 0.2000
~ 0.1333 0.1333 0.2000 0.2000
~ 0.2000 0.1333 0.2667 0.2000
~ 0.2667 0.1333 0.3333 0.2000
U 0.3333 0.1333 0.4000 0.2000
~ 0.4000 0.1333 0.4667 0.2000
~ 0.4667 0.1333 0.5333 0.2000
~ 0.5333 0.1333 0.6000 0.2000
E 0.6000 0.1333 0.6667 0.2000
~ 0.6667 0.1333 0.7333 0.2000
I 0.7333 0.1333 0.8000 0.2000
T 0.8000 0.1333 0.8667 0.2000
I 0.8667 0.1333 0.9333 0.2000
~ 0.9333 0.1333 1.0000 0.2000
~ 0.0000 0.2000 0.0667 0.2667
~ 0.0667 0.2000 0.1333 0.2667
~ 0.1333 0.2000 0.2000 0.2667
C 0.2000 0.2000 0.2667 0.2667
L 0.2667 0.2000 0.3333 0.2667
A 0.3333 0.2000 0.4000 0.2667
N 0.4000 0.2000 0.4667 0.2667
K 0.4667 0.2000 0.5333 0.2667
~ 0.5333 0.2000 0.6000 0.2667
R 0.6000 0.2000 0.6667 0.2667
~ 0.6667 0.2000 0.7333 0.2667
~ 0.7333 0.2000 0.8000 0.2667
~ 0.8000 0.2000 0.8667 0.2667
~ 0.8667 0.2000 0.9333 0.2667
~ 0.9333 0.2000 1.0000 0.2667
~ 0.0000 0.2667 0.0667 0.3333
~ 0.0667 0.2667 0.1333 0.3333
~ 0.1333 0.2667 0.2000 0.3333
~ 0.2000 0.2667 0.2667 0.3333
~ 0.2667 0.2667 0.3333 0.3333
E 0.3333 0.2667 0.4000 0.3333
~ 0.4000 0.2667 0.4667 0.3333
A 0.4667 0.2667 0.5333 0.3333
R 0.5333 0.2667 0.6000 0.3333
V 0.6000 0.2667 0.6667 0.3333
O 0.6667 0.2667 0.7333 0.3333
S 0.7333 0.2667 0.8000 0.3333
R 0.8000 0.2667 0.8667 0.3333
~ 0.8667 0.2667 0.9333 0.3333
~ 0.9333 0.2667 1.0000 0.3333
~ 0.0000 0.3333 0.0667 0.4000
~ 0.0667 0.3333 0.1333 0.4000
~ 0.1333 0.3333 0.2000 0.4000
~ 0.2000 0.3333 0.2667 0.4000
~ 0.2667 0.3333 0.3333 0.4000
R 0.3333 0.3333 0.4000 0.4000
~ 0.4000 0.3333 0.4667 0.4000
N 0.4667 0.3333 0.5333 0.4000
~ 0.5333 0.3333 0.6000 0.4000
Y 0.6000 0.3333 0.6667 0.4000
~ 0.6667 0.3333 0.7333 0.4000
O 0.7333 0.3333 0.8000 0.4000
U 0.8000 0.3333 0.8667 0.4000
D 0.8667 0.3333 0.9333 0.4000
S 0.9333 0.3333 1.0000 0.4000
~ 0.0000 0.4000 0.0667 0.4667
~ 0.0667 0.4000 0.1333 0.4667
~ 0.1333 0.4000 0.2000 0.4667
~ 0.2000 0.4000 0.2667 0.4667
~ 0.2667 0.4000 0.3333 0.4667
E 0.3333 0.4000 0.4000 0.4667
~ 0.4000 0.4000 0.4667 0.4667
J 0.4667 0.4000 0.5333 0.4667
~ 0.5333 0.4000 0.6000 0.4667
~ 0.6000 0.4000 0.6667 0.4667
~ 0.6667 0.4000 0.7333 0.4667
F 0.7333 0.4000 0.8000 0.4667
~ 0.8000 0.4000 0.8667 0.4667
~ 0.8667 0.4000 0.9333 0.4667
~ 0.9333 0.4000 1.0000 0.4667
V 0.0000 0.4667 0.0667 0.5333
E 0.0667 0.4667 0.1333 0.5333
T 0.1333 0.4667 0.2000 0.5333
O 0.2000 0.4667 0.2667 0.5333
E 0.2667 0.4667 0.3333 0.5333
S 0.3333 0.4667 0.4000 0.5333
~ 0.4000 0.4667 0.4667 0.5333
I 0.4667 0.4667 0.5333 0.5333
~ 0.5333 0.4667 0.6000 0.5333
A 0.6000 0.4667 0.6667 0.5333
N 0.6667 0.4667 0.7333 0.5333
T 0.7333 0.4667 0.8000 0.5333
H 0.8000 0.4667 0.8667 0.5333
E 0.8667 0.4667 0.9333 0.5333
M 0.9333 0.4667 1.0000 0.5333
~ 0.0000 0.5333 0.0667 0.6000
~ 0.0667 0.5333 0.1333 0.6000
R 0.1333 0.5333 0.2000 0.6000
~ 0.2000 0.5333 0.2667 0.6000
~ 0.2667 0.5333 0.3333 0.6000
~ 0.3333 0.5333 0.4000 0.6000
~ 0.4000 0.5333 0.4667 0.6000
~ 0.4667 0.5333 0.5333 0.6000
~ 0.5333 0.5333 0.6000 0.6000
~ 0.6000 0.5333 0.6667 0.6000
~ 0.6667 0.5333 0.7333 0.6000
I 0.7333 0.5333 0.8000 0.6000
~ 0.8000 0.5333 0.8667 0.6000
~ 0.8667 0.5333 0.9333 0.6000
~ 0.9333 0.5333 1.0000 0.6000
~ 0.0000 0.6000 0.0667 0.6667
X 0.0667 0.6000 0.1333 0.6667
U 0.1333 0.6000 0.2000 0.6667
~ 0.2000 0.6000 0.2667 0.6667
O 0.2667 0.6000 0.3333 0.6667
D 0.3333 0.6000 0.4000 0.6667
A 0.4000 0.6000 0.4667 0.6667
~ 0.4667 0.6000 0.5333 0.6667
~ 0.5333 0.6000 0.6000 0.6667
C 0.6000 0.6000 0.6667 0.6667
L 0.6667 0.6000 0.7333 0.6667
E 0.7333 0.6000 0.8000 0.6667
F 0.8000 0.6000 0.8667 0.6667
T 0.8667 0.6000 0.9333 0.6667
~ 0.9333 0.6000 1.0000 0.6667
~ 0.0000 0.6667 0.0667 0.7333
I 0.0667 0.6667 0.1333 0.7333
N 0.1333 0.6667 0.2000 0.7333
~ 0.2000 0.6667 0.2667 0.7333
B 0.2667 0.6667 0.3333 0.7333
A 0.3333 0.6667 0.4000 0.7333
G 0.4000 0.6667 0.4667 0.7333
~ 0.4667 0.6667 0.5333 0.7333
~ 0.5333 0.6667 0.6000 0.7333
L 0.6000 0.6667 0.6667 0.7333
~ 0.6667 0.6667 0.7333 0.7333
~ 0.7333 0.6667 0.8000 0.7333
~ 0.8000 0.6667 0.8667 0.7333
~ 0.8667 0.6667 0.9333 0.7333
~ 0.9333 0.6667 1.0000 0.7333
~ 0.0000 0.7333 0.0667 0.8000
~ 0.0667 0.7333 0.1333 0.8000
D 0.1333 0.7333 0.2000 0.8000
I 0.2000 0.7333 0.2667 0.8000
A 0.2667 0.7333 0.3333 0.8000
~ 0.3333 0.7333 0.4000 0.8000
O 0.4000 0.7333 0.4667 0.8000
G 0.4667 0.7333 0.5333 0.8000
U 0.5333 0.7333 0.6000 0.8000
E 0.6000 0.7333 0.6667 0.8000
R 0.6667 0.7333 0.7333 0.8000
~ 0.7333 0.7333 0.8000 0.8000
~ 0.8000 0.7333 0.8667 0.8000
~ 0.8667 0.7333 0.9333 0.8000
~ 0.9333 0.7333 1.0000 0.8000
D 0.0000 0.8000 0.0667 0.8667
E 0.0667 0.8000 0.1333 0.8667
L 0.1333 0.8000 0.2000 0.8667
~ 0.2000 0.8000 0.2667 0.8667
~ 0.2667 0.8000 0.3333 0.8667
~ 0.3333 0.8000 0.4000 0.8667
~ 0.4000 0.8000 0.4667 0.8667
A 0.4667 0.8000 0.5333 0.8667
~ 0.5333 0.8000 0.6000 0.8667
P 0.6000 0.8000 0.6667 0.8667
A 0.6667 0.8000 0.7333 0.8667
~ 0.7333 0.8000 0.8000 0.8667
W 0.8000 0.8000 0.8667 0.8667
O 0.8667 0.8000 0.9333 0.8667
G 0.9333 0.8000 1.0000 0.8667
A 0.0000 0.8667 0.0667 0.9333
W 0.0667 0.8667 0.1333 0.9333
E 0.1333 0.8667 0.2000 0.9333
~ 0.2000 0.8667 0.2667 0.9333
~ 0.2667 0.8667 0.3333 0.9333
Z 0.3333 0.8667 0.4000 0.9333
I 0.4000 0.8667 0.4667 0.9333
P 0.4667 0.8667 0.5333 0.9333
~ 0.5333 0.8667 0.6000 0.9333
T 0.6000 0.8667 0.6667 0.9333
I 0.6667 0.8667 0.7333 0.9333
~ 0.7333 0.8667 0.8000 0.9333
~ 0.8000 0.8667 0.8667 0.9333
B 0.8667 0.8667 0.9333 0.9333
~ 0.9333 0.8667 1.0000 0.9333
H 0.0000 0.9333 0.0667 1.0000
E 0.0667 0.9333 0.1333 1.0000
R 0.1333 0.9333 0.2000 1.0000
M 0.2000 0.9333 0.2667 1.0000
~ 0.2667 0.9333 0.3333 1.0000
~ 0.3333 0.9333 0.4000 1.0000
~ 0.4000 0.9333 0.4667 1.0000
Y 0.4667 0.9333 0.5333 1.0000
~ 0.5333 0.9333 0.6000 1.0000
~ 0.6000 0.9333 0.6667 1.0000
N 0.6667 0.9333 0.7333 1.0000
O 0.7333 0.9333 0.8000 1.0000
T 0.8000 0.9333 0.8667 1.0000
E 0.8667 0.9333 0.9333 1.0000
S 0.9333 0.9333 1.0000 1.0000
