R 0.0000 0.0000 0.0667 0.0667
~ 0.0667 0.0000 0.1333 0.0667
~ 0.1333 0.0000 0.2000 0.0667
~ 0.2000 0.0000 0.2667 0.0667
~ 0.2667 0.0000 0.3333 0.0667
~ 0.3333 0.0000 0.4000 0.0667
~ 0.4000 0.0000 0.4667 0.0667
~ 0.4667 0.0000 0.5333 0.0667
~ 0.5333 0.0000 0.6000 0.0667
V 0.6000 0.0000 0.6667 0.0667
~ 0.6667 0.0000 0.7333 0.0667
Q 0.7333 0.0000 0.8000 0.0667
U 0.8000 0.0000 0.8667 0.0667
A 0.8667 0.0000 0.9333 0.0667
G 0.9333 0.0000 1.0000 0.0667
A 0.0000 0.0667 0.0667 0.1333
~ 0.0667 0.0667 0.1333 0.1333
K 0.1333 0.0667 0.2000 0.1333
~ 0.2000 0.0667 0.2667 0.1333
~ 0.2667 0.0667 0.3333 0.1333
~ 0.3333 0.0667 0.4000 0.1333
~ 0.4000 0.0667 0.4667 0.1333
V 0.4667 0.0667 0.5333 0.1333
~ 0.5333 0.0667 0.6000 0.1333
A 0.6000 0.0667 0.6667 0.1333
~ 0.6667 0.0667 0.7333 0.1333
U 0.7333 0.0667 0.8000 0.1333
~ 0.8000 0.0667 0.8667 0.1333
G 0.8667 0.0667 0.9333 0.1333
U 0.9333 0.0667 1.0000 0.1333
P 0.0000 0.1333 0.0667 0.2000
R 0.0667 0.1333 0.1333 0.2000
E 0.1333 0.1333 0.2000 0.2000
M 0.2000 0.1333 0.2667 0.2000
~ 0.2667 0.1333 0.3333 0.2000
~ 0.3333 0.1333 0.4000 0.2000
N 0.4000 0.1333 0.4667 0.2000
O 0.4667 0.1333 0.5333 0.2000
T 0.5333 0.1333 0.6000 0.2000
C 0.6000 0.1333 0.6667 0.2000
H 0.6667 0.1333 0.7333 0.2000
E 0.7333 0.1333 0.8000 0.2000
R 0.8000 0.1333 0.8667 0.2000
S 0.8667 0.1333 0.9333 0.2000
~ 0.9333 0.1333 1.0000 0.2000
T 0.0000 0.2000 0.0667 0.2667
~ 0.0667 0.2000 0.1333 0.2667
P 0.1333 0.2000 0.2000 0.2667
O 0.2000 0.2000 0.2667 0.2667
~ 0.2667 0.2000 0.3333 0.2667
D 0.3333 0.2000 0.4000 0.2667
E 0.4000 0.2000 0.4667 0.2667
X 0.4667 0.2000 0.5333 0.2667
~ 0.5333 0.2000 0.6000 0.2667
~ 0.6000 0.2000 0.6667 0.2667
~ 0.6667 0.2000 0.7333 0.2667
E 0.7333 0.2000 0.8000 0.2667
~ 0.8000 0.2000 0.8667 0.2667
~ 0.8667 0.2000 0.9333 0.2667
~ 0.9333 0.2000 1.0000 0.2667
~ 0.0000 0.2667 0.0667 0.3333
W 0.0667 0.2667 0.1333 0.3333
I 0.1333 0.2667 0.2000 0.3333
Z 0.2000 0.2667 0.2667 0.3333
E 0.2667 0.2667 0.3333 0.3333
S 0.3333 0.2667 0.4000 0.3333
~ 0.4000 0.2667 0.4667 0.3333
~ 0.4667 0.2667 0.5333 0.3333
~ 0.5333 0.2667 0.6000 0.3333
~ 0.6000 0.2667 0.6667 0.3333
O 0.6667 0.2667 0.7333 0.3333
N 0.7333 0.2667 0.8000 0.3333
~ 0.8000 0.2667 0.8667 0.3333
~ 0.8667 0.2667 0.9333 0.3333
~ 0.9333 0.2667 1.0000 0.3333
~ 0.0000 0.3333 0.0667 0.4000
~ 0.0667 0.3333 0.1333 0.4000
~ 0.1333 0.3333 0.2000 0.4000
~ 0.2000 0.3333 0.2667 0.4000
L 0.2667 0.3333 0.3333 0.4000
O 0.3333 0.3333 0.4000 0.4000
O 0.4000 0.3333 0.4667 0.4000
F 0.4667 0.3333 0.5333 0.4000
A 0.5333 0.3333 0.6000 0.4000
~ 0.6000 0.3333 0.6667 0.4000
I 0.6667 0.3333 0.7333 0.4000
~ 0.7333 0.3333 0.8000 0.4000
B 0.8000 0.3333 0.8667 0.4000
A 0.8667 0.3333 0.9333 0.4000
G 0.9333 0.3333 1.0000 0.4000
~ 0.0000 0.4000 0.0667 0.4667
~ 0.0667 0.4000 0.1333 0.4667
~ 0.1333 0.4000 0.2000 0.4667
~ 0.2000 0.4000 0.2667 0.4667
F 0.2667 0.4000 0.3333 0.4667
~ 0.3333 0.4000 0.4000 0.4667
~ 0.4000 0.4000 0.4667 0.4667
A 0.4667 0.4000 0.5333 0.4667
M 0.5333 0.4000 0.6000 0.4667
I 0.6000 0.4000 0.6667 0.4667
D 0.6667 0.4000 0.7333 0.4667
~ 0.7333 0.4000 0.8000 0.4667
I 0.8000 0.4000 0.8667 0.4667
N 0.8667 0.4000 0.9333 0.4667
N 0.9333 0.4000 1.0000 0.4667
L 0.0000 0.4667 0.0667 0.5333
I 0.0667 0.4667 0.1333 0.5333
N 0.1333 0.4667 0.2000 0.5333
T 0.2000 0.4667 0.2667 0.5333
~ 0.2667 0.4667 0.3333 0.5333
~ 0.3333 0.4667 0.4000 0.5333
~ 0.4000 0.4667 0.4667 0.5333
E 0.4667 0.4667 0.5333 0.5333
U 0.5333 0.4667 0.6000 0.5333
O 0.6000 0.4667 0.6667 0.5333
I 0.6667 0.4667 0.7333 0.5333
~ 0.7333 0.4667 0.8000 0.5333
~ 0.8000 0.4667 0.8667 0.5333
T 0.8667 0.4667 0.9333 0.5333
A 0.9333 0.4667 1.0000 0.5333
~ 0.0000 0.5333 0.0667 0.6000
~ 0.0667 0.5333 0.1333 0.6000
~ 0.1333 0.5333 0.2000 0.6000
~ 0.2000 0.5333 0.2667 0.6000
~ 0.2667 0.5333 0.3333 0.6000
~ 0.3333 0.5333 0.4000 0.6000
~ 0.4000 0.5333 0.4667 0.6000
~ 0.4667 0.5333 0.5333 0.6000
~ 0.5333 0.5333 0.6000 0.6000
~ 0.6000 0.5333 0.6667 0.6000
A 0.6667 0.5333 0.7333 0.6000
I 0.7333 0.5333 0.8000 0.6000
~ 0.8000 0.5333 0.8667 0.6000
E 0.8667 0.5333 0.9333 0.6000
R 0.9333 0.5333 1.0000 0.6000
~ 0.0000 0.6000 0.0667 0.6667
~ 0.0667 0.6000 0.1333 0.6667
~ 0.1333 0.6000 0.2000 0.6667
~ 0.2000 0.6000 0.2667 0.6667
~ 0.2667 0.6000 0.3333 0.6667
~ 0.3333 0.6000 0.4000 0.6667
~ 0.4000 0.6000 0.4667 0.6667
~ 0.4667 0.6000 0.5333 0.6667
~ 0.5333 0.6000 0.6000 0.6667
~ 0.6000 0.6000 0.6667 0.6667
~ 0.6667 0.6000 0.7333 0.6667
O 0.7333 0.6000 0.8000 0.6667
B 0.8000 0.6000 0.8667 0.6667
E 0.8667 0.6000 0.9333 0.6667
~ 0.9333 0.6000 1.0000 0.6667
~ 0.0000 0.6667 0.0667 0.7333
~ 0.0667 0.6667 0.1333 0.7333
~ 0.1333 0.6667 0.2000 0.7333
~ 0.2000 0.6667 0.2667 0.7333
~ 0.2667 0.6667 0.3333 0.7333
~ 0.3333 0.6667 0.4000 0.7333
T 0.4000 0.6667 0.4667 0.7333
~ 0.4667 0.6667 0.5333 0.7333
~ 0.5333 0.6667 0.6000 0.7333
~ 0.6000 0.6667 0.6667 0.7333
~ 0.6667 0.6667 0.7333 0.7333
D 0.7333 0.6667 0.8000 0.7333
I 0.8000 0.6667 0.8667 0.7333
N 0.8667 0.6667 0.9333 0.7333
~ 0.9333 0.6667 1.0000 0.7333
~ 0.0000 0.7333 0.0667 0.8000
~ 0.0667 0.7333 0.1333 0.8000
~ 0.1333 0.7333 0.2000 0.8000
~ 0.2000 0.7333 0.2667 0.8000
~ 0.2667 0.7333 0.3333 0.8000
~ 0.3333 0.7333 0.4000 0.8000
E 0.4000 0.7333 0.4667 0.8000
R 0.4667 0.7333 0.5333 0.8000
R 0.5333 0.7333 0.6000 0.8000
~ 0.6000 0.7333 0.6667 0.8000
~ 0.6667 0.7333 0.7333 0.8000
I 0.7333 0.7333 0.8000 0.8000
~ 0.8000 0.7333 0.8667 0.8000
~ 0.8667 0.7333 0.9333 0.8000
~ 0.9333 0.7333 1.0000 0.8000
~ 0.0000 0.8000 0.0667 0.8667
~ 0.0667 0.8000 0.1333 0.8667
~ 0.1333 0.8000 0.2000 0.8667
~ 0.2000 0.8000 0.2667 0.8667
~ 0.2667 0.8000 0.3333 0.8667
~ 0.3333 0.8000 0.4000 0.8667
C 0.4000 0.8000 0.4667 0.8667
~ 0.4667 0.8000 0.5333 0.8667
~ 0.5333 0.8000 0.6000 0.8667
~ 0.6000 0.8000 0.6667 0.8667
~ 0.6667 0.8000 0.7333 0.8667
S 0.7333 0.8000 0.8000 0.8667
~ 0.8000 0.8000 0.8667 0.8667
~ 0.8667 0.8000 0.9333 0.8667
~ 0.9333 0.8000 1.0000 0.8667
~ 0.0000 0.8667 0.0667 0.9333
~ 0.0667 0.8667 0.1333 0.9333
~ 0.1333 0.8667 0.2000 0.9333
~ 0.2000 0.8667 0.2667 0.9333
~ 0.2667 0.8667 0.3333 0.9333
W 0.3333 0.8667 0.4000 0.9333
H 0.4000 0.8667 0.4667 0.9333
Y 0.4667 0.8667 0.5333 0.9333
~ 0.5333 0.8667 0.6000 0.9333
J 0.6000 0.8667 0.6667 0.9333
E 0.6667 0.8667 0.7333 0.9333
E 0.7333 0.8667 0.8000 0.9333
L 0.8000 0.8667 0.8667 0.9333
Y 0.8667 0.8667 0.9333 0.9333
~ 0.9333 0.8667 1.0000 0.9333
~ 0.0000 0.9333 0.0667 1.0000
~ 0.0667 0.9333 0.1333 1.0000
~ 0.1333 0.9333 0.2000 1.0000
~ 0.2000 0.9333 0.2667 1.0000
~ 0.2667 0.9333 0.3333 1.0000
~ 0.3333 0.9333 0.4000 1.0000
~ 0.4000 0.9333 0.4667 1.0000
A 0.4667 0.9333 0.5333 1.0000
L 0.5333 0.9333 0.6000 1.0000
O 0.6000 0.9333 0.6667 1.0000
E 0.6667 0.9333 0.7333 1.0000
S 0.7333 0.9333 0.8000 1.0000
~ 0.8000 0.9333 0.8667 1.0000
~ 0.8667 0.9333 0.9333 1.0000
~ 0.9333 0.9333 1.0000 1.0000
