A 0.0000 0.0000 0.0667 0.0667
D 0.0667 0.0000 0.1333 0.0667
U 0.1333 0.0000 0.2000 0.0667
N 0.2000 0.0000 0.2667 0.0667
C 0.2667 0.0000 0.3333 0.0667
~ 0.3333 0.0000 0.4000 0.0667
~ 0.4000 0.0000 0.4667 0.0667
~ 0.4667 0.0000 0.5333 0.0667
~ 0.5333 0.0000 0.6000 0.0667
~ 0.6000 0.0000 0.6667 0.0667
~ 0.6667 0.0000 0.7333 0.0667
~ 0.7333 0.0000 0.8000 0.0667
R 0.8000 0.0000 0.8667 0.0667
A 0.8667 0.0000 0.9333 0.0667
I 0.9333 0.0000 1.0000 0.0667
~ 0.0000 0.0667 0.0667 0.1333
I 0.0667 0.0667 0.1333 0.1333
~ 0.1333 0.0667 0.2000 0.1333
~ 0.2000 0.0667 0.2667 0.1333
~ 0.2667 0.0667 0.3333 0.1333
~ 0.3333 0.0667 0.4000 0.1333
~ 0.4000 0.0667 0.4667 0.1333
~ 0.4667 0.0667 0.5333 0.1333
~ 0.5333 0.0667 0.6000 0.1333
~ 0.6000 0.0667 0.6667 0.1333
~ 0.6667 0.0667 0.7333 0.1333
J 0.7333 0.0667 0.8000 0.1333
O 0.8000 0.0667 0.8667 0.1333
E 0.8667 0.0667 0.9333 0.1333
~ 0.9333 0.0667 1.0000 0.1333
~ 0.0000 0.1333 0.0667 0.2000
F 0.0667 0.1333 0.1333 0.2000
U 0.1333 0.1333 0.2000 0.2000
N 0.2000 0.1333 0.2667 0.2000
~ 0.2667 0.1333 0.3333 0.2000
~ 0.3333 0.1333 0.4000 0.2000
~ 0.4000 0.1333 0.4667 0.2000
V 0.4667 0.1333 0.5333 0.2000
I 0.5333 0.1333 0.6000 0.2000
E 0.6000 0.1333 0.6667 0.2000
W 0.6667 0.1333 0.7333 0.2000
E 0.7333 0.1333 0.8000 0.2000
D 0.8000 0.1333 0.8667 0.2000
~ 0.8667 0.1333 0.9333 0.2000
~ 0.9333 0.1333 1.0000 0.2000
~ 0.0000 0.2000 0.0667 0.2667
~ 0.0667 0.2000 0.1333 0.2667
P 0.1333 0.2000 0.2000 0.2667
U 0.2000 0.2000 0.2667 0.2667
B 0.2667 0.2000 0.3333 0.2667
I 0.3333 0.2000 0.4000 0.2667
C 0.4000 0.2000 0.4667 0.2667
~ 0.4667 0.2000 0.5333 0.2667
~ 0.5333 0.2000 0.6000 0.2667
~ 0.6000 0.2000 0.6667 0.2667
O 0.6667 0.2000 0.7333 0.2667
S 0.7333 0.2000 0.8000 0.2667
~ 0.8000 0.2000 0.8667 0.2667
~ 0.8667 0.2000 0.9333 0.2667
~ 0.9333 0.2000 1.0000 0.2667
~ 0.0000 0.2667 0.0667 0.3333
~ 0.0667 0.2667 0.1333 0.3333
~ 0.1333 0.2667 0.2000 0.3333
~ 0.2000 0.2667 0.2667 0.3333
~ 0.2667 0.2667 0.3333 0.3333
~ 0.3333 0.2667 0.4000 0.3333
H 0.4000 0.2667 0.4667 0.3333
A 0.4667 0.2667 0.5333 0.3333
L 0.5333 0.2667 0.6000 0.3333
L 0.6000 0.2667 0.6667 0.3333
O 0.6667 0.2667 0.7333 0.3333
S 0.7333 0.2667 0.8000 0.3333
~ 0.8000 0.2667 0.8667 0.3333
~ 0.8667 0.2667 0.9333 0.3333
~ 0.9333 0.2667 1.0000 0.3333
~ 0.0000 0.3333 0.0667 0.4000
Q 0.0667 0.3333 0.1333 0.4000
I 0.1333 0.3333 0.2000 0.4000
~ 0.2000 0.3333 0.2667 0.4000
R 0.2667 0.3333 0.3333 0.4000
~ 0.3333 0.3333 0.4000 0.4000
E 0.4000 0.3333 0.4667 0.4000
~ 0.4667 0.3333 0.5333 0.4000
~ 0.5333 0.3333 0.6000 0.4000
~ 0.6000 0.3333 0.6667 0.4000
~ 0.6667 0.3333 0.7333 0.4000
~ 0.7333 0.3333 0.8000 0.4000
~ 0.8000 0.3333 0.8667 0.4000
~ 0.8667 0.3333 0.9333 0.4000
~ 0.9333 0.3333 1.0000 0.4000
~ 0.0000 0.4000 0.0667 0.4667
~ 0.0667 0.4000 0.1333 0.4667
S 0.1333 0.4000 0.2000 0.4667
P 0.2000 0.4000 0.2667 0.4667
~ 0.2667 0.4000 0.3333 0.4667
T 0.3333 0.4000 0.4000 0.4667
Z 0.4000 0.4000 0.4667 0.4667
~ 0.4667 0.4000 0.5333 0.4667
~ 0.5333 0.4000 0.6000 0.4667
~ 0.6000 0.4000 0.6667 0.4667
G 0.6667 0.4000 0.7333 0.4667
~ 0.7333 0.4000 0.8000 0.4667
~ 0.8000 0.4000 0.8667 0.4667
~ 0.8667 0.4000 0.9333 0.4667
~ 0.9333 0.4000 1.0000 0.4667
~ 0.0000 0.4667 0.0667 0.5333
~ 0.0667 0.4667 0.1333 0.5333
~ 0.1333 0.4667 0.2000 0.5333
~ 0.2000 0.4667 0.2667 0.5333
N 0.2667 0.4667 0.3333 0.5333
~ 0.3333 0.4667 0.4000 0.5333
~ 0.4000 0.4667 0.4667 0.5333
A 0.4667 0.4667 0.5333 0.5333
K 0.5333 0.4667 0.6000 0.5333
E 0.6000 0.4667 0.6667 0.5333
L 0.6667 0.4667 0.7333 0.5333
A 0.7333 0.4667 0.8000 0.5333
~ 0.8000 0.4667 0.8667 0.5333
~ 0.8667 0.4667 0.9333 0.5333
~ 0.9333 0.4667 1.0000 0.5333
~ 0.0000 0.5333 0.0667 0.6000
~ 0.0667 0.5333 0.1333 0.6000
~ 0.1333 0.5333 0.2000 0.6000
~ 0.2000 0.5333 0.2667 0.6000
G 0.2667 0.5333 0.3333 0.6000
~ 0.3333 0.5333 0.4000 0.6000
~ 0.4000 0.5333 0.4667 0.6000
~ 0.4667 0.5333 0.5333 0.6000
~ 0.5333 0.5333 0.6000 0.6000
T 0.6000 0.5333 0.6667 0.6000
O 0.6667 0.5333 0.7333 0.6000
N 0.7333 0.5333 0.8000 0.6000
Y 0.8000 0.5333 0.8667 0.6000
~ 0.8667 0.5333 0.9333 0.6000
~ 0.9333 0.5333 1.0000 0.6000
~ 0.0000 0.6000 0.0667 0.6667
~ 0.0667 0.6000 0.1333 0.6667
~ 0.1333 0.6000 0.2000 0.6667
~ 0.2000 0.6000 0.2667 0.6667
B 0.2667 0.6000 0.3333 0.6667
~ 0.3333 0.6000 0.4000 0.6667
F 0.4000 0.6000 0.4667 0.6667
I 0.4667 0.6000 0.5333 0.6667
G 0.5333 0.6000 0.6000 0.6667
~ 0.6000 0.6000 0.6667 0.6667
W 0.6667 0.6000 0.7333 0.6667
A 0.7333 0.6000 0.8000 0.6667
E 0.8000 0.6000 0.8667 0.6667
~ 0.8667 0.6000 0.9333 0.6667
~ 0.9333 0.6000 1.0000 0.6667
~ 0.0000 0.6667 0.0667 0.7333
~ 0.0667 0.6667 0.1333 0.7333
~ 0.1333 0.6667 0.2000 0.7333
D 0.2000 0.6667 0.2667 0.7333
O 0.2667 0.6667 0.3333 0.7333
M 0.3333 0.6667 0.4000 0.7333
I 0.4000 0.6667 0.4667 0.7333
N 0.4667 0.6667 0.5333 0.7333
O 0.5333 0.6667 0.6000 0.7333
~ 0.6000 0.6667 0.6667 0.7333
E 0.6667 0.6667 0.7333 0.7333
~ 0.7333 0.6667 0.8000 0.7333
~ 0.8000 0.6667 0.8667 0.7333
~ 0.8667 0.6667 0.9333 0.7333
~ 0.9333 0.6667 1.0000 0.7333
~ 0.0000 0.7333 0.0667 0.8000
~ 0.0667 0.7333 0.1333 0.8000
H 0.1333 0.7333 0.2000 0.8000
E 0.2000 0.7333 0.2667 0.8000
L 0.2667 0.7333 0.3333 0.8000
M 0.3333 0.7333 0.4000 0.8000
~ 0.4000 0.7333 0.4667 0.8000
~ 0.4667 0.7333 0.5333 0.8000
Y 0.5333 0.7333 0.6000 0.8000
I 0.6000 0.7333 0.6667 0.8000
R 0.6667 0.7333 0.7333 0.8000
D 0.7333 0.7333 0.8000 0.8000
~ 0.8000 0.7333 0.8667 0.8000
~ 0.8667 0.7333 0.9333 0.8000
~ 0.9333 0.7333 1.0000 0.8000
~ 0.0000 0.8000 0.0667 0.8667
A 0.0667 0.8000 0.1333 0.8667
E 0.1333 0.8000 0.2000 0.8667
~ 0.2000 0.8000 0.2667 0.8667
T 0.2667 0.8000 0.3333 0.8667
~ 0.3333 0.8000 0.4000 0.8667
~ 0.4000 0.8000 0.4667 0.8667
~ 0.4667 0.8000 0.5333 0.8667
~ 0.5333 0.8000 0.6000 0.8667
~ 0.6000 0.8000 0.6667 0.8667
~ 0.6667 0.8000 0.7333 0.8667
~ 0.7333 0.8000 0.8000 0.8667
~ 0.8000 0.8000 0.8667 0.8667
~ 0.8667 0.8000 0.9333 0.8667
~ 0.9333 0.8000 1.0000 0.8667
R 0.0000 0.8667 0.0667 0.9333
E 0.0667 0.8667 0.1333 0.9333
X 0.1333 0.8667 0.2000 0.9333
~ 0.2000 0.8667 0.2667 0.9333
~ 0.2667 0.8667 0.3333 0.9333
T 0.3333 0.8667 0.4000 0.9333
A 0.4000 0.8667 0.4667 0.9333
T 0.4667 0.8667 0.5333 0.9333
I 0.5333 0.8667 0.6000 0.9333
V 0.6000 0.8667 0.6667 0.9333
E 0.6667 0.8667 0.7333 0.9333
~ 0.7333 0.8667 0.8000 0.9333
~ 0.8000 0.8667 0.8667 0.9333
~ 0.8667 0.8667 0.9333 0.9333
~ 0.9333 0.8667 1.0000 0.9333
E 0.0000 0.9333 0.0667 1.0000
~ 0.0667 0.9333 0.1333 1.0000
~ 0.1333 0.9333 0.2000 1.0000
~ 0.2000 0.9333 0.2667 1.0000
~ 0.2667 0.9333 0.3333 1.0000
~ 0.3333 0.9333 0.4000 1.0000
~ 0.4000 0.9333 0.4667 1.0000
O 0.4667 0.9333 0.5333 1.0000
S 0.5333 0.9333 0.6000 1.0000
~ 0.6000 0.9333 0.6667 1.0000
~ 0.6667 0.9333 0.7333 1.0000
~ 0.7333 0.9333 0.8000 1.0000
~ 0.8000 0.9333 0.8667 1.0000
~ 0.8667 0.9333 0.9333 1.0000
~ 0.9333 0.9333 1.0000 1.0000
