H 0.0000 0.0000 0.0667 0.0667
E 0.0667 0.0000 0.1333 0.0667
P 0.1333 0.0000 0.2000 0.0667
P 0.2000 0.0000 0.2667 0.0667
~ 0.2667 0.0000 0.3333 0.0667
~ 0.3333 0.0000 0.4000 0.0667
~ 0.4000 0.0000 0.4667 0.0667
C 0.4667 0.0000 0.5333 0.0667
~ 0.5333 0.0000 0.6000 0.0667
~ 0.6000 0.0000 0.6667 0.0667
~ 0.6667 0.0000 0.7333 0.0667
~ 0.7333 0.0000 0.8000 0.0667
~ 0.8000 0.0000 0.8667 0.0667
~ 0.8667 0.0000 0.9333 0.0667
~ 0.9333 0.0000 1.0000 0.0667
~ 0.0000 0.0667 0.0667 0.1333
T 0.0667 0.0667 0.1333 0.1333
A 0.1333 0.0667 0.2000 0.1333
J 0.2000 0.0667 0.2667 0.1333
~ 0.2667 0.0667 0.3333 0.1333
~ 0.3333 0.0667 0.4000 0.1333
~ 0.4000 0.0667 0.4667 0.1333
A 0.4667 0.0667 0.5333 0.1333
~ 0.5333 0.0667 0.6000 0.1333
~ 0.6000 0.0667 0.6667 0.1333
~ 0.6667 0.0667 0.7333 0.1333
~ 0.7333 0.0667 0.8000 0.1333
~ 0.8000 0.0667 0.8667 0.1333
~ 0.8667 0.0667 0.9333 0.1333
~ 0.9333 0.0667 1.0000 0.1333
~ 0.0000 0.1333 0.0667 0.2000
~ 0.0667 0.1333 0.1333 0.2000
R 0.1333 0.1333 0.2000 0.2000
O 0.2000 0.1333 0.2667 0.2000
U 0.2667 0.1333 0.3333 0.2000
T 0.3333 0.1333 0.4000 0.2000
E 0.4000 0.1333 0.4667 0.2000
R 0.4667 0.1333 0.5333 0.2000
~ 0.5333 0.1333 0.6000 0.2000
~ 0.6000 0.1333 0.6667 0.2000
~ 0.6667 0.1333 0.7333 0.2000
Y 0.7333 0.1333 0.8000 0.2000
~ 0.8000 0.1333 0.8667 0.2000
~ 0.8667 0.1333 0.9333 0.2000
~ 0.9333 0.1333 1.0000 0.2000
~ 0.0000 0.2000 0.0667 0.2667
~ 0.0667 0.2000 0.1333 0.2667
~ 0.1333 0.2000 0.2000 0.2667
I 0.2000 0.2000 0.2667 0.2667
~ 0.2667 0.2000 0.3333 0.2667
~ 0.3333 0.2000 0.4000 0.2667
~ 0.4000 0.2000 0.4667 0.2667
N 0.4667 0.2000 0.5333 0.2667
~ 0.5333 0.2000 0.6000 0.2667
~ 0.6000 0.2000 0.6667 0.2667
L 0.6667 0.2000 0.7333 0.2667
O 0.7333 0.2000 0.8000 0.2667
~ 0.8000 0.2000 0.8667 0.2667
~ 0.8667 0.2000 0.9333 0.2667
~ 0.9333 0.2000 1.0000 0.2667
A 0.0000 0.2667 0.0667 0.3333
M 0.0667 0.2667 0.1333 0.3333
I 0.1333 0.2667 0.2000 0.3333
N 0.2000 0.2667 0.2667 0.3333
E 0.2667 0.2667 0.3333 0.3333
~ 0.3333 0.2667 0.4000 0.3333
H 0.4000 0.2667 0.4667 0.3333
E 0.4667 0.2667 0.5333 0.3333
~ 0.5333 0.2667 0.6000 0.3333
~ 0.6000 0.2667 0.6667 0.3333
I 0.6667 0.2667 0.7333 0.3333
D 0.7333 0.2667 0.8000 0.3333
~ 0.8000 0.2667 0.8667 0.3333
~ 0.8667 0.2667 0.9333 0.3333
V 0.9333 0.2667 1.0000 0.3333
~ 0.0000 0.3333 0.0667 0.4000
~ 0.0667 0.3333 0.1333 0.4000
~ 0.1333 0.3333 0.2000 0.4000
~ 0.2000 0.3333 0.2667 0.4000
~ 0.2667 0.3333 0.3333 0.4000
Q 0.3333 0.3333 0.4000 0.4000
I 0.4000 0.3333 0.4667 0.4000
~ 0.4667 0.3333 0.5333 0.4000
~ 0.5333 0.3333 0.6000 0.4000
Z 0.6000 0.3333 0.6667 0.4000
A 0.6667 0.3333 0.7333 0.4000
~ 0.7333 0.3333 0.8000 0.4000
A 0.8000 0.3333 0.8667 0.4000
B 0.8667 0.3333 0.9333 0.4000
O 0.9333 0.3333 1.0000 0.4000
~ 0.0000 0.4000 0.0667 0.4667
~ 0.0667 0.4000 0.1333 0.4667
O 0.1333 0.4000 0.2000 0.4667
F 0.2000 0.4000 0.2667 0.4667
~ 0.2667 0.4000 0.3333 0.4667
U 0.3333 0.4000 0.4000 0.4667
~ 0.4000 0.4000 0.4667 0.4667
~ 0.4667 0.4000 0.5333 0.4667
~ 0.5333 0.4000 0.6000 0.4667
E 0.6000 0.4000 0.6667 0.4667
R 0.6667 0.4000 0.7333 0.4667
~ 0.7333 0.4000 0.8000 0.4667
C 0.8000 0.4000 0.8667 0.4667
O 0.8667 0.4000 0.9333 0.4667
W 0.9333 0.4000 1.0000 0.4667
~ 0.0000 0.4667 0.0667 0.5333
~ 0.0667 0.4667 0.1333 0.5333
~ 0.1333 0.4667 0.2000 0.5333
L 0.2000 0.4667 0.2667 0.5333
O 0.2667 0.4667 0.3333 0.5333
A 0.3333 0.4667 0.4000 0.5333
D 0.4000 0.4667 0.4667 0.5333
~ 0.4667 0.4667 0.5333 0.5333
R 0.5333 0.4667 0.6000 0.5333
~ 0.6000 0.4667 0.6667 0.5333
~ 0.6667 0.4667 0.7333 0.5333
~ 0.7333 0.4667 0.8000 0.5333
K 0.8000 0.4667 0.8667 0.5333
O 0.8667 0.4667 0.9333 0.5333
I 0.9333 0.4667 1.0000 0.5333
~ 0.0000 0.5333 0.0667 0.6000
~ 0.0667 0.5333 0.1333 0.6000
P 0.1333 0.5333 0.2000 0.6000
A 0.2000 0.5333 0.2667 0.6000
D 0.2667 0.5333 0.3333 0.6000
S 0.3333 0.5333 0.4000 0.6000
~ 0.4000 0.5333 0.4667 0.6000
~ 0.4667 0.5333 0.5333 0.6000
~ 0.5333 0.5333 0.6000 0.6000
T 0.6000 0.5333 0.6667 0.6000
~ 0.6667 0.5333 0.7333 0.6000
~ 0.7333 0.5333 0.8000 0.6000
~ 0.8000 0.5333 0.8667 0.6000
~ 0.8667 0.5333 0.9333 0.6000
N 0.9333 0.5333 1.0000 0.6000
~ 0.0000 0.6000 0.0667 0.6667
V 0.0667 0.6000 0.1333 0.6667
E 0.1333 0.6000 0.2000 0.6667
X 0.2000 0.6000 0.2667 0.6667
~ 0.2667 0.6000 0.3333 0.6667
~ 0.3333 0.6000 0.4000 0.6667
~ 0.4000 0.6000 0.4667 0.6667
~ 0.4667 0.6000 0.5333 0.6667
~ 0.5333 0.6000 0.6000 0.6667
S 0.6000 0.6000 0.6667 0.6667
I 0.6667 0.6000 0.7333 0.6667
R 0.7333 0.6000 0.8000 0.6667
I 0.8000 0.6000 0.8667 0.6667
N 0.8667 0.6000 0.9333 0.6667
G 0.9333 0.6000 1.0000 0.6667
~ 0.0000 0.6667 0.0667 0.7333
U 0.0667 0.6667 0.1333 0.7333
~ 0.1333 0.6667 0.2000 0.7333
~ 0.2000 0.6667 0.2667 0.7333
~ 0.2667 0.6667 0.3333 0.7333
~ 0.3333 0.6667 0.4000 0.7333
~ 0.4000 0.6667 0.4667 0.7333
~ 0.4667 0.6667 0.5333 0.7333
~ 0.5333 0.6667 0.6000 0.7333
~ 0.6000 0.6667 0.6667 0.7333
~ 0.6667 0.6667 0.7333 0.7333
~ 0.7333 0.6667 0.8000 0.7333
~ 0.8000 0.6667 0.8667 0.7333
~ 0.8667 0.6667 0.9333 0.7333
~ 0.9333 0.6667 1.0000 0.7333
~ 0.0000 0.7333 0.0667 0.8000
G 0.0667 0.7333 0.1333 0.8000
O 0.1333 0.7333 0.2000 0.8000
B 0.2000 0.7333 0.2667 0.8000
~ 0.2667 0.7333 0.3333 0.8000
~ 0.3333 0.7333 0.4000 0.8000
~ 0.4000 0.7333 0.4667 0.8000
F 0.4667 0.7333 0.5333 0.8000
~ 0.5333 0.7333 0.6000 0.8000
~ 0.6000 0.7333 0.6667 0.8000
~ 0.6667 0.7333 0.7333 0.8000
~ 0.7333 0.7333 0.8000 0.8000
~ 0.8000 0.7333 0.8667 0.8000
~ 0.8667 0.7333 0.9333 0.8000
~ 0.9333 0.7333 1.0000 0.8000
~ 0.0000 0.8000 0.0667 0.8667
~ 0.0667 0.8000 0.1333 0.8667
D 0.1333 0.8000 0.2000 0.8667
E 0.2000 0.8000 0.2667 0.8667
A 0.2667 0.8000 0.3333 0.8667
R 0.3333 0.8000 0.4000 0.8667
I 0.4000 0.8000 0.4667 0.8667
E 0.4667 0.8000 0.5333 0.8667
S 0.5333 0.8000 0.6000 0.8667
~ 0.6000 0.8000 0.6667 0.8667
~ 0.6667 0.8000 0.7333 0.8667
~ 0.7333 0.8000 0.8000 0.8667
~ 0.8000 0.8000 0.8667 0.8667
~ 0.8667 0.8000 0.9333 0.8667
~ 0.9333 0.8000 1.0000 0.8667
~ 0.0000 0.8667 0.0667 0.9333
L 0.0667 0.8667 0.1333 0.9333
E 0.1333 0.8667 0.2000 0.9333
T 0.2000 0.8667 0.2667 0.9333
~ 0.2667 0.8667 0.3333 0.9333
~ 0.3333 0.8667 0.4000 0.9333
~ 0.4000 0.8667 0.4667 0.9333
A 0.4667 0.8667 0.5333 0.9333
~ 0.5333 0.8667 0.6000 0.9333
Y 0.6000 0.8667 0.6667 0.9333
~ 0.6667 0.8667 0.7333 0.9333
~ 0.7333 0.8667 0.8000 0.9333
~ 0.8000 0.8667 0.8667 0.9333
~ 0.8667 0.8667 0.9333 0.9333
~ 0.9333 0.8667 1.0000 0.9333
M 0.0000 0.9333 0.0667 1.0000
E 0.0667 0.9333 0.1333 1.0000
~ 0.1333 0.9333 0.2000 1.0000
~ 0.2000 0.9333 0.2667 1.0000
~ 0.2667 0.9333 0.3333 1.0000
~ 0.3333 0.9333 0.4000 1.0000
~ 0.4000 0.9333 0.4667 1.0000
T 0.4667 0.9333 0.5333 1.0000
W 0.5333 0.9333 0.6000 1.0000
E 0.6000 0.9333 0.6667 1.0000
E 0.6667 0.9333 0.7333 1.0000
T 0.7333 0.9333 0.8000 1.0000
I 0.8000 0.9333 0.8667 1.0000
N 0.8667 0.9333 0.9333 1.0000
G 0.9333 0.9333 1.0000 1.0000
