A 0.0000 0.0000 0.0667 0.0667
~ 0.0667 0.0000 0.1333 0.0667
C 0.1333 0.0000 0.2000 0.0667
~ 0.2000 0.0000 0.2667 0.0667
~ 0.2667 0.0000 0.3333 0.0667
~ 0.3333 0.0000 0.4000 0.0667
P 0.4000 0.0000 0.4667 0.0667
U 0.4667 0.0000 0.5333 0.0667
L 0.5333 0.0000 0.6000 0.0667
I 0.6000 0.0000 0.6667 0.0667
~ 0.6667 0.0000 0.7333 0.0667
J 0.7333 0.0000 0.8000 0.0667
~ 0.8000 0.0000 0.8667 0.0667
~ 0.8667 0.0000 0.9333 0.0667
~ 0.9333 0.0000 1.0000 0.0667
G 0.0000 0.0667 0.0667 0.1333
E 0.0667 0.0667 0.1333 0.1333
O 0.1333 0.0667 0.2000 0.1333
I 0.2000 0.0667 0.2667 0.1333
D 0.2667 0.0667 0.3333 0.1333
A 0.3333 0.0667 0.4000 0.1333
L 0.4000 0.0667 0.4667 0.1333
~ 0.4667 0.0667 0.5333 0.1333
~ 0.5333 0.0667 0.6000 0.1333
~ 0.6000 0.0667 0.6667 0.1333
B 0.6667 0.0667 0.7333 0.1333
A 0.7333 0.0667 0.8000 0.1333
~ 0.8000 0.0667 0.8667 0.1333
G 0.8667 0.0667 0.9333 0.1333
~ 0.9333 0.0667 1.0000 0.1333
U 0.0000 0.1333 0.0667 0.2000
~ 0.0667 0.1333 0.1333 0.2000
P 0.1333 0.1333 0.2000 0.2000
~ 0.2000 0.1333 0.2667 0.2000
~ 0.2667 0.1333 0.3333 0.2000
~ 0.3333 0.1333 0.4000 0.2000
I 0.4000 0.1333 0.4667 0.2000
N 0.4667 0.1333 0.5333 0.2000
T 0.5333 0.1333 0.6000 0.2000
R 0.6000 0.1333 0.6667 0.2000
U 0.6667 0.1333 0.7333 0.2000
D 0.7333 0.1333 0.8000 0.2000
E 0.8000 0.1333 0.8667 0.2000
R 0.8667 0.1333 0.9333 0.2000
~ 0.9333 0.1333 1.0000 0.2000
E 0.0000 0.2000 0.0667 0.2667
~ 0.0667 0.2000 0.1333 0.2667
~ 0.1333 0.2000 0.2000 0.2667
O 0.2000 0.2000 0.2667 0.2667
O 0.2667 0.2000 0.3333 0.2667
Z 0.3333 0.2000 0.4000 0.2667
E 0.4000 0.2000 0.4667 0.2667
~ 0.4667 0.2000 0.5333 0.2667
~ 0.5333 0.2000 0.6000 0.2667
~ 0.6000 0.2000 0.6667 0.2667
N 0.6667 0.2000 0.7333 0.2667
E 0.7333 0.2000 0.8000 0.2667
~ 0.8000 0.2000 0.8667 0.2667
O 0.8667 0.2000 0.9333 0.2667
~ 0.9333 0.2000 1.0000 0.2667
~ 0.0000 0.2667 0.0667 0.3333
F 0.0667 0.2667 0.1333 0.3333
O 0.1333 0.2667 0.2000 0.3333
H 0.2000 0.2667 0.2667 0.3333
N 0.2667 0.2667 0.3333 0.3333
~ 0.3333 0.2667 0.4000 0.3333
~ 0.4000 0.2667 0.4667 0.3333
~ 0.4667 0.2667 0.5333 0.3333
~ 0.5333 0.2667 0.6000 0.3333
~ 0.6000 0.2667 0.6667 0.3333
I 0.6667 0.2667 0.7333 0.3333
~ 0.7333 0.2667 0.8000 0.3333
~ 0.8000 0.2667 0.8667 0.3333
U 0.8667 0.2667 0.9333 0.3333
~ 0.9333 0.2667 1.0000 0.3333
~ 0.0000 0.3333 0.0667 0.4000
~ 0.0667 0.3333 0.1333 0.4000
~ 0.1333 0.3333 0.2000 0.4000
~ 0.2000 0.3333 0.2667 0.4000
~ 0.2667 0.3333 0.3333 0.4000
~ 0.3333 0.3333 0.4000 0.4000
~ 0.4000 0.3333 0.4667 0.4000
~ 0.4667 0.3333 0.5333 0.4000
~ 0.5333 0.3333 0.6000 0.4000
~ 0.6000 0.3333 0.6667 0.4000
O 0.6667 0.3333 0.7333 0.4000
~ 0.7333 0.3333 0.8000 0.4000
~ 0.8000 0.3333 0.8667 0.4000
T 0.8667 0.3333 0.9333 0.4000
A 0.9333 0.3333 1.0000 0.4000
~ 0.0000 0.4000 0.0667 0.4667
~ 0.0667 0.4000 0.1333 0.4667
~ 0.1333 0.4000 0.2000 0.4667
~ 0.2000 0.4000 0.2667 0.4667
~ 0.2667 0.4000 0.3333 0.4667
~ 0.3333 0.4000 0.4000 0.4667
~ 0.4000 0.4000 0.4667 0.4667
D 0.4667 0.4000 0.5333 0.4667
A 0.5333 0.4000 0.6000 0.4667
R 0.6000 0.4000 0.6667 0.4667
N 0.6667 0.4000 0.7333 0.4667
~ 0.7333 0.4000 0.8000 0.4667
~ 0.8000 0.4000 0.8667 0.4667
~ 0.8667 0.4000 0.9333 0.4667
V 0.9333 0.4000 1.0000 0.4667
~ 0.0000 0.4667 0.0667 0.5333
~ 0.0667 0.4667 0.1333 0.5333
~ 0.1333 0.4667 0.2000 0.5333
~ 0.2000 0.4667 0.2667 0.5333
~ 0.2667 0.4667 0.3333 0.5333
~ 0.3333 0.4667 0.4000 0.5333
M 0.4000 0.4667 0.4667 0.5333
I 0.4667 0.4667 0.5333 0.5333
B 0.5333 0.4667 0.6000 0.5333
~ 0.6000 0.4667 0.6667 0.5333
~ 0.6667 0.4667 0.7333 0.5333
C 0.7333 0.4667 0.8000 0.5333
~ 0.8000 0.4667 0.8667 0.5333
~ 0.8667 0.4667 0.9333 0.5333
O 0.9333 0.4667 1.0000 0.5333
~ 0.0000 0.5333 0.0667 0.6000
~ 0.0667 0.5333 0.1333 0.6000
~ 0.1333 0.5333 0.2000 0.6000
~ 0.2000 0.5333 0.2667 0.6000
~ 0.2667 0.5333 0.3333 0.6000
K 0.3333 0.5333 0.4000 0.6000
I 0.4000 0.5333 0.4667 0.6000
F 0.4667 0.5333 0.5333 0.6000
~ 0.5333 0.5333 0.6000 0.6000
~ 0.6000 0.5333 0.6667 0.6000
~ 0.6667 0.5333 0.7333 0.6000
O 0.7333 0.5333 0.8000 0.6000
H 0.8000 0.5333 0.8667 0.6000
~ 0.8667 0.5333 0.9333 0.6000
W 0.9333 0.5333 1.0000 0.6000
~ 0.0000 0.6000 0.0667 0.6667
~ 0.0667 0.6000 0.1333 0.6667
~ 0.1333 0.6000 0.2000 0.6667
~ 0.2000 0.6000 0.2667 0.6667
V 0.2667 0.6000 0.3333 0.6667
A 0.3333 0.6000 0.4000 0.6667
R 0.4000 0.6000 0.4667 0.6667
~ 0.4667 0.6000 0.5333 0.6667
~ 0.5333 0.6000 0.6000 0.6667
~ 0.6000 0.6000 0.6667 0.6667
~ 0.6667 0.6000 0.7333 0.6667
A 0.7333 0.6000 0.8000 0.6667
E 0.8000 0.6000 0.8667 0.6667
~ 0.8667 0.6000 0.9333 0.6667
E 0.9333 0.6000 1.0000 0.6667
~ 0.0000 0.6667 0.0667 0.7333
~ 0.0667 0.6667 0.1333 0.7333
~ 0.1333 0.6667 0.2000 0.7333
~ 0.2000 0.6667 0.2667 0.7333
~ 0.2667 0.6667 0.3333 0.7333
~ 0.3333 0.6667 0.4000 0.7333
E 0.4000 0.6667 0.4667 0.7333
L 0.4667 0.6667 0.5333 0.7333
I 0.5333 0.6667 0.6000 0.7333
T 0.6000 0.6667 0.6667 0.7333
I 0.6667 0.6667 0.7333 0.7333
S 0.7333 0.6667 0.8000 0.7333
M 0.8000 0.6667 0.8667 0.7333
~ 0.8667 0.6667 0.9333 0.7333
R 0.9333 0.6667 1.0000 0.7333
~ 0.0000 0.7333 0.0667 0.8000
~ 0.0667 0.7333 0.1333 0.8000
~ 0.1333 0.7333 0.2000 0.8000
~ 0.2000 0.7333 0.2667 0.8000
~ 0.2667 0.7333 0.3333 0.8000
~ 0.3333 0.7333 0.4000 0.8000
~ 0.4000 0.7333 0.4667 0.8000
~ 0.4667 0.7333 0.5333 0.8000
~ 0.5333 0.7333 0.6000 0.8000
~ 0.6000 0.7333 0.6667 0.8000
~ 0.6667 0.7333 0.7333 0.8000
T 0.7333 0.7333 0.8000 0.8000
~ 0.8000 0.7333 0.8667 0.8000
~ 0.8667 0.7333 0.9333 0.8000
~ 0.9333 0.7333 1.0000 0.8000
~ 0.0000 0.8000 0.0667 0.8667
~ 0.0667 0.8000 0.1333 0.8667
~ 0.1333 0.8000 0.2000 0.8667
Q 0.2000 0.8000 0.2667 0.8667
~ 0.2667 0.8000 0.3333 0.8667
~ 0.3333 0.8000 0.4000 0.8667
~ 0.4000 0.8000 0.4667 0.8667
~ 0.4667 0.8000 0.5333 0.8667
~ 0.5333 0.8000 0.6000 0.8667
E 0.6000 0.8000 0.6667 0.8667
A 0.6667 0.8000 0.7333 0.8667
S 0.7333 0.8000 0.8000 0.8667
T 0.8000 0.8000 0.8667 0.8667
E 0.8667 0.8000 0.9333 0.8667
D 0.9333 0.8000 1.0000 0.8667
~ 0.0000 0.8667 0.0667 0.9333
~ 0.0667 0.8667 0.1333 0.9333
~ 0.1333 0.8667 0.2000 0.9333
I 0.2000 0.8667 0.2667 0.9333
N 0.2667 0.8667 0.3333 0.9333
~ 0.3333 0.8667 0.4000 0.9333
~ 0.4000 0.8667 0.4667 0.9333
~ 0.4667 0.8667 0.5333 0.9333
E 0.5333 0.8667 0.6000 0.9333
R 0.6000 0.8667 0.6667 0.9333
~ 0.6667 0.8667 0.7333 0.9333
~ 0.7333 0.8667 0.8000 0.9333
~ 0.8000 0.8667 0.8667 0.9333
~ 0.8667 0.8667 0.9333 0.9333
~ 0.9333 0.8667 1.0000 0.9333
~ 0.0000 0.9333 0.0667 1.0000
~ 0.0667 0.9333 0.1333 1.0000
~ 0.1333 0.9333 0.2000 1.0000
~ 0.2000 0.9333 0.2667 1.0000
~ 0.2667 0.9333 0.3333 1.0000
~ 0.3333 0.9333 0.4000 1.0000
~ 0.4000 0.9333 0.4667 1.0000
~ 0.4667 0.9333 0.5333 1.0000
W 0.5333 0.9333 0.6000 1.0000
E 0.6000 0.9333 0.6667 1.0000
L 0.6667 0.9333 0.7333 1.0000
T 0.7333 0.9333 0.8000 1.0000
~ 0.8000 0.9333 0.8667 1.0000
~ 0.8667 0.9333 0.9333 1.0000
~ 0.9333 0.9333 1.0000 1.0000
