~ 0.0000 0.0000 0.0667 0.0667
~ 0.0667 0.0000 0.1333 0.0667
~ 0.1333 0.0000 0.2000 0.0667
~ 0.2000 0.0000 0.2667 0.0667
~ 0.2667 0.0000 0.3333 0.0667
~ 0.3333 0.0000 0.4000 0.0667
~ 0.4000 0.0000 0.4667 0.0667
~ 0.4667 0.0000 0.5333 0.0667
~ 0.5333 0.0000 0.6000 0.0667
~ 0.6000 0.0000 0.6667 0.0667
~ 0.6667 0.0000 0.7333 0.0667
~ 0.7333 0.0000 0.8000 0.0667
~ 0.8000 0.0000 0.8667 0.0667
~ 0.8667 0.0000 0.9333 0.0667
~ 0.9333 0.0000 1.0000 0.0667
I 0.0000 0.0667 0.0667 0.1333
F 0.0667 0.0667 0.1333 0.1333
~ 0.1333 0.0667 0.2000 0.1333
~ 0.2000 0.0667 0.2667 0.1333
~ 0.2667 0.0667 0.3333 0.1333
V 0.3333 0.0667 0.4000 0.1333
~ 0.4000 0.0667 0.4667 0.1333
~ 0.4667 0.0667 0.5333 0.1333
~ 0.5333 0.0667 0.6000 0.1333
~ 0.6000 0.0667 0.6667 0.1333
~ 0.6667 0.0667 0.7333 0.1333
~ 0.7333 0.0667 0.8000 0.1333
H 0.8000 0.0667 0.8667 0.1333
A 0.8667 0.0667 0.9333 0.1333
G 0.9333 0.0667 1.0000 0.1333
T 0.0000 0.1333 0.0667 0.2000
I 0.0667 0.1333 0.1333 0.2000
~ 0.1333 0.1333 0.2000 0.2000
~ 0.2000 0.1333 0.2667 0.2000
~ 0.2667 0.1333 0.3333 0.2000
A 0.3333 0.1333 0.4000 0.2000
E 0.4000 0.1333 0.4667 0.2000
~ 0.4667 0.1333 0.5333 0.2000
~ 0.5333 0.1333 0.6000 0.2000
~ 0.6000 0.1333 0.6667 0.2000
~ 0.6667 0.1333 0.7333 0.2000
~ 0.7333 0.1333 0.8000 0.2000
I 0.8000 0.1333 0.8667 0.2000
G 0.8667 0.1333 0.9333 0.2000
~ 0.9333 0.1333 1.0000 0.2000
E 0.0000 0.2000 0.0667 0.2667
X 0.0667 0.2000 0.1333 0.2667
~ 0.1333 0.2000 0.2000 0.2667
M 0.2000 0.2000 0.2667 0.2667
E 0.2667 0.2000 0.3333 0.2667
R 0.3333 0.2000 0.4000 0.2667
C 0.4000 0.2000 0.4667 0.2667
~ 0.4667 0.2000 0.5333 0.2667
~ 0.5333 0.2000 0.6000 0.2667
~ 0.6000 0.2000 0.6667 0.2667
~ 0.6667 0.2000 0.7333 0.2667
A 0.7333 0.2000 0.8000 0.2667
~ 0.8000 0.2000 0.8667 0.2667
~ 0.8667 0.2000 0.9333 0.2667
~ 0.9333 0.2000 1.0000 0.2667
~ 0.0000 0.2667 0.0667 0.3333
~ 0.0667 0.2667 0.1333 0.3333
Q 0.1333 0.2667 0.2000 0.3333
A 0.2000 0.2667 0.2667 0.3333
T 0.2667 0.2667 0.3333 0.3333
~ 0.3333 0.2667 0.4000 0.3333
U 0.4000 0.2667 0.4667 0.3333
~ 0.4667 0.2667 0.5333 0.3333
~ 0.5333 0.2667 0.6000 0.3333
L 0.6000 0.2667 0.6667 0.3333
I 0.6667 0.2667 0.7333 0.3333
V 0.7333 0.2667 0.8000 0.3333
I 0.8000 0.2667 0.8667 0.3333
D 0.8667 0.2667 0.9333 0.3333
~ 0.9333 0.2667 1.0000 0.3333
I 0.0000 0.3333 0.0667 0.4000
~ 0.0667 0.3333 0.1333 0.4000
~ 0.1333 0.3333 0.2000 0.4000
D 0.2000 0.3333 0.2667 0.4000
A 0.2667 0.3333 0.3333 0.4000
K 0.3333 0.3333 0.4000 0.4000
~ 0.4000 0.3333 0.4667 0.4000
~ 0.4667 0.3333 0.5333 0.4000
~ 0.5333 0.3333 0.6000 0.4000
~ 0.6000 0.3333 0.6667 0.4000
N 0.6667 0.3333 0.7333 0.4000
U 0.7333 0.3333 0.8000 0.4000
N 0.8000 0.3333 0.8667 0.4000
~ 0.8667 0.3333 0.9333 0.4000
~ 0.9333 0.3333 1.0000 0.4000
S 0.0000 0.4000 0.0667 0.4667
T 0.0667 0.4000 0.1333 0.4667
Y 0.1333 0.4000 0.2000 0.4667
E 0.2000 0.4000 0.2667 0.4667
~ 0.2667 0.4000 0.3333 0.4667
I 0.3333 0.4000 0.4000 0.4667
O 0.4000 0.4000 0.4667 0.4667
T 0.4667 0.4000 0.5333 0.4667
A 0.5333 0.4000 0.6000 0.4667
~ 0.6000 0.4000 0.6667 0.4667
~ 0.6667 0.4000 0.7333 0.4667
S 0.7333 0.4000 0.8000 0.4667
~ 0.8000 0.4000 0.8667 0.4667
~ 0.8667 0.4000 0.9333 0.4667
~ 0.9333 0.4000 1.0000 0.4667
E 0.0000 0.4667 0.0667 0.5333
~ 0.0667 0.4667 0.1333 0.5333
~ 0.1333 0.4667 0.2000 0.5333
~ 0.2000 0.4667 0.2667 0.5333
~ 0.2667 0.4667 0.3333 0.5333
~ 0.3333 0.4667 0.4000 0.5333
F 0.4000 0.4667 0.4667 0.5333
A 0.4667 0.4667 0.5333 0.5333
D 0.5333 0.4667 0.6000 0.5333
O 0.6000 0.4667 0.6667 0.5333
~ 0.6667 0.4667 0.7333 0.5333
E 0.7333 0.4667 0.8000 0.5333
~ 0.8000 0.4667 0.8667 0.5333
~ 0.8667 0.4667 0.9333 0.5333
~ 0.9333 0.4667 1.0000 0.5333
~ 0.0000 0.5333 0.0667 0.6000
~ 0.0667 0.5333 0.1333 0.6000
J 0.1333 0.5333 0.2000 0.6000
U 0.2000 0.5333 0.2667 0.6000
T 0.2667 0.5333 0.3333 0.6000
~ 0.3333 0.5333 0.4000 0.6000
~ 0.4000 0.5333 0.4667 0.6000
~ 0.4667 0.5333 0.5333 0.6000
Z 0.5333 0.5333 0.6000 0.6000
E 0.6000 0.5333 0.6667 0.6000
P 0.6667 0.5333 0.7333 0.6000
S 0.7333 0.5333 0.8000 0.6000
~ 0.8000 0.5333 0.8667 0.6000
~ 0.8667 0.5333 0.9333 0.6000
~ 0.9333 0.5333 1.0000 0.6000
~ 0.0000 0.6000 0.0667 0.6667
~ 0.0667 0.6000 0.1333 0.6667
~ 0.1333 0.6000 0.2000 0.6667
~ 0.2000 0.6000 0.2667 0.6667
O 0.2667 0.6000 0.3333 0.6667
O 0.3333 0.6000 0.4000 0.6667
R 0.4000 0.6000 0.4667 0.6667
I 0.4667 0.6000 0.5333 0.6667
E 0.5333 0.6000 0.6000 0.6667
~ 0.6000 0.6000 0.6667 0.6667
O 0.6667 0.6000 0.7333 0.6667
~ 0.7333 0.6000 0.8000 0.6667
~ 0.8000 0.6000 0.8667 0.6667
~ 0.8667 0.6000 0.9333 0.6667
~ 0.9333 0.6000 1.0000 0.6667
~ 0.0000 0.6667 0.0667 0.7333
C 0.0667 0.6667 0.1333 0.7333
L 0.1333 0.6667 0.2000 0.7333
O 0.2000 0.6667 0.2667 0.7333
P 0.2667 0.6667 0.3333 0.7333
~ 0.3333 0.6667 0.4000 0.7333
~ 0.4000 0.6667 0.4667 0.7333
~ 0.4667 0.6667 0.5333 0.7333
~ 0.5333 0.6667 0.6000 0.7333
~ 0.6000 0.6667 0.6667 0.7333
H 0.6667 0.6667 0.7333 0.7333
E 0.7333 0.6667 0.8000 0.7333
R 0.8000 0.6667 0.8667 0.7333
~ 0.8667 0.6667 0.9333 0.7333
~ 0.9333 0.6667 1.0000 0.7333
~ 0.0000 0.7333 0.0667 0.8000
A 0.0667 0.7333 0.1333 0.8000
~ 0.1333 0.7333 0.2000 0.8000
W 0.2000 0.7333 0.2667 0.8000
E 0.2667 0.7333 0.3333 0.8000
A 0.3333 0.7333 0.4000 0.8000
R 0.4000 0.7333 0.4667 0.8000
Y 0.4667 0.7333 0.5333 0.8000
~ 0.5333 0.7333 0.6000 0.8000
~ 0.6000 0.7333 0.6667 0.8000
~ 0.6667 0.7333 0.7333 0.8000
L 0.7333 0.7333 0.8000 0.8000
~ 0.8000 0.7333 0.8667 0.8000
~ 0.8667 0.7333 0.9333 0.8000
~ 0.9333 0.7333 1.0000 0.8000
~ 0.0000 0.8000 0.0667 0.8667
B 0.0667 0.8000 0.1333 0.8667
O 0.1333 0.8000 0.2000 0.8667
N 0.2000 0.8000 0.2667 0.8667
D 0.2667 0.8000 0.3333 0.8667
~ 0.3333 0.8000 0.4000 0.8667
~ 0.4000 0.8000 0.4667 0.8667
~ 0.4667 0.8000 0.5333 0.8667
~ 0.5333 0.8000 0.6000 0.8667
~ 0.6000 0.8000 0.6667 0.8667
~ 0.6667 0.8000 0.7333 0.8667
S 0.7333 0.8000 0.8000 0.8667
~ 0.8000 0.8000 0.8667 0.8667
~ 0.8667 0.8000 0.9333 0.8667
~ 0.9333 0.8000 1.0000 0.8667
~ 0.0000 0.8667 0.0667 0.9333
E 0.0667 0.8667 0.1333 0.9333
~ 0.1333 0.8667 0.2000 0.9333
~ 0.2000 0.8667 0.2667 0.9333
~ 0.2667 0.8667 0.3333 0.9333
M 0.3333 0.8667 0.4000 0.9333
U 0.4000 0.8667 0.4667 0.9333
~ 0.4667 0.8667 0.5333 0.9333
~ 0.5333 0.8667 0.6000 0.9333
~ 0.6000 0.8667 0.6667 0.9333
R 0.6667 0.8667 0.7333 0.9333
E 0.7333 0.8667 0.8000 0.9333
N 0.8000 0.8667 0.8667 0.9333
T 0.8667 0.8667 0.9333 0.9333
~ 0.9333 0.8667 1.0000 0.9333
B 0.0000 0.9333 0.0667 1.0000
R 0.0667 0.9333 0.1333 1.0000
O 0.1333 0.9333 0.2000 1.0000
W 0.2000 0.9333 0.2667 1.0000
N 0.2667 0.9333 0.3333 1.0000
I 0.3333 0.9333 0.4000 1.0000
N 0.4000 0.9333 0.4667 1.0000
G 0.4667 0.9333 0.5333 1.0000
~ 0.5333 0.9333 0.6000 1.0000
~ 0.6000 0.9333 0.6667 1.0000
~ 0.6667 0.9333 0.7333 1.0000
~ 0.7333 0.9333 0.8000 1.0000
~ 0.8000 0.9333 0.8667 1.0000
~ 0.8667 0.9333 0.9333 1.0000
~ 0.9333 0.9333 1.0000 1.0000
