C 0.0000 0.0000 0.0667 0.0667
~ 0.0667 0.0000 0.1333 0.0667
~ 0.1333 0.0000 0.2000 0.0667
~ 0.2000 0.0000 0.2667 0.0667
C 0.2667 0.0000 0.3333 0.0667
C 0.3333 0.0000 0.4000 0.0667
O 0.4000 0.0000 0.4667 0.0667
Z 0.4667 0.0000 0.5333 0.0667
~ 0.5333 0.0000 0.6000 0.0667
~ 0.6000 0.0000 0.6667 0.0667
~ 0.6667 0.0000 0.7333 0.0667
~ 0.7333 0.0000 0.8000 0.0667
K 0.8000 0.0000 0.8667 0.0667
I 0.8667 0.0000 0.9333 0.0667
T 0.9333 0.0000 1.0000 0.0667
A 0.0000 0.0667 0.0667 0.1333
B 0.0667 0.0667 0.1333 0.1333
A 0.1333 0.0667 0.2000 0.1333
~ 0.2000 0.0667 0.2667 0.1333
W 0.2667 0.0667 0.3333 0.1333
~ 0.3333 0.0667 0.4000 0.1333
~ 0.4000 0.0667 0.4667 0.1333
A 0.4667 0.0667 0.5333 0.1333
D 0.5333 0.0667 0.6000 0.1333
~ 0.6000 0.0667 0.6667 0.1333
R 0.6667 0.0667 0.7333 0.1333
U 0.7333 0.0667 0.8000 0.1333
I 0.8000 0.0667 0.8667 0.1333
N 0.8667 0.0667 0.9333 0.1333
~ 0.9333 0.0667 1.0000 0.1333
N 0.0000 0.1333 0.0667 0.2000
~ 0.0667 0.1333 0.1333 0.2000
L 0.1333 0.1333 0.2000 0.2000
Y 0.2000 0.1333 0.2667 0.2000
E 0.2667 0.1333 0.3333 0.2000
~ 0.3333 0.1333 0.4000 0.2000
~ 0.4000 0.1333 0.4667 0.2000
P 0.4667 0.1333 0.5333 0.2000
U 0.5333 0.1333 0.6000 0.2000
R 0.6000 0.1333 0.6667 0.2000
E 0.6667 0.1333 0.7333 0.2000
~ 0.7333 0.1333 0.8000 0.2000
~ 0.8000 0.1333 0.8667 0.2000
~ 0.8667 0.1333 0.9333 0.2000
~ 0.9333 0.1333 1.0000 0.2000
~ 0.0000 0.2000 0.0667 0.2667
T 0.0667 0.2000 0.1333 0.2667
A 0.1333 0.2000 0.2000 0.2667
E 0.2000 0.2000 0.2667 0.2667
~ 0.2667 0.2000 0.3333 0.2667
~ 0.3333 0.2000 0.4000 0.2667
~ 0.4000 0.2000 0.4667 0.2667
~ 0.4667 0.2000 0.5333 0.2667
T 0.5333 0.2000 0.6000 0.2667
~ 0.6000 0.2000 0.6667 0.2667
V 0.6667 0.2000 0.7333 0.2667
A 0.7333 0.2000 0.8000 0.2667
I 0.8000 0.2000 0.8667 0.2667
L 0.8667 0.2000 0.9333 0.2667
~ 0.9333 0.2000 1.0000 0.2667
~ 0.0000 0.2667 0.0667 0.3333
U 0.0667 0.2667 0.1333 0.3333
~ 0.1333 0.2667 0.2000 0.3333
T 0.2000 0.2667 0.2667 0.3333
A 0.2667 0.2667 0.3333 0.3333
B 0.3333 0.2667 0.4000 0.3333
~ 0.4000 0.2667 0.4667 0.3333
~ 0.4667 0.2667 0.5333 0.3333
I 0.5333 0.2667 0.6000 0.3333
~ 0.6000 0.2667 0.6667 0.3333
E 0.6667 0.2667 0.7333 0.3333
~ 0.7333 0.2667 0.8000 0.3333
~ 0.8000 0.2667 0.8667 0.3333
~ 0.8667 0.2667 0.9333 0.3333
E 0.9333 0.2667 1.0000 0.3333
O 0.0000 0.3333 0.0667 0.4000
P 0.0667 0.3333 0.1333 0.4000
~ 0.1333 0.3333 0.2000 0.4000
~ 0.2000 0.3333 0.2667 0.4000
G 0.2667 0.3333 0.3333 0.4000
A 0.3333 0.3333 0.4000 0.4000
R 0.4000 0.3333 0.4667 0.4000
~ 0.4667 0.3333 0.5333 0.4000
E 0.5333 0.3333 0.6000 0.4000
~ 0.6000 0.3333 0.6667 0.4000
N 0.6667 0.3333 0.7333 0.4000
~ 0.7333 0.3333 0.8000 0.4000
~ 0.8000 0.3333 0.8667 0.4000
~ 0.8667 0.3333 0.9333 0.4000
V 0.9333 0.3333 1.0000 0.4000
A 0.0000 0.4000 0.0667 0.4667
~ 0.0667 0.4000 0.1333 0.4667
G 0.1333 0.4000 0.2000 0.4667
O 0.2000 0.4000 0.2667 0.4667
~ 0.2667 0.4000 0.3333 0.4667
W 0.3333 0.4000 0.4000 0.4667
O 0.4000 0.4000 0.4667 0.4667
O 0.4667 0.4000 0.5333 0.4667
D 0.5333 0.4000 0.6000 0.4667
~ 0.6000 0.4000 0.6667 0.4667
U 0.6667 0.4000 0.7333 0.4667
~ 0.7333 0.4000 0.8000 0.4667
D 0.8000 0.4000 0.8667 0.4667
O 0.8667 0.4000 0.9333 0.4667
E 0.9333 0.4000 1.0000 0.4667
T 0.0000 0.4667 0.0667 0.5333
A 0.0667 0.4667 0.1333 0.5333
O 0.1333 0.4667 0.2000 0.5333
~ 0.2000 0.4667 0.2667 0.5333
~ 0.2667 0.4667 0.3333 0.5333
~ 0.3333 0.4667 0.4000 0.5333
M 0.4000 0.4667 0.4667 0.5333
Y 0.4667 0.4667 0.5333 0.5333
~ 0.5333 0.4667 0.6000 0.5333
~ 0.6000 0.4667 0.6667 0.5333
E 0.6667 0.4667 0.7333 0.5333
H 0.7333 0.4667 0.8000 0.5333
~ 0.8000 0.4667 0.8667 0.5333
~ 0.8667 0.4667 0.9333 0.5333
R 0.9333 0.4667 1.0000 0.5333
~ 0.0000 0.5333 0.0667 0.6000
~ 0.0667 0.5333 0.1333 0.6000
~ 0.1333 0.5333 0.2000 0.6000
J 0.2000 0.5333 0.2667 0.6000
~ 0.2667 0.5333 0.3333 0.6000
H 0.3333 0.5333 0.4000 0.6000
E 0.4000 0.5333 0.4667 0.6000
~ 0.4667 0.5333 0.5333 0.6000
~ 0.5333 0.5333 0.6000 0.6000
~ 0.6000 0.5333 0.6667 0.6000
S 0.6667 0.5333 0.7333 0.6000
I 0.7333 0.5333 0.8000 0.6000
~ 0.8000 0.5333 0.8667 0.6000
~ 0.8667 0.5333 0.9333 0.6000
~ 0.9333 0.5333 1.0000 0.6000
~ 0.0000 0.6000 0.0667 0.6667
~ 0.0667 0.6000 0.1333 0.6667
L 0.1333 0.6000 0.2000 0.6667
I 0.2000 0.6000 0.2667 0.6667
N 0.2667 0.6000 0.3333 0.6667
E 0.3333 0.6000 0.4000 0.6667
~ 0.4000 0.6000 0.4667 0.6667
~ 0.4667 0.6000 0.5333 0.6667
~ 0.5333 0.6000 0.6000 0.6667
~ 0.6000 0.6000 0.6667 0.6667
~ 0.6667 0.6000 0.7333 0.6667
E 0.7333 0.6000 0.8000 0.6667
~ 0.8000 0.6000 0.8667 0.6667
~ 0.8667 0.6000 0.9333 0.6667
~ 0.9333 0.6000 1.0000 0.6667
~ 0.0000 0.6667 0.0667 0.7333
~ 0.0667 0.6667 0.1333 0.7333
~ 0.1333 0.6667 0.2000 0.7333
F 0.2000 0.6667 0.2667 0.7333
~ 0.2667 0.6667 0.3333 0.7333
X 0.3333 0.6667 0.4000 0.7333
~ 0.4000 0.6667 0.4667 0.7333
~ 0.4667 0.6667 0.5333 0.7333
~ 0.5333 0.6667 0.6000 0.7333
Q 0.6000 0.6667 0.6667 0.7333
I 0.6667 0.6667 0.7333 0.7333
S 0.7333 0.6667 0.8000 0.7333
~ 0.8000 0.6667 0.8667 0.7333
~ 0.8667 0.6667 0.9333 0.7333
~ 0.9333 0.6667 1.0000 0.7333
~ 0.0000 0.7333 0.0667 0.8000
~ 0.0667 0.7333 0.1333 0.8000
~ 0.1333 0.7333 0.2000 0.8000
F 0.2000 0.7333 0.2667 0.8000
~ 0.2667 0.7333 0.3333 0.8000
~ 0.3333 0.7333 0.4000 0.8000
~ 0.4000 0.7333 0.4667 0.8000
~ 0.4667 0.7333 0.5333 0.8000
M 0.5333 0.7333 0.6000 0.8000
I 0.6000 0.7333 0.6667 0.8000
~ 0.6667 0.7333 0.7333 0.8000
~ 0.7333 0.7333 0.8000 0.8000
~ 0.8000 0.7333 0.8667 0.8000
~ 0.8667 0.7333 0.9333 0.8000
~ 0.9333 0.7333 1.0000 0.8000
~ 0.0000 0.8000 0.0667 0.8667
~ 0.0667 0.8000 0.1333 0.8667
I 0.1333 0.8000 0.2000 0.8667
S 0.2000 0.8000 0.2667 0.8667
~ 0.2667 0.8000 0.3333 0.8667
~ 0.3333 0.8000 0.4000 0.8667
~ 0.4000 0.8000 0.4667 0.8667
R 0.4667 0.8000 0.5333 0.8667
E 0.5333 0.8000 0.6000 0.8667
S 0.6000 0.8000 0.6667 0.8667
O 0.6667 0.8000 0.7333 0.8667
L 0.7333 0.8000 0.8000 0.8667
D 0.8000 0.8000 0.8667 0.8667
~ 0.8667 0.8000 0.9333 0.8667
~ 0.9333 0.8000 1.0000 0.8667
~ 0.0000 0.8667 0.0667 0.9333
~ 0.0667 0.8667 0.1333 0.9333
~ 0.1333 0.8667 0.2000 0.9333
~ 0.2000 0.8667 0.2667 0.9333
~ 0.2667 0.8667 0.3333 0.9333
~ 0.3333 0.8667 0.4000 0.9333
~ 0.4000 0.8667 0.4667 0.9333
~ 0.4667 0.8667 0.5333 0.9333
~ 0.5333 0.8667 0.6000 0.9333
~ 0.6000 0.8667 0.6667 0.9333
~ 0.6667 0.8667 0.7333 0.9333
~ 0.7333 0.8667 0.8000 0.9333
~ 0.8000 0.8667 0.8667 0.9333
~ 0.8667 0.8667 0.9333 0.9333
~ 0.9333 0.8667 1.0000 0.9333
~ 0.0000 0.9333 0.0667 1.0000
~ 0.0667 0.9333 0.1333 1.0000
~ 0.1333 0.9333 0.2000 1.0000
~ 0.2000 0.9333 0.2667 1.0000
~ 0.2667 0.9333 0.3333 1.0000
~ 0.3333 0.9333 0.4000 1.0000
~ 0.4000 0.9333 0.4667 1.0000
~ 0.4667 0.9333 0.5333 1.0000
~ 0.5333 0.9333 0.6000 1.0000
~ 0.6000 0.9333 0.6667 1.0000
~ 0.6667 0.9333 0.7333 1.0000
~ 0.7333 0.9333 0.8000 1.0000
~ 0.8000 0.9333 0.8667 1.0000
~ 0.8667 0.9333 0.9333 1.0000
~ 0.9333 0.9333 1.0000 1.0000
