U 0.0000 0.0000 0.0667 0.0667
T 0.0667 0.0000 0.1333 0.0667
~ 0.1333 0.0000 0.2000 0.0667
~ 0.2000 0.0000 0.2667 0.0667
~ 0.2667 0.0000 0.3333 0.0667
~ 0.3333 0.0000 0.4000 0.0667
~ 0.4000 0.0000 0.4667 0.0667
~ 0.4667 0.0000 0.5333 0.0667
~ 0.5333 0.0000 0.6000 0.0667
~ 0.6000 0.0000 0.6667 0.0667
~ 0.6667 0.0000 0.7333 0.0667
~ 0.7333 0.0000 0.8000 0.0667
~ 0.8000 0.0000 0.8667 0.0667
~ 0.8667 0.0000 0.9333 0.0667
S 0.9333 0.0000 1.0000 0.0667
P 0.0000 0.0667 0.0667 0.1333
O 0.0667 0.0667 0.1333 0.1333
D 0.1333 0.0667 0.2000 0.1333
~ 0.2000 0.0667 0.2667 0.1333
~ 0.2667 0.0667 0.3333 0.1333
~ 0.3333 0.0667 0.4000 0.1333
~ 0.4000 0.0667 0.4667 0.1333
~ 0.4667 0.0667 0.5333 0.1333
~ 0.5333 0.0667 0.6000 0.1333
~ 0.6000 0.0667 0.6667 0.1333
~ 0.6667 0.0667 0.7333 0.1333
~ 0.7333 0.0667 0.8000 0.1333
~ 0.8000 0.0667 0.8667 0.1333
L 0.8667 0.0667 0.9333 0.1333
I 0.9333 0.0667 1.0000 0.1333
~ 0.0000 0.1333 0.0667 0.2000
R 0.0667 0.1333 0.1333 0.2000
E 0.1333 0.1333 0.2000 0.2000
T 0.2000 0.1333 0.2667 0.2000
~ 0.2667 0.1333 0.3333 0.2000
~ 0.3333 0.1333 0.4000 0.2000
~ 0.4000 0.1333 0.4667 0.2000
~ 0.4667 0.1333 0.5333 0.2000
~ 0.5333 0.1333 0.6000 0.2000
~ 0.6000 0.1333 0.6667 0.2000
~ 0.6667 0.1333 0.7333 0.2000
~ 0.7333 0.1333 0.8000 0.2000
~ 0.8000 0.1333 0.8667 0.2000
A 0.8667 0.1333 0.9333 0.2000
L 0.9333 0.1333 1.0000 0.2000
~ 0.0000 0.2000 0.0667 0.2667
~ 0.0667 0.2000 0.1333 0.2667
A 0.1333 0.2000 0.2000 0.2667
R 0.2000 0.2000 0.2667 0.2667
~ 0.2667 0.2000 0.3333 0.2667
U 0.3333 0.2000 0.4000 0.2667
~ 0.4000 0.2000 0.4667 0.2667
~ 0.4667 0.2000 0.5333 0.2667
~ 0.5333 0.2000 0.6000 0.2667
~ 0.6000 0.2000 0.6667 0.2667
~ 0.6667 0.2000 0.7333 0.2667
~ 0.7333 0.2000 0.8000 0.2667
~ 0.8000 0.2000 0.8667 0.2667
T 0.8667 0.2000 0.9333 0.2667
E 0.9333 0.2000 1.0000 0.2667
~ 0.0000 0.2667 0.0667 0.3333
~ 0.0667 0.2667 0.1333 0.3333
W 0.1333 0.2667 0.2000 0.3333
E 0.2000 0.2667 0.2667 0.3333
~ 0.2667 0.2667 0.3333 0.3333
G 0.3333 0.2667 0.4000 0.3333
~ 0.4000 0.2667 0.4667 0.3333
~ 0.4667 0.2667 0.5333 0.3333
~ 0.5333 0.2667 0.6000 0.3333
Y 0.6000 0.2667 0.6667 0.3333
~ 0.6667 0.2667 0.7333 0.3333
G 0.7333 0.2667 0.8000 0.3333
I 0.8000 0.2667 0.8667 0.3333
E 0.8667 0.2667 0.9333 0.3333
S 0.9333 0.2667 1.0000 0.3333
~ 0.0000 0.3333 0.0667 0.4000
~ 0.0667 0.3333 0.1333 0.4000
~ 0.1333 0.3333 0.2000 0.4000
E 0.2000 0.3333 0.2667 0.4000
~ 0.2667 0.3333 0.3333 0.4000
H 0.3333 0.3333 0.4000 0.4000
I 0.4000 0.3333 0.4667 0.4000
~ 0.4667 0.3333 0.5333 0.4000
Q 0.5333 0.3333 0.6000 0.4000
A 0.6000 0.3333 0.6667 0.4000
D 0.6667 0.3333 0.7333 0.4000
I 0.7333 0.3333 0.8000 0.4000
~ 0.8000 0.3333 0.8667 0.4000
X 0.8667 0.3333 0.9333 0.4000
~ 0.9333 0.3333 1.0000 0.4000
~ 0.0000 0.4000 0.0667 0.4667
~ 0.0667 0.4000 0.1333 0.4667
~ 0.1333 0.4000 0.2000 0.4667
N 0.2000 0.4000 0.2667 0.4667
~ 0.2667 0.4000 0.3333 0.4667
~ 0.3333 0.4000 0.4000 0.4667
L 0.4000 0.4000 0.4667 0.4667
~ 0.4667 0.4000 0.5333 0.4667
U 0.5333 0.4000 0.6000 0.4667
~ 0.6000 0.4000 0.6667 0.4667
A 0.6667 0.4000 0.7333 0.4667
~ 0.7333 0.4000 0.8000 0.4667
~ 0.8000 0.4000 0.8667 0.4667
~ 0.8667 0.4000 0.9333 0.4667
~ 0.9333 0.4000 1.0000 0.4667
~ 0.0000 0.4667 0.0667 0.5333
E 0.0667 0.4667 0.1333 0.5333
R 0.1333 0.4667 0.2000 0.5333
A 0.2000 0.4667 0.2667 0.5333
I 0.2667 0.4667 0.3333 0.5333
~ 0.3333 0.4667 0.4000 0.5333
K 0.4000 0.4667 0.4667 0.5333
V 0.4667 0.4667 0.5333 0.5333
E 0.5333 0.4667 0.6000 0.5333
T 0.6000 0.4667 0.6667 0.5333
C 0.6667 0.4667 0.7333 0.5333
H 0.7333 0.4667 0.8000 0.5333
~ 0.8000 0.4667 0.8667 0.5333
~ 0.8667 0.4667 0.9333 0.5333
P 0.9333 0.4667 1.0000 0.5333
~ 0.0000 0.5333 0.0667 0.6000
~ 0.0667 0.5333 0.1333 0.6000
~ 0.1333 0.5333 0.2000 0.6000
I 0.2000 0.5333 0.2667 0.6000
~ 0.2667 0.5333 0.3333 0.6000
~ 0.3333 0.5333 0.4000 0.6000
~ 0.4000 0.5333 0.4667 0.6000
~ 0.4667 0.5333 0.5333 0.6000
R 0.5333 0.5333 0.6000 0.6000
~ 0.6000 0.5333 0.6667 0.6000
E 0.6667 0.5333 0.7333 0.6000
E 0.7333 0.5333 0.8000 0.6000
~ 0.8000 0.5333 0.8667 0.6000
~ 0.8667 0.5333 0.9333 0.6000
R 0.9333 0.5333 1.0000 0.6000
~ 0.0000 0.6000 0.0667 0.6667
~ 0.0667 0.6000 0.1333 0.6667
~ 0.1333 0.6000 0.2000 0.6667
L 0.2000 0.6000 0.2667 0.6667
E 0.2667 0.6000 0.3333 0.6667
Z 0.3333 0.6000 0.4000 0.6667
~ 0.4000 0.6000 0.4667 0.6667
~ 0.4667 0.6000 0.5333 0.6667
N 0.5333 0.6000 0.6000 0.6667
~ 0.6000 0.6000 0.6667 0.6667
~ 0.6667 0.6000 0.7333 0.6667
E 0.7333 0.6000 0.8000 0.6667
~ 0.8000 0.6000 0.8667 0.6667
J 0.8667 0.6000 0.9333 0.6667
O 0.9333 0.6000 1.0000 0.6667
~ 0.0000 0.6667 0.0667 0.7333
~ 0.0667 0.6667 0.1333 0.7333
~ 0.1333 0.6667 0.2000 0.7333
~ 0.2000 0.6667 0.2667 0.7333
M 0.2667 0.6667 0.3333 0.7333
O 0.3333 0.6667 0.4000 0.7333
O 0.4000 0.6667 0.4667 0.7333
T 0.4667 0.6667 0.5333 0.7333
~ 0.5333 0.6667 0.6000 0.7333
B 0.6000 0.6667 0.6667 0.7333
U 0.6667 0.6667 0.7333 0.7333
D 0.7333 0.6667 0.8000 0.7333
~ 0.8000 0.6667 0.8667 0.7333
E 0.8667 0.6667 0.9333 0.7333
F 0.9333 0.6667 1.0000 0.7333
~ 0.0000 0.7333 0.0667 0.8000
Y 0.0667 0.7333 0.1333 0.8000
~ 0.1333 0.7333 0.2000 0.8000
M 0.2000 0.7333 0.2667 0.8000
O 0.2667 0.7333 0.3333 0.8000
A 0.3333 0.7333 0.4000 0.8000
~ 0.4000 0.7333 0.4667 0.8000
W 0.4667 0.7333 0.5333 0.8000
O 0.5333 0.7333 0.6000 0.8000
O 0.6000 0.7333 0.6667 0.8000
~ 0.6667 0.7333 0.7333 0.8000
I 0.7333 0.7333 0.8000 0.8000
N 0.8000 0.7333 0.8667 0.8000
S 0.8667 0.7333 0.9333 0.8000
~ 0.9333 0.7333 1.0000 0.8000
F 0.0000 0.8000 0.0667 0.8667
A 0.0667 0.8000 0.1333 0.8667
V 0.1333 0.8000 0.2000 0.8667
A 0.2000 0.8000 0.2667 0.8667
~ 0.2667 0.8000 0.3333 0.8667
~ 0.3333 0.8000 0.4000 0.8667
C 0.4000 0.8000 0.4667 0.8667
O 0.4667 0.8000 0.5333 0.8667
R 0.5333 0.8000 0.6000 0.8667
B 0.6000 0.8000 0.6667 0.8667
I 0.6667 0.8000 0.7333 0.8667
N 0.7333 0.8000 0.8000 0.8667
A 0.8000 0.8000 0.8667 0.8667
S 0.8667 0.8000 0.9333 0.8667
~ 0.9333 0.8000 1.0000 0.8667
I 0.0000 0.8667 0.0667 0.9333
D 0.0667 0.8667 0.1333 0.9333
~ 0.1333 0.8667 0.2000 0.9333
~ 0.2000 0.8667 0.2667 0.9333
~ 0.2667 0.8667 0.3333 0.9333
~ 0.3333 0.8667 0.4000 0.9333
~ 0.4000 0.8667 0.4667 0.9333
~ 0.4667 0.8667 0.5333 0.9333
~ 0.5333 0.8667 0.6000 0.9333
~ 0.6000 0.8667 0.6667 0.9333
~ 0.6667 0.8667 0.7333 0.9333
G 0.7333 0.8667 0.8000 0.9333
~ 0.8000 0.8667 0.8667 0.9333
~ 0.8667 0.8667 0.9333 0.9333
~ 0.9333 0.8667 1.0000 0.9333
N 0.0000 0.9333 0.0667 1.0000
~ 0.0667 0.9333 0.1333 1.0000
~ 0.1333 0.9333 0.2000 1.0000
~ 0.2000 0.9333 0.2667 1.0000
~ 0.2667 0.9333 0.3333 1.0000
~ 0.3333 0.9333 0.4000 1.0000
~ 0.4000 0.9333 0.4667 1.0000
~ 0.4667 0.9333 0.5333 1.0000
~ 0.5333 0.9333 0.6000 1.0000
~ 0.6000 0.9333 0.6667 1.0000
~ 0.6667 0.9333 0.7333 1.0000
~ 0.7333 0.9333 0.8000 1.0000
~ 0.8000 0.9333 0.8667 1.0000
~ 0.8667 0.9333 0.9333 1.0000
~ 0.9333 0.9333 1.0000 1.0000
