~ 0.0000 0.0000 0.0667 0.0667
~ 0.0667 0.0000 0.1333 0.0667
~ 0.1333 0.0000 0.2000 0.0667
~ 0.2000 0.0000 0.2667 0.0667
~ 0.2667 0.0000 0.3333 0.0667
~ 0.3333 0.0000 0.4000 0.0667
~ 0.4000 0.0000 0.4667 0.0667
D 0.4667 0.0000 0.5333 0.0667
~ 0.5333 0.0000 0.6000 0.0667
~ 0.6000 0.0000 0.6667 0.0667
~ 0.6667 0.0000 0.7333 0.0667
P 0.7333 0.0000 0.8000 0.0667
A 0.8000 0.0000 0.8667 0.0667
G 0.8667 0.0000 0.9333 0.0667
E 0.9333 0.0000 1.0000 0.0667
~ 0.0000 0.0667 0.0667 0.1333
~ 0.0667 0.0667 0.1333 0.1333
~ 0.1333 0.0667 0.2000 0.1333
~ 0.2000 0.0667 0.2667 0.1333
V 0.2667 0.0667 0.3333 0.1333
I 0.3333 0.0667 0.4000 0.1333
N 0.4000 0.0667 0.4667 0.1333
E 0.4667 0.0667 0.5333 0.1333
~ 0.5333 0.0667 0.6000 0.1333
~ 0.6000 0.0667 0.6667 0.1333
~ 0.6667 0.0667 0.7333 0.1333
E 0.7333 0.0667 0.8000 0.1333
E 0.8000 0.0667 0.8667 0.1333
~ 0.8667 0.0667 0.9333 0.1333
~ 0.9333 0.0667 1.0000 0.1333
~ 0.0000 0.1333 0.0667 0.2000
~ 0.0667 0.1333 0.1333 0.2000
D 0.1333 0.1333 0.2000 0.2000
~ 0.2000 0.1333 0.2667 0.2000
~ 0.2667 0.1333 0.3333 0.2000
~ 0.3333 0.1333 0.4000 0.2000
~ 0.4000 0.1333 0.4667 0.2000
E 0.4667 0.1333 0.5333 0.2000
N 0.5333 0.1333 0.6000 0.2000
T 0.6000 0.1333 0.6667 0.2000
I 0.6667 0.1333 0.7333 0.2000
R 0.7333 0.1333 0.8000 0.2000
E 0.8000 0.1333 0.8667 0.2000
S 0.8667 0.1333 0.9333 0.2000
~ 0.9333 0.1333 1.0000 0.2000
~ 0.0000 0.2000 0.0667 0.2667
D 0.0667 0.2000 0.1333 0.2667
E 0.1333 0.2000 0.2000 0.2667
N 0.2000 0.2000 0.2667 0.2667
A 0.2667 0.2000 0.3333 0.2667
~ 0.3333 0.2000 0.4000 0.2667
U 0.4000 0.2000 0.4667 0.2667
R 0.4667 0.2000 0.5333 0.2667
E 0.5333 0.2000 0.6000 0.2667
~ 0.6000 0.2000 0.6667 0.2667
~ 0.6667 0.2000 0.7333 0.2667
V 0.7333 0.2000 0.8000 0.2667
~ 0.8000 0.2000 0.8667 0.2667
~ 0.8667 0.2000 0.9333 0.2667
~ 0.9333 0.2000 1.0000 0.2667
~ 0.0000 0.2667 0.0667 0.3333
~ 0.0667 0.2667 0.1333 0.3333
A 0.1333 0.2667 0.2000 0.3333
~ 0.2000 0.2667 0.2667 0.3333
~ 0.2667 0.2667 0.3333 0.3333
~ 0.3333 0.2667 0.4000 0.3333
~ 0.4000 0.2667 0.4667 0.3333
~ 0.4667 0.2667 0.5333 0.3333
~ 0.5333 0.2667 0.6000 0.3333
P 0.6000 0.2667 0.6667 0.3333
U 0.6667 0.2667 0.7333 0.3333
S 0.7333 0.2667 0.8000 0.3333
~ 0.8000 0.2667 0.8667 0.3333
~ 0.8667 0.2667 0.9333 0.3333
~ 0.9333 0.2667 1.0000 0.3333
~ 0.0000 0.3333 0.0667 0.4000
~ 0.0667 0.3333 0.1333 0.4000
T 0.1333 0.3333 0.2000 0.4000
~ 0.2000 0.3333 0.2667 0.4000
J 0.2667 0.3333 0.3333 0.4000
O 0.3333 0.3333 0.4000 0.4000
W 0.4000 0.3333 0.4667 0.4000
~ 0.4667 0.3333 0.5333 0.4000
~ 0.5333 0.3333 0.6000 0.4000
~ 0.6000 0.3333 0.6667 0.4000
~ 0.6667 0.3333 0.7333 0.4000
~ 0.7333 0.3333 0.8000 0.4000
~ 0.8000 0.3333 0.8667 0.4000
~ 0.8667 0.3333 0.9333 0.4000
~ 0.9333 0.3333 1.0000 0.4000
~ 0.0000 0.4000 0.0667 0.4667
O 0.0667 0.4000 0.1333 0.4667
H 0.1333 0.4000 0.2000 0.4667
M 0.2000 0.4000 0.2667 0.4667
~ 0.2667 0.4000 0.3333 0.4667
B 0.3333 0.4000 0.4000 0.4667
I 0.4000 0.4000 0.4667 0.4667
T 0.4667 0.4000 0.5333 0.4667
~ 0.5333 0.4000 0.6000 0.4667
~ 0.6000 0.4000 0.6667 0.4667
~ 0.6667 0.4000 0.7333 0.4667
~ 0.7333 0.4000 0.8000 0.4667
~ 0.8000 0.4000 0.8667 0.4667
~ 0.8667 0.4000 0.9333 0.4667
M 0.9333 0.4000 1.0000 0.4667
~ 0.0000 0.4667 0.0667 0.5333
~ 0.0667 0.4667 0.1333 0.5333
~ 0.1333 0.4667 0.2000 0.5333
I 0.2000 0.4667 0.2667 0.5333
R 0.2667 0.4667 0.3333 0.5333
I 0.3333 0.4667 0.4000 0.5333
T 0.4000 0.4667 0.4667 0.5333
I 0.4667 0.4667 0.5333 0.5333
C 0.5333 0.4667 0.6000 0.5333
~ 0.6000 0.4667 0.6667 0.5333
~ 0.6667 0.4667 0.7333 0.5333
~ 0.7333 0.4667 0.8000 0.5333
~ 0.8000 0.4667 0.8667 0.5333
~ 0.8667 0.4667 0.9333 0.5333
I 0.9333 0.4667 1.0000 0.5333
~ 0.0000 0.5333 0.0667 0.6000
I 0.0667 0.5333 0.1333 0.6000
~ 0.1333 0.5333 0.2000 0.6000
T 0.2000 0.5333 0.2667 0.6000
~ 0.2667 0.5333 0.3333 0.6000
~ 0.3333 0.5333 0.4000 0.6000
~ 0.4000 0.5333 0.4667 0.6000
~ 0.4667 0.5333 0.5333 0.6000
L 0.5333 0.5333 0.6000 0.6000
~ 0.6000 0.5333 0.6667 0.6000
L 0.6667 0.5333 0.7333 0.6000
~ 0.7333 0.5333 0.8000 0.6000
~ 0.8000 0.5333 0.8667 0.6000
~ 0.8667 0.5333 0.9333 0.6000
R 0.9333 0.5333 1.0000 0.6000
~ 0.0000 0.6000 0.0667 0.6667
S 0.0667 0.6000 0.1333 0.6667
~ 0.1333 0.6000 0.2000 0.6667
R 0.2000 0.6000 0.2667 0.6667
~ 0.2667 0.6000 0.3333 0.6667
~ 0.3333 0.6000 0.4000 0.6667
~ 0.4000 0.6000 0.4667 0.6667
S 0.4667 0.6000 0.5333 0.6667
U 0.5333 0.6000 0.6000 0.6667
Q 0.6000 0.6000 0.6667 0.6667
~ 0.6667 0.6000 0.7333 0.6667
~ 0.7333 0.6000 0.8000 0.6667
~ 0.8000 0.6000 0.8667 0.6667
L 0.8667 0.6000 0.9333 0.6667
I 0.9333 0.6000 1.0000 0.6667
~ 0.0000 0.6667 0.0667 0.7333
~ 0.0667 0.6667 0.1333 0.7333
F 0.1333 0.6667 0.2000 0.7333
E 0.2000 0.6667 0.2667 0.7333
H 0.2667 0.6667 0.3333 0.7333
~ 0.3333 0.6667 0.4000 0.7333
~ 0.4000 0.6667 0.4667 0.7333
~ 0.4667 0.6667 0.5333 0.7333
N 0.5333 0.6667 0.6000 0.7333
~ 0.6000 0.6667 0.6667 0.7333
G 0.6667 0.6667 0.7333 0.7333
~ 0.7333 0.6667 0.8000 0.7333
~ 0.8000 0.6667 0.8667 0.7333
E 0.8667 0.6667 0.9333 0.7333
~ 0.9333 0.6667 1.0000 0.7333
~ 0.0000 0.7333 0.0667 0.8000
~ 0.0667 0.7333 0.1333 0.8000
A 0.1333 0.7333 0.2000 0.8000
D 0.2000 0.7333 0.2667 0.8000
O 0.2667 0.7333 0.3333 0.8000
~ 0.3333 0.7333 0.4000 0.8000
~ 0.4000 0.7333 0.4667 0.8000
~ 0.4667 0.7333 0.5333 0.8000
K 0.5333 0.7333 0.6000 0.8000
O 0.6000 0.7333 0.6667 0.8000
L 0.6667 0.7333 0.7333 0.8000
O 0.7333 0.7333 0.8000 0.8000
~ 0.8000 0.7333 0.8667 0.8000
G 0.8667 0.7333 0.9333 0.8000
~ 0.9333 0.7333 1.0000 0.8000
C 0.0000 0.8000 0.0667 0.8667
U 0.0667 0.8000 0.1333 0.8667
B 0.1333 0.8000 0.2000 0.8667
~ 0.2000 0.8000 0.2667 0.8667
Y 0.2667 0.8000 0.3333 0.8667
~ 0.3333 0.8000 0.4000 0.8667
F 0.4000 0.8000 0.4667 0.8667
A 0.4667 0.8000 0.5333 0.8667
Y 0.5333 0.8000 0.6000 0.8667
~ 0.6000 0.8000 0.6667 0.8667
A 0.6667 0.8000 0.7333 0.8667
R 0.7333 0.8000 0.8000 0.8667
E 0.8000 0.8000 0.8667 0.8667
A 0.8667 0.8000 0.9333 0.8667
~ 0.9333 0.8000 1.0000 0.8667
O 0.0000 0.8667 0.0667 0.9333
~ 0.0667 0.8667 0.1333 0.9333
~ 0.1333 0.8667 0.2000 0.9333
~ 0.2000 0.8667 0.2667 0.9333
~ 0.2667 0.8667 0.3333 0.9333
T 0.3333 0.8667 0.4000 0.9333
A 0.4000 0.8667 0.4667 0.9333
X 0.4667 0.8667 0.5333 0.9333
~ 0.5333 0.8667 0.6000 0.9333
~ 0.6000 0.8667 0.6667 0.9333
Z 0.6667 0.8667 0.7333 0.9333
~ 0.7333 0.8667 0.8000 0.9333
~ 0.8000 0.8667 0.8667 0.9333
L 0.8667 0.8667 0.9333 0.9333
~ 0.9333 0.8667 1.0000 0.9333
W 0.0000 0.9333 0.0667 1.0000
~ 0.0667 0.9333 0.1333 1.0000
~ 0.1333 0.9333 0.2000 1.0000
~ 0.2000 0.9333 0.2667 1.0000
~ 0.2667 0.9333 0.3333 1.0000
O 0.3333 0.9333 0.4000 1.0000
N 0.4000 0.9333 0.4667 1.0000
E 0.4667 0.9333 0.5333 1.0000
~ 0.5333 0.9333 0.6000 1.0000
~ 0.6000 0.9333 0.6667 1.0000
E 0.6667 0.9333 0.7333 1.0000
~ 0.7333 0.9333 0.8000 1.0000
~ 0.8000 0.9333 0.8667 1.0000
~ 0.8667 0.9333 0.9333 1.0000
~ 0.9333 0.9333 1.0000 1.0000
