T 0.0000 0.0000 0.0667 0.0667
~ 0.0667 0.0000 0.1333 0.0667
~ 0.1333 0.0000 0.2000 0.0667
~ 0.2000 0.0000 0.2667 0.0667
~ 0.2667 0.0000 0.3333 0.0667
~ 0.3333 0.0000 0.4000 0.0667
~ 0.4000 0.0000 0.4667 0.0667
V 0.4667 0.0000 0.5333 0.0667
~ 0.5333 0.0000 0.6000 0.0667
~ 0.6000 0.0000 0.6667 0.0667
~ 0.6667 0.0000 0.7333 0.0667
~ 0.7333 0.0000 0.8000 0.0667
D 0.8000 0.0000 0.8667 0.0667
E 0.8667 0.0000 0.9333 0.0667
X 0.9333 0.0000 1.0000 0.0667
R 0.0000 0.0667 0.0667 0.1333
E 0.0667 0.0667 0.1333 0.1333
~ 0.1333 0.0667 0.2000 0.1333
~ 0.2000 0.0667 0.2667 0.1333
~ 0.2667 0.0667 0.3333 0.1333
~ 0.3333 0.0667 0.4000 0.1333
R 0.4000 0.0667 0.4667 0.1333
E 0.4667 0.0667 0.5333 0.1333
L 0.5333 0.0667 0.6000 0.1333
A 0.6000 0.0667 0.6667 0.1333
T 0.6667 0.0667 0.7333 0.1333
I 0.7333 0.0667 0.8000 0.1333
O 0.8000 0.0667 0.8667 0.1333
N 0.8667 0.0667 0.9333 0.1333
~ 0.9333 0.0667 1.0000 0.1333
O 0.0000 0.1333 0.0667 0.2000
Y 0.0667 0.1333 0.1333 0.2000
~ 0.1333 0.1333 0.2000 0.2000
~ 0.2000 0.1333 0.2667 0.2000
~ 0.2667 0.1333 0.3333 0.2000
~ 0.3333 0.1333 0.4000 0.2000
~ 0.4000 0.1333 0.4667 0.2000
R 0.4667 0.1333 0.5333 0.2000
~ 0.5333 0.1333 0.6000 0.2000
~ 0.6000 0.1333 0.6667 0.2000
~ 0.6667 0.1333 0.7333 0.2000
~ 0.7333 0.1333 0.8000 0.2000
~ 0.8000 0.1333 0.8667 0.2000
N 0.8667 0.1333 0.9333 0.2000
~ 0.9333 0.1333 1.0000 0.2000
V 0.0000 0.2000 0.0667 0.2667
E 0.0667 0.2000 0.1333 0.2667
N 0.1333 0.2000 0.2000 0.2667
T 0.2000 0.2000 0.2667 0.2667
~ 0.2667 0.2000 0.3333 0.2667
~ 0.3333 0.2000 0.4000 0.2667
~ 0.4000 0.2000 0.4667 0.2667
B 0.4667 0.2000 0.5333 0.2667
R 0.5333 0.2000 0.6000 0.2667
A 0.6000 0.2000 0.6667 0.2667
I 0.6667 0.2000 0.7333 0.2667
D 0.7333 0.2000 0.8000 0.2667
~ 0.8000 0.2000 0.8667 0.2667
U 0.8667 0.2000 0.9333 0.2667
~ 0.9333 0.2000 1.0000 0.2667
E 0.0000 0.2667 0.0667 0.3333
~ 0.0667 0.2667 0.1333 0.3333
A 0.1333 0.2667 0.2000 0.3333
A 0.2000 0.2667 0.2667 0.3333
H 0.2667 0.2667 0.3333 0.3333
~ 0.3333 0.2667 0.4000 0.3333
~ 0.4000 0.2667 0.4667 0.3333
A 0.4667 0.2667 0.5333 0.3333
~ 0.5333 0.2667 0.6000 0.3333
I 0.6000 0.2667 0.6667 0.3333
F 0.6667 0.2667 0.7333 0.3333
~ 0.7333 0.2667 0.8000 0.3333
Q 0.8000 0.2667 0.8667 0.3333
I 0.8667 0.2667 0.9333 0.3333
S 0.9333 0.2667 1.0000 0.3333
~ 0.0000 0.3333 0.0667 0.4000
~ 0.0667 0.3333 0.1333 0.4000
~ 0.1333 0.3333 0.2000 0.4000
D 0.2000 0.3333 0.2667 0.4000
E 0.2667 0.3333 0.3333 0.4000
F 0.3333 0.3333 0.4000 0.4000
I 0.4000 0.3333 0.4667 0.4000
L 0.4667 0.3333 0.5333 0.4000
E 0.5333 0.3333 0.6000 0.4000
R 0.6000 0.3333 0.6667 0.4000
~ 0.6667 0.3333 0.7333 0.4000
~ 0.7333 0.3333 0.8000 0.4000
I 0.8000 0.3333 0.8667 0.4000
~ 0.8667 0.3333 0.9333 0.4000
P 0.9333 0.3333 1.0000 0.4000
~ 0.0000 0.4000 0.0667 0.4667
~ 0.0667 0.4000 0.1333 0.4667
~ 0.1333 0.4000 0.2000 0.4667
~ 0.2000 0.4000 0.2667 0.4667
~ 0.2667 0.4000 0.3333 0.4667
A 0.3333 0.4000 0.4000 0.4667
~ 0.4000 0.4000 0.4667 0.4667
~ 0.4667 0.4000 0.5333 0.4667
~ 0.5333 0.4000 0.6000 0.4667
~ 0.6000 0.4000 0.6667 0.4667
~ 0.6667 0.4000 0.7333 0.4667
~ 0.7333 0.4000 0.8000 0.4667
~ 0.8000 0.4000 0.8667 0.4667
J 0.8667 0.4000 0.9333 0.4667
O 0.9333 0.4000 1.0000 0.4667
~ 0.0000 0.4667 0.0667 0.5333
~ 0.0667 0.4667 0.1333 0.5333
~ 0.1333 0.4667 0.2000 0.5333
G 0.2000 0.4667 0.2667 0.5333
U 0.2667 0.4667 0.3333 0.5333
N 0.3333 0.4667 0.4000 0.5333
M 0.4000 0.4667 0.4667 0.5333
A 0.4667 0.4667 0.5333 0.5333
N 0.5333 0.4667 0.6000 0.5333
~ 0.6000 0.4667 0.6667 0.5333
~ 0.6667 0.4667 0.7333 0.5333
~ 0.7333 0.4667 0.8000 0.5333
~ 0.8000 0.4667 0.8667 0.5333
O 0.8667 0.4667 0.9333 0.5333
I 0.9333 0.4667 1.0000 0.5333
~ 0.0000 0.5333 0.0667 0.6000
~ 0.0667 0.5333 0.1333 0.6000
~ 0.1333 0.5333 0.2000 0.6000
~ 0.2000 0.5333 0.2667 0.6000
~ 0.2667 0.5333 0.3333 0.6000
C 0.3333 0.5333 0.4000 0.6000
~ 0.4000 0.5333 0.4667 0.6000
~ 0.4667 0.5333 0.5333 0.6000
~ 0.5333 0.5333 0.6000 0.6000
~ 0.6000 0.5333 0.6667 0.6000
~ 0.6667 0.5333 0.7333 0.6000
G 0.7333 0.5333 0.8000 0.6000
I 0.8000 0.5333 0.8667 0.6000
L 0.8667 0.5333 0.9333 0.6000
L 0.9333 0.5333 1.0000 0.6000
~ 0.0000 0.6000 0.0667 0.6667
C 0.0667 0.6000 0.1333 0.6667
~ 0.1333 0.6000 0.2000 0.6667
~ 0.2000 0.6000 0.2667 0.6667
B 0.2667 0.6000 0.3333 0.6667
Y 0.3333 0.6000 0.4000 0.6667
W 0.4000 0.6000 0.4667 0.6667
~ 0.4667 0.6000 0.5333 0.6667
I 0.5333 0.6000 0.6000 0.6667
~ 0.6000 0.6000 0.6667 0.6667
P 0.6667 0.6000 0.7333 0.6667
O 0.7333 0.6000 0.8000 0.6667
S 0.8000 0.6000 0.8667 0.6667
E 0.8667 0.6000 0.9333 0.6667
S 0.9333 0.6000 1.0000 0.6667
~ 0.0000 0.6667 0.0667 0.7333
H 0.0667 0.6667 0.1333 0.7333
~ 0.1333 0.6667 0.2000 0.7333
~ 0.2000 0.6667 0.2667 0.7333
U 0.2667 0.6667 0.3333 0.7333
~ 0.3333 0.6667 0.4000 0.7333
~ 0.4000 0.6667 0.4667 0.7333
~ 0.4667 0.6667 0.5333 0.7333
~ 0.5333 0.6667 0.6000 0.7333
~ 0.6000 0.6667 0.6667 0.7333
~ 0.6667 0.6667 0.7333 0.7333
N 0.7333 0.6667 0.8000 0.7333
~ 0.8000 0.6667 0.8667 0.7333
~ 0.8667 0.6667 0.9333 0.7333
~ 0.9333 0.6667 1.0000 0.7333
~ 0.0000 0.7333 0.0667 0.8000
E 0.0667 0.7333 0.1333 0.8000
~ 0.1333 0.7333 0.2000 0.8000
E 0.2000 0.7333 0.2667 0.8000
M 0.2667 0.7333 0.3333 0.8000
O 0.3333 0.7333 0.4000 0.8000
T 0.4000 0.7333 0.4667 0.8000
E 0.4667 0.7333 0.5333 0.8000
D 0.5333 0.7333 0.6000 0.8000
~ 0.6000 0.7333 0.6667 0.8000
~ 0.6667 0.7333 0.7333 0.8000
Z 0.7333 0.7333 0.8000 0.8000
A 0.8000 0.7333 0.8667 0.8000
~ 0.8667 0.7333 0.9333 0.8000
~ 0.9333 0.7333 1.0000 0.8000
G 0.0000 0.8000 0.0667 0.8667
E 0.0667 0.8000 0.1333 0.8667
A 0.1333 0.8000 0.2000 0.8667
R 0.2000 0.8000 0.2667 0.8667
S 0.2667 0.8000 0.3333 0.8667
~ 0.3333 0.8000 0.4000 0.8667
O 0.4000 0.8000 0.4667 0.8667
~ 0.4667 0.8000 0.5333 0.8667
~ 0.5333 0.8000 0.6000 0.8667
~ 0.6000 0.8000 0.6667 0.8667
~ 0.6667 0.8000 0.7333 0.8667
O 0.7333 0.8000 0.8000 0.8667
W 0.8000 0.8000 0.8667 0.8667
~ 0.8667 0.8000 0.9333 0.8667
~ 0.9333 0.8000 1.0000 0.8667
~ 0.0000 0.8667 0.0667 0.9333
K 0.0667 0.8667 0.1333 0.9333
~ 0.1333 0.8667 0.2000 0.9333
~ 0.2000 0.8667 0.2667 0.9333
~ 0.2667 0.8667 0.3333 0.9333
~ 0.3333 0.8667 0.4000 0.9333
U 0.4000 0.8667 0.4667 0.9333
~ 0.4667 0.8667 0.5333 0.9333
~ 0.5333 0.8667 0.6000 0.9333
~ 0.6000 0.8667 0.6667 0.9333
~ 0.6667 0.8667 0.7333 0.9333
~ 0.7333 0.8667 0.8000 0.9333
~ 0.8000 0.8667 0.8667 0.9333
~ 0.8667 0.8667 0.9333 0.9333
~ 0.9333 0.8667 1.0000 0.9333
~ 0.0000 0.9333 0.0667 1.0000
~ 0.0667 0.9333 0.1333 1.0000
~ 0.1333 0.9333 0.2000 1.0000
~ 0.2000 0.9333 0.2667 1.0000
~ 0.2667 0.9333 0.3333 1.0000
~ 0.3333 0.9333 0.4000 1.0000
T 0.4000 0.9333 0.4667 1.0000
~ 0.4667 0.9333 0.5333 1.0000
~ 0.5333 0.9333 0.6000 1.0000
~ 0.6000 0.9333 0.6667 1.0000
~ 0.6667 0.9333 0.7333 1.0000
~ 0.7333 0.9333 0.8000 1.0000
~ 0.8000 0.9333 0.8667 1.0000
~ 0.8667 0.9333 0.9333 1.0000
~ 0.9333 0.9333 1.0000 1.0000
