~ 0.0000 0.0000 0.0667 0.0667
~ 0.0667 0.0000 0.1333 0.0667
M 0.1333 0.0000 0.2000 0.0667
I 0.2000 0.0000 0.2667 0.0667
N 0.2667 0.0000 0.3333 0.0667
G 0.3333 0.0000 0.4000 0.0667
I 0.4000 0.0000 0.4667 0.0667
E 0.4667 0.0000 0.5333 0.0667
S 0.5333 0.0000 0.6000 0.0667
T 0.6000 0.0000 0.6667 0.0667
~ 0.6667 0.0000 0.7333 0.0667
~ 0.7333 0.0000 0.8000 0.0667
~ 0.8000 0.0000 0.8667 0.0667
~ 0.8667 0.0000 0.9333 0.0667
~ 0.9333 0.0000 1.0000 0.0667
~ 0.0000 0.0667 0.0667 0.1333
~ 0.0667 0.0667 0.1333 0.1333
A 0.1333 0.0667 0.2000 0.1333
~ 0.2000 0.0667 0.2667 0.1333
~ 0.2667 0.0667 0.3333 0.1333
~ 0.3333 0.0667 0.4000 0.1333
~ 0.4000 0.0667 0.4667 0.1333
P 0.4667 0.0667 0.5333 0.1333
~ 0.5333 0.0667 0.6000 0.1333
~ 0.6000 0.0667 0.6667 0.1333
~ 0.6667 0.0667 0.7333 0.1333
F 0.7333 0.0667 0.8000 0.1333
~ 0.8000 0.0667 0.8667 0.1333
~ 0.8667 0.0667 0.9333 0.1333
~ 0.9333 0.0667 1.0000 0.1333
~ 0.0000 0.1333 0.0667 0.2000
~ 0.0667 0.1333 0.1333 0.2000
J 0.1333 0.1333 0.2000 0.2000
~ 0.2000 0.1333 0.2667 0.2000
~ 0.2667 0.1333 0.3333 0.2000
~ 0.3333 0.1333 0.4000 0.2000
D 0.4000 0.1333 0.4667 0.2000
H 0.4667 0.1333 0.5333 0.2000
O 0.5333 0.1333 0.6000 0.2000
O 0.6000 0.1333 0.6667 0.2000
L 0.6667 0.1333 0.7333 0.2000
I 0.7333 0.1333 0.8000 0.2000
E 0.8000 0.1333 0.8667 0.2000
S 0.8667 0.1333 0.9333 0.2000
~ 0.9333 0.1333 1.0000 0.2000
~ 0.0000 0.2000 0.0667 0.2667
~ 0.0667 0.2000 0.1333 0.2667
~ 0.1333 0.2000 0.2000 0.2667
~ 0.2000 0.2000 0.2667 0.2667
~ 0.2667 0.2000 0.3333 0.2667
~ 0.3333 0.2000 0.4000 0.2667
~ 0.4000 0.2000 0.4667 0.2667
O 0.4667 0.2000 0.5333 0.2667
~ 0.5333 0.2000 0.6000 0.2667
~ 0.6000 0.2000 0.6667 0.2667
~ 0.6667 0.2000 0.7333 0.2667
Z 0.7333 0.2000 0.8000 0.2667
~ 0.8000 0.2000 0.8667 0.2667
~ 0.8667 0.2000 0.9333 0.2667
~ 0.9333 0.2000 1.0000 0.2667
~ 0.0000 0.2667 0.0667 0.3333
~ 0.0667 0.2667 0.1333 0.3333
R 0.1333 0.2667 0.2000 0.3333
~ 0.2000 0.2667 0.2667 0.3333
~ 0.2667 0.2667 0.3333 0.3333
~ 0.3333 0.2667 0.4000 0.3333
~ 0.4000 0.2667 0.4667 0.3333
R 0.4667 0.2667 0.5333 0.3333
~ 0.5333 0.2667 0.6000 0.3333
~ 0.6000 0.2667 0.6667 0.3333
~ 0.6667 0.2667 0.7333 0.3333
~ 0.7333 0.2667 0.8000 0.3333
~ 0.8000 0.2667 0.8667 0.3333
~ 0.8667 0.2667 0.9333 0.3333
~ 0.9333 0.2667 1.0000 0.3333
~ 0.0000 0.3333 0.0667 0.4000
~ 0.0667 0.3333 0.1333 0.4000
~ 0.1333 0.3333 0.2000 0.4000
~ 0.2000 0.3333 0.2667 0.4000
~ 0.2667 0.3333 0.3333 0.4000
T 0.3333 0.3333 0.4000 0.4000
R 0.4000 0.3333 0.4667 0.4000
I 0.4667 0.3333 0.5333 0.4000
A 0.5333 0.3333 0.6000 0.4000
C 0.6000 0.3333 0.6667 0.4000
~ 0.6667 0.3333 0.7333 0.4000
B 0.7333 0.3333 0.8000 0.4000
~ 0.8000 0.3333 0.8667 0.4000
~ 0.8667 0.3333 0.9333 0.4000
~ 0.9333 0.3333 1.0000 0.4000
~ 0.0000 0.4000 0.0667 0.4667
~ 0.0667 0.4000 0.1333 0.4667
~ 0.1333 0.4000 0.2000 0.4667
~ 0.2000 0.4000 0.2667 0.4667
V 0.2667 0.4000 0.3333 0.4667
I 0.3333 0.4000 0.4000 0.4667
E 0.4000 0.4000 0.4667 0.4667
~ 0.4667 0.4000 0.5333 0.4667
~ 0.5333 0.4000 0.6000 0.4667
R 0.6000 0.4000 0.6667 0.4667
O 0.6667 0.4000 0.7333 0.4667
O 0.7333 0.4000 0.8000 0.4667
T 0.8000 0.4000 0.8667 0.4667
~ 0.8667 0.4000 0.9333 0.4667
~ 0.9333 0.4000 1.0000 0.4667
G 0.0000 0.4667 0.0667 0.5333
O 0.0667 0.4667 0.1333 0.5333
S 0.1333 0.4667 0.2000 0.5333
~ 0.2000 0.4667 0.2667 0.5333
~ 0.2667 0.4667 0.3333 0.5333
~ 0.3333 0.4667 0.4000 0.5333
T 0.4000 0.4667 0.4667 0.5333
A 0.4667 0.4667 0.5333 0.5333
X 0.5333 0.4667 0.6000 0.5333
A 0.6000 0.4667 0.6667 0.5333
~ 0.6667 0.4667 0.7333 0.5333
D 0.7333 0.4667 0.8000 0.5333
~ 0.8000 0.4667 0.8667 0.5333
~ 0.8667 0.4667 0.9333 0.5333
~ 0.9333 0.4667 1.0000 0.5333
B 0.0000 0.5333 0.0667 0.6000
L 0.0667 0.5333 0.1333 0.6000
~ 0.1333 0.5333 0.2000 0.6000
~ 0.2000 0.5333 0.2667 0.6000
~ 0.2667 0.5333 0.3333 0.6000
~ 0.3333 0.5333 0.4000 0.6000
~ 0.4000 0.5333 0.4667 0.6000
L 0.4667 0.5333 0.5333 0.6000
U 0.5333 0.5333 0.6000 0.6000
G 0.6000 0.5333 0.6667 0.6000
~ 0.6667 0.5333 0.7333 0.6000
~ 0.7333 0.5333 0.8000 0.6000
C 0.8000 0.5333 0.8667 0.6000
~ 0.8667 0.5333 0.9333 0.6000
R 0.9333 0.5333 1.0000 0.6000
~ 0.0000 0.6000 0.0667 0.6667
~ 0.0667 0.6000 0.1333 0.6667
~ 0.1333 0.6000 0.2000 0.6667
~ 0.2000 0.6000 0.2667 0.6667
~ 0.2667 0.6000 0.3333 0.6667
~ 0.3333 0.6000 0.4000 0.6667
~ 0.4000 0.6000 0.4667 0.6667
O 0.4667 0.6000 0.5333 0.6667
~ 0.5333 0.6000 0.6000 0.6667
~ 0.6000 0.6000 0.6667 0.6667
E 0.6667 0.6000 0.7333 0.6667
~ 0.7333 0.6000 0.8000 0.6667
A 0.8000 0.6000 0.8667 0.6667
W 0.8667 0.6000 0.9333 0.6667
E 0.9333 0.6000 1.0000 0.6667
~ 0.0000 0.6667 0.0667 0.7333
~ 0.0667 0.6667 0.1333 0.7333
~ 0.1333 0.6667 0.2000 0.7333
~ 0.2000 0.6667 0.2667 0.7333
~ 0.2667 0.6667 0.3333 0.7333
~ 0.3333 0.6667 0.4000 0.7333
W 0.4000 0.6667 0.4667 0.7333
O 0.4667 0.6667 0.5333 0.7333
N 0.5333 0.6667 0.6000 0.7333
~ 0.6000 0.6667 0.6667 0.7333
L 0.6667 0.6667 0.7333 0.7333
~ 0.7333 0.6667 0.8000 0.7333
N 0.8000 0.6667 0.8667 0.7333
E 0.8667 0.6667 0.9333 0.7333
T 0.9333 0.6667 1.0000 0.7333
V 0.0000 0.7333 0.0667 0.8000
~ 0.0667 0.7333 0.1333 0.8000
~ 0.1333 0.7333 0.2000 0.8000
Q 0.2000 0.7333 0.2667 0.8000
~ 0.2667 0.7333 0.3333 0.8000
~ 0.3333 0.7333 0.4000 0.8000
~ 0.4000 0.7333 0.4667 0.8000
F 0.4667 0.7333 0.5333 0.8000
U 0.5333 0.7333 0.6000 0.8000
N 0.6000 0.7333 0.6667 0.8000
K 0.6667 0.7333 0.7333 0.8000
E 0.7333 0.7333 0.8000 0.8000
D 0.8000 0.7333 0.8667 0.8000
~ 0.8667 0.7333 0.9333 0.8000
I 0.9333 0.7333 1.0000 0.8000
E 0.0000 0.8000 0.0667 0.8667
~ 0.0667 0.8000 0.1333 0.8667
P 0.1333 0.8000 0.2000 0.8667
I 0.2000 0.8000 0.2667 0.8667
U 0.2667 0.8000 0.3333 0.8667
~ 0.3333 0.8000 0.4000 0.8667
~ 0.4000 0.8000 0.4667 0.8667
~ 0.4667 0.8000 0.5333 0.8667
~ 0.5333 0.8000 0.6000 0.8667
U 0.6000 0.8000 0.6667 0.8667
~ 0.6667 0.8000 0.7333 0.8667
~ 0.7333 0.8000 0.8000 0.8667
Y 0.8000 0.8000 0.8667 0.8667
~ 0.8667 0.8000 0.9333 0.8667
N 0.9333 0.8000 1.0000 0.8667
R 0.0000 0.8667 0.0667 0.9333
~ 0.0667 0.8667 0.1333 0.9333
I 0.1333 0.8667 0.2000 0.9333
~ 0.2000 0.8667 0.2667 0.9333
S 0.2667 0.8667 0.3333 0.9333
E 0.3333 0.8667 0.4000 0.9333
~ 0.4000 0.8667 0.4667 0.9333
I 0.4667 0.8667 0.5333 0.9333
A 0.5333 0.8667 0.6000 0.9333
T 0.6000 0.8667 0.6667 0.9333
E 0.6667 0.8667 0.7333 0.9333
~ 0.7333 0.8667 0.8000 0.9333
~ 0.8000 0.8667 0.8667 0.9333
M 0.8667 0.8667 0.9333 0.9333
A 0.9333 0.8667 1.0000 0.9333
A 0.0000 0.9333 0.0667 1.0000
N 0.0667 0.9333 0.1333 1.0000
A 0.1333 0.9333 0.2000 1.0000
~ 0.2000 0.9333 0.2667 1.0000
~ 0.2667 0.9333 0.3333 1.0000
~ 0.3333 0.9333 0.4000 1.0000
E 0.4000 0.9333 0.4667 1.0000
D 0.4667 0.9333 0.5333 1.0000
H 0.5333 0.9333 0.6000 1.0000
~ 0.6000 0.9333 0.6667 1.0000
~ 0.6667 0.9333 0.7333 1.0000
~ 0.7333 0.9333 0.8000 1.0000
~ 0.8000 0.9333 0.8667 1.0000
Y 0.8667 0.9333 0.9333 1.0000
E 0.9333 0.9333 1.0000 1.0000
