~ 0.0000 0.0000 0.0667 0.0667
~ 0.0667 0.0000 0.1333 0.0667
D 0.1333 0.0000 0.2000 0.0667
I 0.2000 0.0000 0.2667 0.0667
R 0.2667 0.0000 0.3333 0.0667
T 0.3333 0.0000 0.4000 0.0667
Y 0.4000 0.0000 0.4667 0.0667
~ 0.4667 0.0000 0.5333 0.0667
~ 0.5333 0.0000 0.6000 0.0667
~ 0.6000 0.0000 0.6667 0.0667
~ 0.6667 0.0000 0.7333 0.0667
~ 0.7333 0.0000 0.8000 0.0667
~ 0.8000 0.0000 0.8667 0.0667
~ 0.8667 0.0000 0.9333 0.0667
G 0.9333 0.0000 1.0000 0.0667
~ 0.0000 0.0667 0.0667 0.1333
K 0.0667 0.0667 0.1333 0.1333
A 0.1333 0.0667 0.2000 0.1333
~ 0.2000 0.0667 0.2667 0.1333
~ 0.2667 0.0667 0.3333 0.1333
~ 0.3333 0.0667 0.4000 0.1333
~ 0.4000 0.0667 0.4667 0.1333
~ 0.4667 0.0667 0.5333 0.1333
~ 0.5333 0.0667 0.6000 0.1333
~ 0.6000 0.0667 0.6667 0.1333
~ 0.6667 0.0667 0.7333 0.1333
~ 0.7333 0.0667 0.8000 0.1333
~ 0.8000 0.0667 0.8667 0.1333
J 0.8667 0.0667 0.9333 0.1333
O 0.9333 0.0667 1.0000 0.1333
~ 0.0000 0.1333 0.0667 0.2000
O 0.0667 0.1333 0.1333 0.2000
F 0.1333 0.1333 0.2000 0.2000
~ 0.2000 0.1333 0.2667 0.2000
~ 0.2667 0.1333 0.3333 0.2000
G 0.3333 0.1333 0.4000 0.2000
O 0.4000 0.1333 0.4667 0.2000
~ 0.4667 0.1333 0.5333 0.2000
~ 0.5333 0.1333 0.6000 0.2000
~ 0.6000 0.1333 0.6667 0.2000
~ 0.6667 0.1333 0.7333 0.2000
~ 0.7333 0.1333 0.8000 0.2000
L 0.8000 0.1333 0.8667 0.2000
A 0.8667 0.1333 0.9333 0.2000
X 0.9333 0.1333 1.0000 0.2000
H 0.0000 0.2000 0.0667 0.2667
I 0.0667 0.2000 0.1333 0.2667
T 0.1333 0.2000 0.2000 0.2667
~ 0.2000 0.2000 0.2667 0.2667
Q 0.2667 0.2000 0.3333 0.2667
I 0.3333 0.2000 0.4000 0.2667
S 0.4000 0.2000 0.4667 0.2667
~ 0.4667 0.2000 0.5333 0.2667
~ 0.5333 0.2000 0.6000 0.2667
~ 0.6000 0.2000 0.6667 0.2667
~ 0.6667 0.2000 0.7333 0.2667
~ 0.7333 0.2000 0.8000 0.2667
~ 0.8000 0.2000 0.8667 0.2667
D 0.8667 0.2000 0.9333 0.2667
~ 0.9333 0.2000 1.0000 0.2667
E 0.0000 0.2667 0.0667 0.3333
N 0.0667 0.2667 0.1333 0.3333
~ 0.1333 0.2667 0.2000 0.3333
~ 0.2000 0.2667 0.2667 0.3333
A 0.2667 0.2667 0.3333 0.3333
R 0.3333 0.2667 0.4000 0.3333
~ 0.4000 0.2667 0.4667 0.3333
~ 0.4667 0.2667 0.5333 0.3333
~ 0.5333 0.2667 0.6000 0.3333
~ 0.6000 0.2667 0.6667 0.3333
~ 0.6667 0.2667 0.7333 0.3333
~ 0.7333 0.2667 0.8000 0.3333
D 0.8000 0.2667 0.8667 0.3333
E 0.8667 0.2667 0.9333 0.3333
~ 0.9333 0.2667 1.0000 0.3333
H 0.0000 0.3333 0.0667 0.4000
E 0.0667 0.3333 0.1333 0.4000
T 0.1333 0.3333 0.2000 0.4000
~ 0.2000 0.3333 0.2667 0.4000
N 0.2667 0.3333 0.3333 0.4000
O 0.3333 0.3333 0.4000 0.4000
~ 0.4000 0.3333 0.4667 0.4000
~ 0.4667 0.3333 0.5333 0.4000
V 0.5333 0.3333 0.6000 0.4000
O 0.6000 0.3333 0.6667 0.4000
I 0.6667 0.3333 0.7333 0.4000
C 0.7333 0.3333 0.8000 0.4000
E 0.8000 0.3333 0.8667 0.4000
~ 0.8667 0.3333 0.9333 0.4000
~ 0.9333 0.3333 1.0000 0.4000
~ 0.0000 0.4000 0.0667 0.4667
~ 0.0667 0.4000 0.1333 0.4667
W 0.1333 0.4000 0.2000 0.4667
~ 0.2000 0.4000 0.2667 0.4667
A 0.2667 0.4000 0.3333 0.4667
~ 0.3333 0.4000 0.4000 0.4667
~ 0.4000 0.4000 0.4667 0.4667
~ 0.4667 0.4000 0.5333 0.4667
E 0.5333 0.4000 0.6000 0.4667
~ 0.6000 0.4000 0.6667 0.4667
~ 0.6667 0.4000 0.7333 0.4667
~ 0.7333 0.4000 0.8000 0.4667
A 0.8000 0.4000 0.8667 0.4667
~ 0.8667 0.4000 0.9333 0.4667
~ 0.9333 0.4000 1.0000 0.4667
~ 0.0000 0.4667 0.0667 0.5333
~ 0.0667 0.4667 0.1333 0.5333
E 0.1333 0.4667 0.2000 0.5333
A 0.2000 0.4667 0.2667 0.5333
T 0.2667 0.4667 0.3333 0.5333
U 0.3333 0.4667 0.4000 0.5333
R 0.4000 0.4667 0.4667 0.5333
E 0.4667 0.4667 0.5333 0.5333
R 0.5333 0.4667 0.6000 0.5333
~ 0.6000 0.4667 0.6667 0.5333
~ 0.6667 0.4667 0.7333 0.5333
~ 0.7333 0.4667 0.8000 0.5333
N 0.8000 0.4667 0.8667 0.5333
~ 0.8667 0.4667 0.9333 0.5333
~ 0.9333 0.4667 1.0000 0.5333
G 0.0000 0.5333 0.0667 0.6000
~ 0.0667 0.5333 0.1333 0.6000
E 0.1333 0.5333 0.2000 0.6000
~ 0.2000 0.5333 0.2667 0.6000
~ 0.2667 0.5333 0.3333 0.6000
~ 0.3333 0.5333 0.4000 0.6000
~ 0.4000 0.5333 0.4667 0.6000
~ 0.4667 0.5333 0.5333 0.6000
B 0.5333 0.5333 0.6000 0.6000
I 0.6000 0.5333 0.6667 0.6000
T 0.6667 0.5333 0.7333 0.6000
~ 0.7333 0.5333 0.8000 0.6000
~ 0.8000 0.5333 0.8667 0.6000
~ 0.8667 0.5333 0.9333 0.6000
~ 0.9333 0.5333 1.0000 0.6000
E 0.0000 0.6000 0.0667 0.6667
~ 0.0667 0.6000 0.1333 0.6667
N 0.1333 0.6000 0.2000 0.6667
~ 0.2000 0.6000 0.2667 0.6667
S 0.2667 0.6000 0.3333 0.6667
~ 0.3333 0.6000 0.4000 0.6667
~ 0.4000 0.6000 0.4667 0.6667
~ 0.4667 0.6000 0.5333 0.6667
~ 0.5333 0.6000 0.6000 0.6667
F 0.6000 0.6000 0.6667 0.6667
A 0.6667 0.6000 0.7333 0.6667
I 0.7333 0.6000 0.8000 0.6667
R 0.8000 0.6000 0.8667 0.6667
Y 0.8667 0.6000 0.9333 0.6667
~ 0.9333 0.6000 1.0000 0.6667
E 0.0000 0.6667 0.0667 0.7333
M 0.0667 0.6667 0.1333 0.7333
E 0.1333 0.6667 0.2000 0.7333
~ 0.2000 0.6667 0.2667 0.7333
A 0.2667 0.6667 0.3333 0.7333
~ 0.3333 0.6667 0.4000 0.7333
~ 0.4000 0.6667 0.4667 0.7333
~ 0.4667 0.6667 0.5333 0.7333
~ 0.5333 0.6667 0.6000 0.7333
~ 0.6000 0.6667 0.6667 0.7333
W 0.6667 0.6667 0.7333 0.7333
~ 0.7333 0.6667 0.8000 0.7333
~ 0.8000 0.6667 0.8667 0.7333
~ 0.8667 0.6667 0.9333 0.7333
~ 0.9333 0.6667 1.0000 0.7333
Z 0.0000 0.7333 0.0667 0.8000
O 0.0667 0.7333 0.1333 0.8000
R 0.1333 0.7333 0.2000 0.8000
I 0.2000 0.7333 0.2667 0.8000
~ 0.2667 0.7333 0.3333 0.8000
~ 0.3333 0.7333 0.4000 0.8000
~ 0.4000 0.7333 0.4667 0.8000
B 0.4667 0.7333 0.5333 0.8000
~ 0.5333 0.7333 0.6000 0.8000
V 0.6000 0.7333 0.6667 0.8000
I 0.6667 0.7333 0.7333 0.8000
M 0.7333 0.7333 0.8000 0.8000
~ 0.8000 0.7333 0.8667 0.8000
~ 0.8667 0.7333 0.9333 0.8000
~ 0.9333 0.7333 1.0000 0.8000
~ 0.0000 0.8000 0.0667 0.8667
U 0.0667 0.8000 0.1333 0.8667
S 0.1333 0.8000 0.2000 0.8667
~ 0.2000 0.8000 0.2667 0.8667
~ 0.2667 0.8000 0.3333 0.8667
~ 0.3333 0.8000 0.4000 0.8667
~ 0.4000 0.8000 0.4667 0.8667
L 0.4667 0.8000 0.5333 0.8667
~ 0.5333 0.8000 0.6000 0.8667
~ 0.6000 0.8000 0.6667 0.8667
E 0.6667 0.8000 0.7333 0.8667
~ 0.7333 0.8000 0.8000 0.8667
~ 0.8000 0.8000 0.8667 0.8667
~ 0.8667 0.8000 0.9333 0.8667
~ 0.9333 0.8000 1.0000 0.8667
~ 0.0000 0.8667 0.0667 0.9333
L 0.0667 0.8667 0.1333 0.9333
~ 0.1333 0.8667 0.2000 0.9333
U 0.2000 0.8667 0.2667 0.9333
N 0.2667 0.8667 0.3333 0.9333
C 0.3333 0.8667 0.4000 0.9333
O 0.4000 0.8667 0.4667 0.9333
I 0.4667 0.8667 0.5333 0.9333
L 0.5333 0.8667 0.6000 0.9333
S 0.6000 0.8667 0.6667 0.9333
~ 0.6667 0.8667 0.7333 0.9333
~ 0.7333 0.8667 0.8000 0.9333
~ 0.8000 0.8667 0.8667 0.9333
~ 0.8667 0.8667 0.9333 0.9333
~ 0.9333 0.8667 1.0000 0.9333
A 0.0000 0.9333 0.0667 1.0000
T 0.0667 0.9333 0.1333 1.0000
O 0.1333 0.9333 0.2000 1.0000
P 0.2000 0.9333 0.2667 1.0000
~ 0.2667 0.9333 0.3333 1.0000
~ 0.3333 0.9333 0.4000 1.0000
~ 0.4000 0.9333 0.4667 1.0000
P 0.4667 0.9333 0.5333 1.0000
~ 0.5333 0.9333 0.6000 1.0000
~ 0.6000 0.9333 0.6667 1.0000
~ 0.6667 0.9333 0.7333 1.0000
~ 0.7333 0.9333 0.8000 1.0000
~ 0.8000 0.9333 0.8667 1.0000
~ 0.8667 0.9333 0.9333 1.0000
~ 0.9333 0.9333 1.0000 1.0000
