~ 0.0000 0.0000 0.0667 0.0667
~ 0.0667 0.0000 0.1333 0.0667
~ 0.1333 0.0000 0.2000 0.0667
~ 0.2000 0.0000 0.2667 0.0667
~ 0.2667 0.0000 0.3333 0.0667
~ 0.3333 0.0000 0.4000 0.0667
~ 0.4000 0.0000 0.4667 0.0667
~ 0.4667 0.0000 0.5333 0.0667
~ 0.5333 0.0000 0.6000 0.0667
~ 0.6000 0.0000 0.6667 0.0667
~ 0.6667 0.0000 0.7333 0.0667
~ 0.7333 0.0000 0.8000 0.0667
~ 0.8000 0.0000 0.8667 0.0667
~ 0.8667 0.0000 0.9333 0.0667
T 0.9333 0.0000 1.0000 0.0667
~ 0.0000 0.0667 0.0667 0.1333
~ 0.0667 0.0667 0.1333 0.1333
~ 0.1333 0.0667 0.2000 0.1333
~ 0.2000 0.0667 0.2667 0.1333
~ 0.2667 0.0667 0.3333 0.1333
~ 0.3333 0.0667 0.4000 0.1333
~ 0.4000 0.0667 0.4667 0.1333
~ 0.4667 0.0667 0.5333 0.1333
~ 0.5333 0.0667 0.6000 0.1333
~ 0.6000 0.0667 0.6667 0.1333
~ 0.6667 0.0667 0.7333 0.1333
~ 0.7333 0.0667 0.8000 0.1333
~ 0.8000 0.0667 0.8667 0.1333
W 0.8667 0.0667 0.9333 0.1333
P 0.9333 0.0667 1.0000 0.1333
~ 0.0000 0.1333 0.0667 0.2000
~ 0.0667 0.1333 0.1333 0.2000
~ 0.1333 0.1333 0.2000 0.2000
~ 0.2000 0.1333 0.2667 0.2000
~ 0.2667 0.1333 0.3333 0.2000
~ 0.3333 0.1333 0.4000 0.2000
~ 0.4000 0.1333 0.4667 0.2000
~ 0.4667 0.1333 0.5333 0.2000
~ 0.5333 0.1333 0.6000 0.2000
~ 0.6000 0.1333 0.6667 0.2000
~ 0.6667 0.1333 0.7333 0.2000
~ 0.7333 0.1333 0.8000 0.2000
Y 0.8000 0.1333 0.8667 0.2000
O 0.8667 0.1333 0.9333 0.2000
M 0.9333 0.1333 1.0000 0.2000
~ 0.0000 0.2000 0.0667 0.2667
~ 0.0667 0.2000 0.1333 0.2667
~ 0.1333 0.2000 0.2000 0.2667
~ 0.2000 0.2000 0.2667 0.2667
~ 0.2667 0.2000 0.3333 0.2667
~ 0.3333 0.2000 0.4000 0.2667
~ 0.4000 0.2000 0.4667 0.2667
~ 0.4667 0.2000 0.5333 0.2667
~ 0.5333 0.2000 0.6000 0.2667
~ 0.6000 0.2000 0.6667 0.2667
~ 0.6667 0.2000 0.7333 0.2667
K 0.7333 0.2000 0.8000 0.2667
I 0.8000 0.2000 0.8667 0.2667
N 0.8667 0.2000 0.9333 0.2667
S 0.9333 0.2000 1.0000 0.2667
~ 0.0000 0.2667 0.0667 0.3333
~ 0.0667 0.2667 0.1333 0.3333
~ 0.1333 0.2667 0.2000 0.3333
~ 0.2000 0.2667 0.2667 0.3333
~ 0.2667 0.2667 0.3333 0.3333
~ 0.3333 0.2667 0.4000 0.3333
~ 0.4000 0.2667 0.4667 0.3333
~ 0.4667 0.2667 0.5333 0.3333
~ 0.5333 0.2667 0.6000 0.3333
~ 0.6000 0.2667 0.6667 0.3333
A 0.6667 0.2667 0.7333 0.3333
I 0.7333 0.2667 0.8000 0.3333
N 0.8000 0.2667 0.8667 0.3333
~ 0.8667 0.2667 0.9333 0.3333
~ 0.9333 0.2667 1.0000 0.3333
~ 0.0000 0.3333 0.0667 0.4000
~ 0.0667 0.3333 0.1333 0.4000
~ 0.1333 0.3333 0.2000 0.4000
~ 0.2000 0.3333 0.2667 0.4000
~ 0.2667 0.3333 0.3333 0.4000
~ 0.3333 0.3333 0.4000 0.4000
~ 0.4000 0.3333 0.4667 0.4000
~ 0.4667 0.3333 0.5333 0.4000
~ 0.5333 0.3333 0.6000 0.4000
J 0.6000 0.3333 0.6667 0.4000
E 0.6667 0.3333 0.7333 0.4000
T 0.7333 0.3333 0.8000 0.4000
~ 0.8000 0.3333 0.8667 0.4000
W 0.8667 0.3333 0.9333 0.4000
~ 0.9333 0.3333 1.0000 0.4000
~ 0.0000 0.4000 0.0667 0.4667
~ 0.0667 0.4000 0.1333 0.4667
~ 0.1333 0.4000 0.2000 0.4667
C 0.2000 0.4000 0.2667 0.4667
~ 0.2667 0.4000 0.3333 0.4667
~ 0.3333 0.4000 0.4000 0.4667
~ 0.4000 0.4000 0.4667 0.4667
V 0.4667 0.4000 0.5333 0.4667
~ 0.5333 0.4000 0.6000 0.4667
O 0.6000 0.4000 0.6667 0.4667
~ 0.6667 0.4000 0.7333 0.4667
H 0.7333 0.4000 0.8000 0.4667
~ 0.8000 0.4000 0.8667 0.4667
I 0.8667 0.4000 0.9333 0.4667
~ 0.9333 0.4000 1.0000 0.4667
Z 0.0000 0.4667 0.0667 0.5333
~ 0.0667 0.4667 0.1333 0.5333
O 0.1333 0.4667 0.2000 0.5333
H 0.2000 0.4667 0.2667 0.5333
~ 0.2667 0.4667 0.3333 0.5333
~ 0.3333 0.4667 0.4000 0.5333
~ 0.4000 0.4667 0.4667 0.5333
A 0.4667 0.4667 0.5333 0.5333
~ 0.5333 0.4667 0.6000 0.5333
G 0.6000 0.4667 0.6667 0.5333
A 0.6667 0.4667 0.7333 0.5333
E 0.7333 0.4667 0.8000 0.5333
I 0.8000 0.4667 0.8667 0.5333
T 0.8667 0.4667 0.9333 0.5333
Y 0.9333 0.4667 1.0000 0.5333
E 0.0000 0.5333 0.0667 0.6000
~ 0.0667 0.5333 0.1333 0.6000
~ 0.1333 0.5333 0.2000 0.6000
A 0.2000 0.5333 0.2667 0.6000
M 0.2667 0.5333 0.3333 0.6000
O 0.3333 0.5333 0.4000 0.6000
R 0.4000 0.5333 0.4667 0.6000
T 0.4667 0.5333 0.5333 0.6000
I 0.5333 0.5333 0.6000 0.6000
S 0.6000 0.5333 0.6667 0.6000
E 0.6667 0.5333 0.7333 0.6000
D 0.7333 0.5333 0.8000 0.6000
~ 0.8000 0.5333 0.8667 0.6000
~ 0.8667 0.5333 0.9333 0.6000
A 0.9333 0.5333 1.0000 0.6000
B 0.0000 0.6000 0.0667 0.6667
A 0.0667 0.6000 0.1333 0.6667
N 0.1333 0.6000 0.2000 0.6667
D 0.2000 0.6000 0.2667 0.6667
O 0.2667 0.6000 0.3333 0.6667
R 0.3333 0.6000 0.4000 0.6667
E 0.4000 0.6000 0.4667 0.6667
~ 0.4667 0.6000 0.5333 0.6667
~ 0.5333 0.6000 0.6000 0.6667
~ 0.6000 0.6000 0.6667 0.6667
~ 0.6667 0.6000 0.7333 0.6667
~ 0.7333 0.6000 0.8000 0.6667
~ 0.8000 0.6000 0.8667 0.6667
~ 0.8667 0.6000 0.9333 0.6667
G 0.9333 0.6000 1.0000 0.6667
U 0.0000 0.6667 0.0667 0.7333
~ 0.0667 0.6667 0.1333 0.7333
~ 0.1333 0.6667 0.2000 0.7333
~ 0.2000 0.6667 0.2667 0.7333
L 0.2667 0.6667 0.3333 0.7333
~ 0.3333 0.6667 0.4000 0.7333
B 0.4000 0.6667 0.4667 0.7333
R 0.4667 0.6667 0.5333 0.7333
A 0.5333 0.6667 0.6000 0.7333
I 0.6000 0.6667 0.6667 0.7333
L 0.6667 0.6667 0.7333 0.7333
~ 0.7333 0.6667 0.8000 0.7333
~ 0.8000 0.6667 0.8667 0.7333
~ 0.8667 0.6667 0.9333 0.7333
I 0.9333 0.6667 1.0000 0.7333
B 0.0000 0.7333 0.0667 0.8000
U 0.0667 0.7333 0.1333 0.8000
D 0.1333 0.7333 0.2000 0.8000
D 0.2000 0.7333 0.2667 0.8000
E 0.2667 0.7333 0.3333 0.8000
N 0.3333 0.7333 0.4000 0.8000
~ 0.4000 0.7333 0.4667 0.8000
~ 0.4667 0.7333 0.5333 0.8000
~ 0.5333 0.7333 0.6000 0.8000
~ 0.6000 0.7333 0.6667 0.8000
~ 0.6667 0.7333 0.7333 0.8000
F 0.7333 0.7333 0.8000 0.8000
E 0.8000 0.7333 0.8667 0.8000
R 0.8667 0.7333 0.9333 0.8000
~ 0.9333 0.7333 1.0000 0.8000
~ 0.0000 0.8000 0.0667 0.8667
P 0.0667 0.8000 0.1333 0.8667
E 0.1333 0.8000 0.2000 0.8667
~ 0.2000 0.8000 0.2667 0.8667
~ 0.2667 0.8000 0.3333 0.8667
I 0.3333 0.8000 0.4000 0.8667
~ 0.4000 0.8000 0.4667 0.8667
~ 0.4667 0.8000 0.5333 0.8667
U 0.5333 0.8000 0.6000 0.8667
N 0.6000 0.8000 0.6667 0.8667
E 0.6667 0.8000 0.7333 0.8667
A 0.7333 0.8000 0.8000 0.8667
G 0.8000 0.8000 0.8667 0.8667
E 0.8667 0.8000 0.9333 0.8667
~ 0.9333 0.8000 1.0000 0.8667
U 0.0000 0.8667 0.0667 0.9333
U 0.0667 0.8667 0.1333 0.9333
V 0.1333 0.8667 0.2000 0.9333
E 0.2000 0.8667 0.2667 0.9333
C 0.2667 0.8667 0.3333 0.9333
T 0.3333 0.8667 0.4000 0.9333
O 0.4000 0.8667 0.4667 0.9333
R 0.4667 0.8667 0.5333 0.9333
S 0.5333 0.8667 0.6000 0.9333
~ 0.6000 0.8667 0.6667 0.9333
~ 0.6667 0.8667 0.7333 0.9333
L 0.7333 0.8667 0.8000 0.9333
O 0.8000 0.8667 0.8667 0.9333
X 0.8667 0.8667 0.9333 0.9333
~ 0.9333 0.8667 1.0000 0.9333
P 0.0000 0.9333 0.0667 1.0000
I 0.0667 0.9333 0.1333 1.0000
A 0.1333 0.9333 0.2000 1.0000
N 0.2000 0.9333 0.2667 1.0000
~ 0.2667 0.9333 0.3333 1.0000
~ 0.3333 0.9333 0.4000 1.0000
F 0.4000 0.9333 0.4667 1.0000
E 0.4667 0.9333 0.5333 1.0000
~ 0.5333 0.9333 0.6000 1.0000
T 0.6000 0.9333 0.6667 1.0000
~ 0.6667 0.9333 0.7333 1.0000
L 0.7333 0.9333 0.8000 1.0000
~ 0.8000 0.9333 0.8667 1.0000
~ 0.8667 0.9333 0.9333 1.0000
~ 0.9333 0.9333 1.0000 1.0000
