C 0.0000 0.0000 0.0667 0.0667
O 0.0667 0.0000 0.1333 0.0667
M 0.1333 0.0000 0.2000 0.0667
I 0.2000 0.0000 0.2667 0.0667
X 0.2667 0.0000 0.3333 0.0667
~ 0.3333 0.0000 0.4000 0.0667
~ 0.4000 0.0000 0.4667 0.0667
~ 0.4667 0.0000 0.5333 0.0667
~ 0.5333 0.0000 0.6000 0.0667
~ 0.6000 0.0000 0.6667 0.0667
~ 0.6667 0.0000 0.7333 0.0667
~ 0.7333 0.0000 0.8000 0.0667
~ 0.8000 0.0000 0.8667 0.0667
V 0.8667 0.0000 0.9333 0.0667
~ 0.9333 0.0000 1.0000 0.0667
~ 0.0000 0.0667 0.0667 0.1333
H 0.0667 0.0667 0.1333 0.1333
E 0.1333 0.0667 0.2000 0.1333
N 0.2000 0.0667 0.2667 0.1333
~ 0.2667 0.0667 0.3333 0.1333
~ 0.3333 0.0667 0.4000 0.1333
~ 0.4000 0.0667 0.4667 0.1333
~ 0.4667 0.0667 0.5333 0.1333
~ 0.5333 0.0667 0.6000 0.1333
~ 0.6000 0.0667 0.6667 0.1333
~ 0.6667 0.0667 0.7333 0.1333
~ 0.7333 0.0667 0.8000 0.1333
T 0.8000 0.0667 0.8667 0.1333
I 0.8667 0.0667 0.9333 0.1333
~ 0.9333 0.0667 1.0000 0.1333
~ 0.0000 0.1333 0.0667 0.2000
~ 0.0667 0.1333 0.1333 0.2000
R 0.1333 0.1333 0.2000 0.2000
~ 0.2000 0.1333 0.2667 0.2000
~ 0.2667 0.1333 0.3333 0.2000
~ 0.3333 0.1333 0.4000 0.2000
~ 0.4000 0.1333 0.4667 0.2000
~ 0.4667 0.1333 0.5333 0.2000
~ 0.5333 0.1333 0.6000 0.2000
~ 0.6000 0.1333 0.6667 0.2000
~ 0.6667 0.1333 0.7333 0.2000
J 0.7333 0.1333 0.8000 0.2000
O 0.8000 0.1333 0.8667 0.2000
G 0.8667 0.1333 0.9333 0.2000
~ 0.9333 0.1333 1.0000 0.2000
~ 0.0000 0.2000 0.0667 0.2667
~ 0.0667 0.2000 0.1333 0.2667
I 0.1333 0.2000 0.2000 0.2667
~ 0.2000 0.2000 0.2667 0.2667
~ 0.2667 0.2000 0.3333 0.2667
~ 0.3333 0.2000 0.4000 0.2667
~ 0.4000 0.2000 0.4667 0.2667
~ 0.4667 0.2000 0.5333 0.2667
~ 0.5333 0.2000 0.6000 0.2667
~ 0.6000 0.2000 0.6667 0.2667
~ 0.6667 0.2000 0.7333 0.2667
A 0.7333 0.2000 0.8000 0.2667
Y 0.8000 0.2000 0.8667 0.2667
~ 0.8667 0.2000 0.9333 0.2667
~ 0.9333 0.2000 1.0000 0.2667
~ 0.0000 0.2667 0.0667 0.3333
U 0.0667 0.2667 0.1333 0.3333
N 0.1333 0.2667 0.2000 0.3333
~ 0.2000 0.2667 0.2667 0.3333
~ 0.2667 0.2667 0.3333 0.3333
~ 0.3333 0.2667 0.4000 0.3333
~ 0.4000 0.2667 0.4667 0.3333
~ 0.4667 0.2667 0.5333 0.3333
~ 0.5333 0.2667 0.6000 0.3333
~ 0.6000 0.2667 0.6667 0.3333
~ 0.6667 0.2667 0.7333 0.3333
P 0.7333 0.2667 0.8000 0.3333
~ 0.8000 0.2667 0.8667 0.3333
~ 0.8667 0.2667 0.9333 0.3333
~ 0.9333 0.2667 1.0000 0.3333
~ 0.0000 0.3333 0.0667 0.4000
N 0.0667 0.3333 0.1333 0.4000
O 0.1333 0.3333 0.2000 0.4000
~ 0.2000 0.3333 0.2667 0.4000
~ 0.2667 0.3333 0.3333 0.4000
~ 0.3333 0.3333 0.4000 0.4000
W 0.4000 0.3333 0.4667 0.4000
~ 0.4667 0.3333 0.5333 0.4000
~ 0.5333 0.3333 0.6000 0.4000
~ 0.6000 0.3333 0.6667 0.4000
F 0.6667 0.3333 0.7333 0.4000
E 0.7333 0.3333 0.8000 0.4000
~ 0.8000 0.3333 0.8667 0.4000
~ 0.8667 0.3333 0.9333 0.4000
~ 0.9333 0.3333 1.0000 0.4000
G 0.0000 0.4000 0.0667 0.4667
A 0.0667 0.4000 0.1333 0.4667
S 0.1333 0.4000 0.2000 0.4667
~ 0.2000 0.4000 0.2667 0.4667
~ 0.2667 0.4000 0.3333 0.4667
~ 0.3333 0.4000 0.4000 0.4667
I 0.4000 0.4000 0.4667 0.4667
~ 0.4667 0.4000 0.5333 0.4667
~ 0.5333 0.4000 0.6000 0.4667
W 0.6000 0.4000 0.6667 0.4667
I 0.6667 0.4000 0.7333 0.4667
R 0.7333 0.4000 0.8000 0.4667
Y 0.8000 0.4000 0.8667 0.4667
~ 0.8667 0.4000 0.9333 0.4667
~ 0.9333 0.4000 1.0000 0.4667
A 0.0000 0.4667 0.0667 0.5333
B 0.0667 0.4667 0.1333 0.5333
~ 0.1333 0.4667 0.2000 0.5333
Q 0.2000 0.4667 0.2667 0.5333
~ 0.2667 0.4667 0.3333 0.5333
B 0.3333 0.4667 0.4000 0.5333
L 0.4000 0.4667 0.4667 0.5333
A 0.4667 0.4667 0.5333 0.5333
D 0.5333 0.4667 0.6000 0.5333
E 0.6000 0.4667 0.6667 0.5333
D 0.6667 0.4667 0.7333 0.5333
~ 0.7333 0.4667 0.8000 0.5333
A 0.8000 0.4667 0.8667 0.5333
U 0.8667 0.4667 0.9333 0.5333
K 0.9333 0.4667 1.0000 0.5333
P 0.0000 0.5333 0.0667 0.6000
A 0.0667 0.5333 0.1333 0.6000
~ 0.1333 0.5333 0.2000 0.6000
U 0.2000 0.5333 0.2667 0.6000
~ 0.2667 0.5333 0.3333 0.6000
A 0.3333 0.5333 0.4000 0.6000
E 0.4000 0.5333 0.4667 0.6000
~ 0.4667 0.5333 0.5333 0.6000
~ 0.5333 0.5333 0.6000 0.6000
~ 0.6000 0.5333 0.6667 0.6000
~ 0.6667 0.5333 0.7333 0.6000
~ 0.7333 0.5333 0.8000 0.6000
~ 0.8000 0.5333 0.8667 0.6000
~ 0.8667 0.5333 0.9333 0.6000
~ 0.9333 0.5333 1.0000 0.6000
E 0.0000 0.6000 0.0667 0.6667
T 0.0667 0.6000 0.1333 0.6667
~ 0.1333 0.6000 0.2000 0.6667
O 0.2000 0.6000 0.2667 0.6667
~ 0.2667 0.6000 0.3333 0.6667
N 0.3333 0.6000 0.4000 0.6667
~ 0.4000 0.6000 0.4667 0.6667
~ 0.4667 0.6000 0.5333 0.6667
~ 0.5333 0.6000 0.6000 0.6667
~ 0.6000 0.6000 0.6667 0.6667
~ 0.6667 0.6000 0.7333 0.6667
Z 0.7333 0.6000 0.8000 0.6667
~ 0.8000 0.6000 0.8667 0.6667
~ 0.8667 0.6000 0.9333 0.6667
~ 0.9333 0.6000 1.0000 0.6667
R 0.0000 0.6667 0.0667 0.7333
E 0.0667 0.6667 0.1333 0.7333
~ 0.1333 0.6667 0.2000 0.7333
I 0.2000 0.6667 0.2667 0.7333
~ 0.2667 0.6667 0.3333 0.7333
T 0.3333 0.6667 0.4000 0.7333
~ 0.4000 0.6667 0.4667 0.7333
~ 0.4667 0.6667 0.5333 0.7333
E 0.5333 0.6667 0.6000 0.7333
R 0.6000 0.6667 0.6667 0.7333
E 0.6667 0.6667 0.7333 0.7333
I 0.7333 0.6667 0.8000 0.7333
O 0.8000 0.6667 0.8667 0.7333
N 0.8667 0.6667 0.9333 0.7333
~ 0.9333 0.6667 1.0000 0.7333
~ 0.0000 0.7333 0.0667 0.8000
D 0.0667 0.7333 0.1333 0.8000
E 0.1333 0.7333 0.2000 0.8000
T 0.2000 0.7333 0.2667 0.8000
R 0.2667 0.7333 0.3333 0.8000
I 0.3333 0.7333 0.4000 0.8000
T 0.4000 0.7333 0.4667 0.8000
A 0.4667 0.7333 0.5333 0.8000
L 0.5333 0.7333 0.6000 0.8000
~ 0.6000 0.7333 0.6667 0.8000
~ 0.6667 0.7333 0.7333 0.8000
N 0.7333 0.7333 0.8000 0.8000
~ 0.8000 0.7333 0.8667 0.8000
~ 0.8667 0.7333 0.9333 0.8000
F 0.9333 0.7333 1.0000 0.8000
~ 0.0000 0.8000 0.0667 0.8667
~ 0.0667 0.8000 0.1333 0.8667
~ 0.1333 0.8000 0.2000 0.8667
~ 0.2000 0.8000 0.2667 0.8667
~ 0.2667 0.8000 0.3333 0.8667
E 0.3333 0.8000 0.4000 0.8667
~ 0.4000 0.8000 0.4667 0.8667
~ 0.4667 0.8000 0.5333 0.8667
~ 0.5333 0.8000 0.6000 0.8667
~ 0.6000 0.8000 0.6667 0.8667
~ 0.6667 0.8000 0.7333 0.8667
C 0.7333 0.8000 0.8000 0.8667
~ 0.8000 0.8000 0.8667 0.8667
~ 0.8667 0.8000 0.9333 0.8667
O 0.9333 0.8000 1.0000 0.8667
~ 0.0000 0.8667 0.0667 0.9333
G 0.0667 0.8667 0.1333 0.9333
I 0.1333 0.8667 0.2000 0.9333
V 0.2000 0.8667 0.2667 0.9333
E 0.2667 0.8667 0.3333 0.9333
S 0.3333 0.8667 0.4000 0.9333
~ 0.4000 0.8667 0.4667 0.9333
~ 0.4667 0.8667 0.5333 0.9333
T 0.5333 0.8667 0.6000 0.9333
~ 0.6000 0.8667 0.6667 0.9333
S 0.6667 0.8667 0.7333 0.9333
S 0.7333 0.8667 0.8000 0.9333
U 0.8000 0.8667 0.8667 0.9333
A 0.8667 0.8667 0.9333 0.9333
L 0.9333 0.8667 1.0000 0.9333
~ 0.0000 0.9333 0.0667 1.0000
~ 0.0667 0.9333 0.1333 1.0000
~ 0.1333 0.9333 0.2000 1.0000
~ 0.2000 0.9333 0.2667 1.0000
~ 0.2667 0.9333 0.3333 1.0000
~ 0.3333 0.9333 0.4000 1.0000
M 0.4000 0.9333 0.4667 1.0000
H 0.4667 0.9333 0.5333 1.0000
O 0.5333 0.9333 0.6000 1.0000
~ 0.6000 0.9333 0.6667 1.0000
~ 0.6667 0.9333 0.7333 1.0000
~ 0.7333 0.9333 0.8000 1.0000
~ 0.8000 0.9333 0.8667 1.0000
~ 0.8667 0.9333 0.9333 1.0000
D 0.9333 0.9333 1.0000 1.0000
