~ 0.0000 0.0000 0.0667 0.0667
~ 0.0667 0.0000 0.1333 0.0667
~ 0.1333 0.0000 0.2000 0.0667
~ 0.2000 0.0000 0.2667 0.0667
~ 0.2667 0.0000 0.3333 0.0667
~ 0.3333 0.0000 0.4000 0.0667
~ 0.4000 0.0000 0.4667 0.0667
E 0.4667 0.0000 0.5333 0.0667
~ 0.5333 0.0000 0.6000 0.0667
~ 0.6000 0.0000 0.6667 0.0667
~ 0.6667 0.0000 0.7333 0.0667
~ 0.7333 0.0000 0.8000 0.0667
G 0.8000 0.0000 0.8667 0.0667
~ 0.8667 0.0000 0.9333 0.0667
~ 0.9333 0.0000 1.0000 0.0667
J 0.0000 0.0667 0.0667 0.1333
A 0.0667 0.0667 0.1333 0.1333
B 0.1333 0.0667 0.2000 0.1333
~ 0.2000 0.0667 0.2667 0.1333
~ 0.2667 0.0667 0.3333 0.1333
~ 0.3333 0.0667 0.4000 0.1333
E 0.4000 0.0667 0.4667 0.1333
T 0.4667 0.0667 0.5333 0.1333
I 0.5333 0.0667 0.6000 0.1333
C 0.6000 0.0667 0.6667 0.1333
~ 0.6667 0.0667 0.7333 0.1333
~ 0.7333 0.0667 0.8000 0.1333
N 0.8000 0.0667 0.8667 0.1333
~ 0.8667 0.0667 0.9333 0.1333
~ 0.9333 0.0667 1.0000 0.1333
~ 0.0000 0.1333 0.0667 0.2000
L 0.0667 0.1333 0.1333 0.2000
U 0.1333 0.1333 0.2000 0.2000
N 0.2000 0.1333 0.2667 0.2000
~ 0.2667 0.1333 0.3333 0.2000
~ 0.3333 0.1333 0.4000 0.2000
~ 0.4000 0.1333 0.4667 0.2000
I 0.4667 0.1333 0.5333 0.2000
~ 0.5333 0.1333 0.6000 0.2000
~ 0.6000 0.1333 0.6667 0.2000
~ 0.6667 0.1333 0.7333 0.2000
Z 0.7333 0.1333 0.8000 0.2000
A 0.8000 0.1333 0.8667 0.2000
~ 0.8667 0.1333 0.9333 0.2000
R 0.9333 0.1333 1.0000 0.2000
~ 0.0000 0.2000 0.0667 0.2667
~ 0.0667 0.2000 0.1333 0.2667
M 0.1333 0.2000 0.2000 0.2667
E 0.2000 0.2000 0.2667 0.2667
T 0.2667 0.2000 0.3333 0.2667
R 0.3333 0.2000 0.4000 0.2667
~ 0.4000 0.2000 0.4667 0.2667
C 0.4667 0.2000 0.5333 0.2667
S 0.5333 0.2000 0.6000 0.2667
~ 0.6000 0.2000 0.6667 0.2667
~ 0.6667 0.2000 0.7333 0.2667
O 0.7333 0.2000 0.8000 0.2667
R 0.8000 0.2000 0.8667 0.2667
~ 0.8667 0.2000 0.9333 0.2667
E 0.9333 0.2000 1.0000 0.2667
~ 0.0000 0.2667 0.0667 0.3333
~ 0.0667 0.2667 0.1333 0.3333
~ 0.1333 0.2667 0.2000 0.3333
~ 0.2000 0.2667 0.2667 0.3333
~ 0.2667 0.2667 0.3333 0.3333
~ 0.3333 0.2667 0.4000 0.3333
~ 0.4000 0.2667 0.4667 0.3333
~ 0.4667 0.2667 0.5333 0.3333
K 0.5333 0.2667 0.6000 0.3333
E 0.6000 0.2667 0.6667 0.3333
F 0.6667 0.2667 0.7333 0.3333
~ 0.7333 0.2667 0.8000 0.3333
L 0.8000 0.2667 0.8667 0.3333
A 0.8667 0.2667 0.9333 0.3333
R 0.9333 0.2667 1.0000 0.3333
~ 0.0000 0.3333 0.0667 0.4000
~ 0.0667 0.3333 0.1333 0.4000
~ 0.1333 0.3333 0.2000 0.4000
~ 0.2000 0.3333 0.2667 0.4000
~ 0.2667 0.3333 0.3333 0.4000
V 0.3333 0.3333 0.4000 0.4000
A 0.4000 0.3333 0.4667 0.4000
P 0.4667 0.3333 0.5333 0.4000
I 0.5333 0.3333 0.6000 0.4000
D 0.6000 0.3333 0.6667 0.4000
~ 0.6667 0.3333 0.7333 0.4000
~ 0.7333 0.3333 0.8000 0.4000
~ 0.8000 0.3333 0.8667 0.4000
H 0.8667 0.3333 0.9333 0.4000
O 0.9333 0.3333 1.0000 0.4000
~ 0.0000 0.4000 0.0667 0.4667
~ 0.0667 0.4000 0.1333 0.4667
T 0.1333 0.4000 0.2000 0.4667
I 0.2000 0.4000 0.2667 0.4667
T 0.2667 0.4000 0.3333 0.4667
I 0.3333 0.4000 0.4000 0.4667
~ 0.4000 0.4000 0.4667 0.4667
~ 0.4667 0.4000 0.5333 0.4667
~ 0.5333 0.4000 0.6000 0.4667
~ 0.6000 0.4000 0.6667 0.4667
~ 0.6667 0.4000 0.7333 0.4667
~ 0.7333 0.4000 0.8000 0.4667
M 0.8000 0.4000 0.8667 0.4667
~ 0.8667 0.4000 0.9333 0.4667
U 0.9333 0.4000 1.0000 0.4667
~ 0.0000 0.4667 0.0667 0.5333
~ 0.0667 0.4667 0.1333 0.5333
~ 0.1333 0.4667 0.2000 0.5333
D 0.2000 0.4667 0.2667 0.5333
O 0.2667 0.4667 0.3333 0.5333
D 0.3333 0.4667 0.4000 0.5333
G 0.4000 0.4667 0.4667 0.5333
E 0.4667 0.4667 0.5333 0.5333
~ 0.5333 0.4667 0.6000 0.5333
~ 0.6000 0.4667 0.6667 0.5333
~ 0.6667 0.4667 0.7333 0.5333
~ 0.7333 0.4667 0.8000 0.5333
A 0.8000 0.4667 0.8667 0.5333
N 0.8667 0.4667 0.9333 0.5333
T 0.9333 0.4667 1.0000 0.5333
~ 0.0000 0.5333 0.0667 0.6000
~ 0.0667 0.5333 0.1333 0.6000
~ 0.1333 0.5333 0.2000 0.6000
~ 0.2000 0.5333 0.2667 0.6000
D 0.2667 0.5333 0.3333 0.6000
E 0.3333 0.5333 0.4000 0.6000
I 0.4000 0.5333 0.4667 0.6000
~ 0.4667 0.5333 0.5333 0.6000
~ 0.5333 0.5333 0.6000 0.6000
~ 0.6000 0.5333 0.6667 0.6000
~ 0.6667 0.5333 0.7333 0.6000
~ 0.7333 0.5333 0.8000 0.6000
Q 0.8000 0.5333 0.8667 0.6000
~ 0.8667 0.5333 0.9333 0.6000
E 0.9333 0.5333 1.0000 0.6000
~ 0.0000 0.6000 0.0667 0.6667
~ 0.0667 0.6000 0.1333 0.6667
~ 0.1333 0.6000 0.2000 0.6667
~ 0.2000 0.6000 0.2667 0.6667
~ 0.2667 0.6000 0.3333 0.6667
~ 0.3333 0.6000 0.4000 0.6667
F 0.4000 0.6000 0.4667 0.6667
A 0.4667 0.6000 0.5333 0.6667
U 0.5333 0.6000 0.6000 0.6667
N 0.6000 0.6000 0.6667 0.6667
A 0.6667 0.6000 0.7333 0.6667
~ 0.7333 0.6000 0.8000 0.6667
U 0.8000 0.6000 0.8667 0.6667
~ 0.8667 0.6000 0.9333 0.6667
~ 0.9333 0.6000 1.0000 0.6667
~ 0.0000 0.6667 0.0667 0.7333
~ 0.0667 0.6667 0.1333 0.7333
S 0.1333 0.6667 0.2000 0.7333
P 0.2000 0.6667 0.2667 0.7333
O 0.2667 0.6667 0.3333 0.7333
~ 0.3333 0.6667 0.4000 0.7333
T 0.4000 0.6667 0.4667 0.7333
E 0.4667 0.6667 0.5333 0.7333
R 0.5333 0.6667 0.6000 0.7333
~ 0.6000 0.6667 0.6667 0.7333
B 0.6667 0.6667 0.7333 0.7333
O 0.7333 0.6667 0.8000 0.7333
I 0.8000 0.6667 0.8667 0.7333
~ 0.8667 0.6667 0.9333 0.7333
~ 0.9333 0.6667 1.0000 0.7333
~ 0.0000 0.7333 0.0667 0.8000
~ 0.0667 0.7333 0.1333 0.8000
~ 0.1333 0.7333 0.2000 0.8000
I 0.2000 0.7333 0.2667 0.8000
~ 0.2667 0.7333 0.3333 0.8000
~ 0.3333 0.7333 0.4000 0.8000
~ 0.4000 0.7333 0.4667 0.8000
~ 0.4667 0.7333 0.5333 0.8000
~ 0.5333 0.7333 0.6000 0.8000
~ 0.6000 0.7333 0.6667 0.8000
O 0.6667 0.7333 0.7333 0.8000
W 0.7333 0.7333 0.8000 0.8000
~ 0.8000 0.7333 0.8667 0.8000
I 0.8667 0.7333 0.9333 0.8000
~ 0.9333 0.7333 1.0000 0.8000
~ 0.0000 0.8000 0.0667 0.8667
~ 0.0667 0.8000 0.1333 0.8667
~ 0.1333 0.8000 0.2000 0.8667
L 0.2000 0.8000 0.2667 0.8667
~ 0.2667 0.8000 0.3333 0.8667
~ 0.3333 0.8000 0.4000 0.8667
~ 0.4000 0.8000 0.4667 0.8667
~ 0.4667 0.8000 0.5333 0.8667
H 0.5333 0.8000 0.6000 0.8667
O 0.6000 0.8000 0.6667 0.8667
V 0.6667 0.8000 0.7333 0.8667
E 0.7333 0.8000 0.8000 0.8667
L 0.8000 0.8000 0.8667 0.8667
S 0.8667 0.8000 0.9333 0.8667
~ 0.9333 0.8000 1.0000 0.8667
~ 0.0000 0.8667 0.0667 0.9333
~ 0.0667 0.8667 0.1333 0.9333
~ 0.1333 0.8667 0.2000 0.9333
Y 0.2000 0.8667 0.2667 0.9333
~ 0.2667 0.8667 0.3333 0.9333
~ 0.3333 0.8667 0.4000 0.9333
~ 0.4000 0.8667 0.4667 0.9333
~ 0.4667 0.8667 0.5333 0.9333
A 0.5333 0.8667 0.6000 0.9333
X 0.6000 0.8667 0.6667 0.9333
E 0.6667 0.8667 0.7333 0.9333
~ 0.7333 0.8667 0.8000 0.9333
~ 0.8000 0.8667 0.8667 0.9333
O 0.8667 0.8667 0.9333 0.9333
~ 0.9333 0.8667 1.0000 0.9333
~ 0.0000 0.9333 0.0667 1.0000
~ 0.0667 0.9333 0.1333 1.0000
~ 0.1333 0.9333 0.2000 1.0000
~ 0.2000 0.9333 0.2667 1.0000
~ 0.2667 0.9333 0.3333 1.0000
W 0.3333 0.9333 0.4000 1.0000
A 0.4000 0.9333 0.4667 1.0000
R 0.4667 0.9333 0.5333 1.0000
N 0.5333 0.9333 0.6000 1.0000
~ 0.6000 0.9333 0.6667 1.0000
~ 0.6667 0.9333 0.7333 1.0000
~ 0.7333 0.9333 0.8000 1.0000
~ 0.8000 0.9333 0.8667 1.0000
~ 0.8667 0.9333 0.9333 1.0000
~ 0.9333 0.9333 1.0000 1.0000
