~ 0.0000 0.0000 0.0667 0.0667
~ 0.0667 0.0000 0.1333 0.0667
~ 0.1333 0.0000 0.2000 0.0667
~ 0.2000 0.0000 0.2667 0.0667
~ 0.2667 0.0000 0.3333 0.0667
~ 0.3333 0.0000 0.4000 0.0667
D 0.4000 0.0000 0.4667 0.0667
R 0.4667 0.0000 0.5333 0.0667
O 0.5333 0.0000 0.6000 0.0667
O 0.6000 0.0000 0.6667 0.0667
L 0.6667 0.0000 0.7333 0.0667
S 0.7333 0.0000 0.8000 0.0667
~ 0.8000 0.0000 0.8667 0.0667
~ 0.8667 0.0000 0.9333 0.0667
B 0.9333 0.0000 1.0000 0.0667
~ 0.0000 0.0667 0.0667 0.1333
~ 0.0667 0.0667 0.1333 0.1333
~ 0.1333 0.0667 0.2000 0.1333
~ 0.2000 0.0667 0.2667 0.1333
F 0.2667 0.0667 0.3333 0.1333
~ 0.3333 0.0667 0.4000 0.1333
~ 0.4000 0.0667 0.4667 0.1333
A 0.4667 0.0667 0.5333 0.1333
~ 0.5333 0.0667 0.6000 0.1333
~ 0.6000 0.0667 0.6667 0.1333
O 0.6667 0.0667 0.7333 0.1333
~ 0.7333 0.0667 0.8000 0.1333
~ 0.8000 0.0667 0.8667 0.1333
~ 0.8667 0.0667 0.9333 0.1333
I 0.9333 0.0667 1.0000 0.1333
~ 0.0000 0.1333 0.0667 0.2000
~ 0.0667 0.1333 0.1333 0.2000
~ 0.1333 0.1333 0.2000 0.2000
M 0.2000 0.1333 0.2667 0.2000
I 0.2667 0.1333 0.3333 0.2000
~ 0.3333 0.1333 0.4000 0.2000
~ 0.4000 0.1333 0.4667 0.2000
I 0.4667 0.1333 0.5333 0.2000
~ 0.5333 0.1333 0.6000 0.2000
G 0.6000 0.1333 0.6667 0.2000
U 0.6667 0.1333 0.7333 0.2000
R 0.7333 0.1333 0.8000 0.2000
U 0.8000 0.1333 0.8667 0.2000
~ 0.8667 0.1333 0.9333 0.2000
K 0.9333 0.1333 1.0000 0.2000
~ 0.0000 0.2000 0.0667 0.2667
~ 0.0667 0.2000 0.1333 0.2667
J 0.1333 0.2000 0.2000 0.2667
O 0.2000 0.2000 0.2667 0.2667
T 0.2667 0.2000 0.3333 0.2667
~ 0.3333 0.2000 0.4000 0.2667
~ 0.4000 0.2000 0.4667 0.2667
D 0.4667 0.2000 0.5333 0.2667
~ 0.5333 0.2000 0.6000 0.2667
~ 0.6000 0.2000 0.6667 0.2667
~ 0.6667 0.2000 0.7333 0.2667
A 0.7333 0.2000 0.8000 0.2667
~ 0.8000 0.2000 0.8667 0.2667
T 0.8667 0.2000 0.9333 0.2667
E 0.9333 0.2000 1.0000 0.2667
~ 0.0000 0.2667 0.0667 0.3333
~ 0.0667 0.2667 0.1333 0.3333
E 0.1333 0.2667 0.2000 0.3333
A 0.2000 0.2667 0.2667 0.3333
T 0.2667 0.2667 0.3333 0.3333
~ 0.3333 0.2667 0.4000 0.3333
~ 0.4000 0.2667 0.4667 0.3333
~ 0.4667 0.2667 0.5333 0.3333
~ 0.5333 0.2667 0.6000 0.3333
A 0.6000 0.2667 0.6667 0.3333
M 0.6667 0.2667 0.7333 0.3333
I 0.7333 0.2667 0.8000 0.3333
~ 0.8000 0.2667 0.8667 0.3333
R 0.8667 0.2667 0.9333 0.3333
~ 0.9333 0.2667 1.0000 0.3333
~ 0.0000 0.3333 0.0667 0.4000
~ 0.0667 0.3333 0.1333 0.4000
T 0.1333 0.3333 0.2000 0.4000
I 0.2000 0.3333 0.2667 0.4000
~ 0.2667 0.3333 0.3333 0.4000
~ 0.3333 0.3333 0.4000 0.4000
L 0.4000 0.3333 0.4667 0.4000
~ 0.4667 0.3333 0.5333 0.4000
~ 0.5333 0.3333 0.6000 0.4000
W 0.6000 0.3333 0.6667 0.4000
E 0.6667 0.3333 0.7333 0.4000
~ 0.7333 0.3333 0.8000 0.4000
~ 0.8000 0.3333 0.8667 0.4000
A 0.8667 0.3333 0.9333 0.4000
L 0.9333 0.3333 1.0000 0.4000
~ 0.0000 0.4000 0.0667 0.4667
~ 0.0667 0.4000 0.1333 0.4667
L 0.1333 0.4000 0.2000 0.4667
~ 0.2000 0.4000 0.2667 0.4667
~ 0.2667 0.4000 0.3333 0.4667
~ 0.3333 0.4000 0.4000 0.4667
U 0.4000 0.4000 0.4667 0.4667
~ 0.4667 0.4000 0.5333 0.4667
P 0.5333 0.4000 0.6000 0.4667
E 0.6000 0.4000 0.6667 0.4667
G 0.6667 0.4000 0.7333 0.4667
~ 0.7333 0.4000 0.8000 0.4667
~ 0.8000 0.4000 0.8667 0.4667
N 0.8667 0.4000 0.9333 0.4667
O 0.9333 0.4000 1.0000 0.4667
~ 0.0000 0.4667 0.0667 0.5333
~ 0.0667 0.4667 0.1333 0.5333
I 0.1333 0.4667 0.2000 0.5333
~ 0.2000 0.4667 0.2667 0.5333
~ 0.2667 0.4667 0.3333 0.5333
~ 0.3333 0.4667 0.4000 0.5333
Z 0.4000 0.4667 0.4667 0.5333
O 0.4667 0.4667 0.5333 0.5333
A 0.5333 0.4667 0.6000 0.5333
~ 0.6000 0.4667 0.6667 0.5333
~ 0.6667 0.4667 0.7333 0.5333
~ 0.7333 0.4667 0.8000 0.5333
~ 0.8000 0.4667 0.8667 0.5333
S 0.8667 0.4667 0.9333 0.5333
O 0.9333 0.4667 1.0000 0.5333
~ 0.0000 0.5333 0.0667 0.6000
~ 0.0667 0.5333 0.1333 0.6000
N 0.1333 0.5333 0.2000 0.6000
~ 0.2000 0.5333 0.2667 0.6000
~ 0.2667 0.5333 0.3333 0.6000
~ 0.3333 0.5333 0.4000 0.6000
~ 0.4000 0.5333 0.4667 0.6000
~ 0.4667 0.5333 0.5333 0.6000
X 0.5333 0.5333 0.6000 0.6000
U 0.6000 0.5333 0.6667 0.6000
~ 0.6667 0.5333 0.7333 0.6000
~ 0.7333 0.5333 0.8000 0.6000
W 0.8000 0.5333 0.8667 0.6000
E 0.8667 0.5333 0.9333 0.6000
~ 0.9333 0.5333 1.0000 0.6000
~ 0.0000 0.6000 0.0667 0.6667
~ 0.0667 0.6000 0.1333 0.6667
E 0.1333 0.6000 0.2000 0.6667
~ 0.2000 0.6000 0.2667 0.6667
~ 0.2667 0.6000 0.3333 0.6667
~ 0.3333 0.6000 0.4000 0.6667
~ 0.4000 0.6000 0.4667 0.6667
~ 0.4667 0.6000 0.5333 0.6667
~ 0.5333 0.6000 0.6000 0.6667
N 0.6000 0.6000 0.6667 0.6667
~ 0.6667 0.6000 0.7333 0.6667
~ 0.7333 0.6000 0.8000 0.6667
E 0.8000 0.6000 0.8667 0.6667
S 0.8667 0.6000 0.9333 0.6667
~ 0.9333 0.6000 1.0000 0.6667
~ 0.0000 0.6667 0.0667 0.7333
G 0.0667 0.6667 0.1333 0.7333
R 0.1333 0.6667 0.2000 0.7333
A 0.2000 0.6667 0.2667 0.7333
F 0.2667 0.6667 0.3333 0.7333
T 0.3333 0.6667 0.4000 0.7333
~ 0.4000 0.6667 0.4667 0.7333
~ 0.4667 0.6667 0.5333 0.7333
~ 0.5333 0.6667 0.6000 0.7333
~ 0.6000 0.6667 0.6667 0.7333
~ 0.6667 0.6667 0.7333 0.7333
~ 0.7333 0.6667 0.8000 0.7333
B 0.8000 0.6667 0.8667 0.7333
~ 0.8667 0.6667 0.9333 0.7333
~ 0.9333 0.6667 1.0000 0.7333
~ 0.0000 0.7333 0.0667 0.8000
~ 0.0667 0.7333 0.1333 0.8000
~ 0.1333 0.7333 0.2000 0.8000
P 0.2000 0.7333 0.2667 0.8000
~ 0.2667 0.7333 0.3333 0.8000
I 0.3333 0.7333 0.4000 0.8000
N 0.4000 0.7333 0.4667 0.8000
C 0.4667 0.7333 0.5333 0.8000
H 0.5333 0.7333 0.6000 0.8000
O 0.6000 0.7333 0.6667 0.8000
~ 0.6667 0.7333 0.7333 0.8000
T 0.7333 0.7333 0.8000 0.8000
E 0.8000 0.7333 0.8667 0.8000
~ 0.8667 0.7333 0.9333 0.8000
~ 0.9333 0.7333 1.0000 0.8000
~ 0.0000 0.8000 0.0667 0.8667
~ 0.0667 0.8000 0.1333 0.8667
C 0.1333 0.8000 0.2000 0.8667
A 0.2000 0.8000 0.2667 0.8667
N 0.2667 0.8000 0.3333 0.8667
D 0.3333 0.8000 0.4000 0.8667
Y 0.4000 0.8000 0.4667 0.8667
~ 0.4667 0.8000 0.5333 0.8667
A 0.5333 0.8000 0.6000 0.8667
V 0.6000 0.8000 0.6667 0.8667
E 0.6667 0.8000 0.7333 0.8667
~ 0.7333 0.8000 0.8000 0.8667
R 0.8000 0.8000 0.8667 0.8667
~ 0.8667 0.8000 0.9333 0.8667
~ 0.9333 0.8000 1.0000 0.8667
~ 0.0000 0.8667 0.0667 0.9333
Q 0.0667 0.8667 0.1333 0.9333
~ 0.1333 0.8667 0.2000 0.9333
Y 0.2000 0.8667 0.2667 0.9333
~ 0.2667 0.8667 0.3333 0.9333
~ 0.3333 0.8667 0.4000 0.9333
~ 0.4000 0.8667 0.4667 0.9333
~ 0.4667 0.8667 0.5333 0.9333
~ 0.5333 0.8667 0.6000 0.9333
E 0.6000 0.8667 0.6667 0.9333
~ 0.6667 0.8667 0.7333 0.9333
~ 0.7333 0.8667 0.8000 0.9333
~ 0.8000 0.8667 0.8667 0.9333
~ 0.8667 0.8667 0.9333 0.9333
~ 0.9333 0.8667 1.0000 0.9333
R 0.0000 0.9333 0.0667 1.0000
I 0.0667 0.9333 0.1333 1.0000
N 0.1333 0.9333 0.2000 1.0000
S 0.2000 0.9333 0.2667 1.0000
~ 0.2667 0.9333 0.3333 1.0000
H 0.3333 0.9333 0.4000 1.0000
I 0.4000 0.9333 0.4667 1.0000
V 0.4667 0.9333 0.5333 1.0000
E 0.5333 0.9333 0.6000 1.0000
D 0.6000 0.9333 0.6667 1.0000
~ 0.6667 0.9333 0.7333 1.0000
~ 0.7333 0.9333 0.8000 1.0000
~ 0.8000 0.9333 0.8667 1.0000
~ 0.8667 0.9333 0.9333 1.0000
~ 0.9333 0.9333 1.0000 1.0000
