~ 0.0000 0.0000 0.0667 0.0667
~ 0.0667 0.0000 0.1333 0.0667
~ 0.1333 0.0000 0.2000 0.0667
~ 0.2000 0.0000 0.2667 0.0667
~ 0.2667 0.0000 0.3333 0.0667
~ 0.3333 0.0000 0.4000 0.0667
~ 0.4000 0.0000 0.4667 0.0667
~ 0.4667 0.0000 0.5333 0.0667
~ 0.5333 0.0000 0.6000 0.0667
T 0.6000 0.0000 0.6667 0.0667
~ 0.6667 0.0000 0.7333 0.0667
M 0.7333 0.0000 0.8000 0.0667
O 0.8000 0.0000 0.8667 0.0667
V 0.8667 0.0000 0.9333 0.0667
E 0.9333 0.0000 1.0000 0.0667
~ 0.0000 0.0667 0.0667 0.1333
~ 0.0667 0.0667 0.1333 0.1333
~ 0.1333 0.0667 0.2000 0.1333
~ 0.2000 0.0667 0.2667 0.1333
~ 0.2667 0.0667 0.3333 0.1333
~ 0.3333 0.0667 0.4000 0.1333
T 0.4000 0.0667 0.4667 0.1333
~ 0.4667 0.0667 0.5333 0.1333
~ 0.5333 0.0667 0.6000 0.1333
E 0.6000 0.0667 0.6667 0.1333
~ 0.6667 0.0667 0.7333 0.1333
O 0.7333 0.0667 0.8000 0.1333
~ 0.8000 0.0667 0.8667 0.1333
I 0.8667 0.0667 0.9333 0.1333
~ 0.9333 0.0667 1.0000 0.1333
~ 0.0000 0.1333 0.0667 0.2000
~ 0.0667 0.1333 0.1333 0.2000
A 0.1333 0.1333 0.2000 0.2000
~ 0.2000 0.1333 0.2667 0.2000
O 0.2667 0.1333 0.3333 0.2000
~ 0.3333 0.1333 0.4000 0.2000
E 0.4000 0.1333 0.4667 0.2000
~ 0.4667 0.1333 0.5333 0.2000
~ 0.5333 0.1333 0.6000 0.2000
N 0.6000 0.1333 0.6667 0.2000
~ 0.6667 0.1333 0.7333 0.2000
~ 0.7333 0.1333 0.8000 0.2000
~ 0.8000 0.1333 0.8667 0.2000
R 0.8667 0.1333 0.9333 0.2000
~ 0.9333 0.1333 1.0000 0.2000
F 0.0000 0.2000 0.0667 0.2667
I 0.0667 0.2000 0.1333 0.2667
V 0.1333 0.2000 0.2000 0.2667
E 0.2000 0.2000 0.2667 0.2667
R 0.2667 0.2000 0.3333 0.2667
~ 0.3333 0.2000 0.4000 0.2667
N 0.4000 0.2000 0.4667 0.2667
~ 0.4667 0.2000 0.5333 0.2667
~ 0.5333 0.2000 0.6000 0.2667
D 0.6000 0.2000 0.6667 0.2667
A 0.6667 0.2000 0.7333 0.2667
G 0.7333 0.2000 0.8000 0.2667
~ 0.8000 0.2000 0.8667 0.2667
L 0.8667 0.2000 0.9333 0.2667
~ 0.9333 0.2000 1.0000 0.2667
L 0.0000 0.2667 0.0667 0.3333
~ 0.0667 0.2667 0.1333 0.3333
E 0.1333 0.2667 0.2000 0.3333
~ 0.2000 0.2667 0.2667 0.3333
B 0.2667 0.2667 0.3333 0.3333
~ 0.3333 0.2667 0.4000 0.3333
T 0.4000 0.2667 0.4667 0.3333
~ 0.4667 0.2667 0.5333 0.3333
~ 0.5333 0.2667 0.6000 0.3333
~ 0.6000 0.2667 0.6667 0.3333
X 0.6667 0.2667 0.7333 0.3333
U 0.7333 0.2667 0.8000 0.3333
~ 0.8000 0.2667 0.8667 0.3333
~ 0.8667 0.2667 0.9333 0.3333
~ 0.9333 0.2667 1.0000 0.3333
A 0.0000 0.3333 0.0667 0.4000
~ 0.0667 0.3333 0.1333 0.4000
R 0.1333 0.3333 0.2000 0.4000
~ 0.2000 0.3333 0.2667 0.4000
~ 0.2667 0.3333 0.3333 0.4000
I 0.3333 0.3333 0.4000 0.4000
S 0.4000 0.3333 0.4667 0.4000
~ 0.4667 0.3333 0.5333 0.4000
~ 0.5333 0.3333 0.6000 0.4000
~ 0.6000 0.3333 0.6667 0.4000
~ 0.6667 0.3333 0.7333 0.4000
E 0.7333 0.3333 0.8000 0.4000
~ 0.8000 0.3333 0.8667 0.4000
~ 0.8667 0.3333 0.9333 0.4000
~ 0.9333 0.3333 1.0000 0.4000
K 0.0000 0.4000 0.0667 0.4667
~ 0.0667 0.4000 0.1333 0.4667
A 0.1333 0.4000 0.2000 0.4667
~ 0.2000 0.4000 0.2667 0.4667
~ 0.2667 0.4000 0.3333 0.4667
N 0.3333 0.4000 0.4000 0.4667
~ 0.4000 0.4000 0.4667 0.4667
G 0.4667 0.4000 0.5333 0.4667
O 0.5333 0.4000 0.6000 0.4667
R 0.6000 0.4000 0.6667 0.4667
P 0.6667 0.4000 0.7333 0.4667
~ 0.7333 0.4000 0.8000 0.4667
~ 0.8000 0.4000 0.8667 0.4667
~ 0.8667 0.4000 0.9333 0.4667
~ 0.9333 0.4000 1.0000 0.4667
E 0.0000 0.4667 0.0667 0.5333
~ 0.0667 0.4667 0.1333 0.5333
G 0.1333 0.4667 0.2000 0.5333
~ 0.2000 0.4667 0.2667 0.5333
~ 0.2667 0.4667 0.3333 0.5333
S 0.3333 0.4667 0.4000 0.5333
C 0.4000 0.4667 0.4667 0.5333
O 0.4667 0.4667 0.5333 0.5333
W 0.5333 0.4667 0.6000 0.5333
~ 0.6000 0.4667 0.6667 0.5333
I 0.6667 0.4667 0.7333 0.5333
~ 0.7333 0.4667 0.8000 0.5333
S 0.8000 0.4667 0.8667 0.5333
U 0.8667 0.4667 0.9333 0.5333
Q 0.9333 0.4667 1.0000 0.5333
~ 0.0000 0.5333 0.0667 0.6000
~ 0.0667 0.5333 0.1333 0.6000
E 0.1333 0.5333 0.2000 0.6000
R 0.2000 0.5333 0.2667 0.6000
~ 0.2667 0.5333 0.3333 0.6000
I 0.3333 0.5333 0.4000 0.6000
~ 0.4000 0.5333 0.4667 0.6000
~ 0.4667 0.5333 0.5333 0.6000
~ 0.5333 0.5333 0.6000 0.6000
~ 0.6000 0.5333 0.6667 0.6000
L 0.6667 0.5333 0.7333 0.6000
O 0.7333 0.5333 0.8000 0.6000
P 0.8000 0.5333 0.8667 0.6000
~ 0.8667 0.5333 0.9333 0.6000
~ 0.9333 0.5333 1.0000 0.6000
~ 0.0000 0.6000 0.0667 0.6667
~ 0.0667 0.6000 0.1333 0.6667
~ 0.1333 0.6000 0.2000 0.6667
U 0.2000 0.6000 0.2667 0.6667
~ 0.2667 0.6000 0.3333 0.6667
D 0.3333 0.6000 0.4000 0.6667
~ 0.4000 0.6000 0.4667 0.6667
~ 0.4667 0.6000 0.5333 0.6667
~ 0.5333 0.6000 0.6000 0.6667
~ 0.6000 0.6000 0.6667 0.6667
A 0.6667 0.6000 0.7333 0.6667
L 0.7333 0.6000 0.8000 0.6667
E 0.8000 0.6000 0.8667 0.6667
~ 0.8667 0.6000 0.9333 0.6667
~ 0.9333 0.6000 1.0000 0.6667
~ 0.0000 0.6667 0.0667 0.7333
~ 0.0667 0.6667 0.1333 0.7333
~ 0.1333 0.6667 0.2000 0.7333
S 0.2000 0.6667 0.2667 0.7333
H 0.2667 0.6667 0.3333 0.7333
E 0.3333 0.6667 0.4000 0.7333
~ 0.4000 0.6667 0.4667 0.7333
~ 0.4667 0.6667 0.5333 0.7333
~ 0.5333 0.6667 0.6000 0.7333
~ 0.6000 0.6667 0.6667 0.7333
F 0.6667 0.6667 0.7333 0.7333
E 0.7333 0.6667 0.8000 0.7333
N 0.8000 0.6667 0.8667 0.7333
~ 0.8667 0.6667 0.9333 0.7333
M 0.9333 0.6667 1.0000 0.7333
~ 0.0000 0.7333 0.0667 0.8000
~ 0.0667 0.7333 0.1333 0.8000
~ 0.1333 0.7333 0.2000 0.8000
T 0.2000 0.7333 0.2667 0.8000
A 0.2667 0.7333 0.3333 0.8000
R 0.3333 0.7333 0.4000 0.8000
T 0.4000 0.7333 0.4667 0.8000
Y 0.4667 0.7333 0.5333 0.8000
~ 0.5333 0.7333 0.6000 0.8000
~ 0.6000 0.7333 0.6667 0.8000
~ 0.6667 0.7333 0.7333 0.8000
O 0.7333 0.7333 0.8000 0.8000
D 0.8000 0.7333 0.8667 0.8000
~ 0.8667 0.7333 0.9333 0.8000
A 0.9333 0.7333 1.0000 0.8000
~ 0.0000 0.8000 0.0667 0.8667
~ 0.0667 0.8000 0.1333 0.8667
~ 0.1333 0.8000 0.2000 0.8667
~ 0.2000 0.8000 0.2667 0.8667
J 0.2667 0.8000 0.3333 0.8667
~ 0.3333 0.8000 0.4000 0.8667
~ 0.4000 0.8000 0.4667 0.8667
U 0.4667 0.8000 0.5333 0.8667
~ 0.5333 0.8000 0.6000 0.8667
~ 0.6000 0.8000 0.6667 0.8667
~ 0.6667 0.8000 0.7333 0.8667
~ 0.7333 0.8000 0.8000 0.8667
Y 0.8000 0.8000 0.8667 0.8667
I 0.8667 0.8000 0.9333 0.8667
N 0.9333 0.8000 1.0000 0.8667
~ 0.0000 0.8667 0.0667 0.9333
B 0.0667 0.8667 0.1333 0.9333
A 0.1333 0.8667 0.2000 0.9333
N 0.2000 0.8667 0.2667 0.9333
I 0.2667 0.8667 0.3333 0.9333
~ 0.3333 0.8667 0.4000 0.9333
~ 0.4000 0.8667 0.4667 0.9333
C 0.4667 0.8667 0.5333 0.9333
O 0.5333 0.8667 0.6000 0.9333
Z 0.6000 0.8667 0.6667 0.9333
~ 0.6667 0.8667 0.7333 0.9333
~ 0.7333 0.8667 0.8000 0.9333
~ 0.8000 0.8667 0.8667 0.9333
~ 0.8667 0.8667 0.9333 0.9333
I 0.9333 0.8667 1.0000 0.9333
W 0.0000 0.9333 0.0667 1.0000
I 0.0667 0.9333 0.1333 1.0000
D 0.1333 0.9333 0.2000 1.0000
E 0.2000 0.9333 0.2667 1.0000
~ 0.2667 0.9333 0.3333 1.0000
~ 0.3333 0.9333 0.4000 1.0000
~ 0.4000 0.9333 0.4667 1.0000
H 0.4667 0.9333 0.5333 1.0000
~ 0.5333 0.9333 0.6000 1.0000
~ 0.6000 0.9333 0.6667 1.0000
~ 0.6667 0.9333 0.7333 1.0000
~ 0.7333 0.9333 0.8000 1.0000
~ 0.8000 0.9333 0.8667 1.0000
~ 0.8667 0.9333 0.9333 1.0000
A 0.9333 0.9333 1.0000 1.0000
