~ 0.0000 0.0000 0.0667 0.0667
~ 0.0667 0.0000 0.1333 0.0667
~ 0.1333 0.0000 0.2000 0.0667
~ 0.2000 0.0000 0.2667 0.0667
~ 0.2667 0.0000 0.3333 0.0667
A 0.3333 0.0000 0.4000 0.0667
E 0.4000 0.0000 0.4667 0.0667
R 0.4667 0.0000 0.5333 0.0667
I 0.5333 0.0000 0.6000 0.0667
E 0.6000 0.0000 0.6667 0.0667
~ 0.6667 0.0000 0.7333 0.0667
~ 0.7333 0.0000 0.8000 0.0667
~ 0.8000 0.0000 0.8667 0.0667
~ 0.8667 0.0000 0.9333 0.0667
W 0.9333 0.0000 1.0000 0.0667
~ 0.0000 0.0667 0.0667 0.1333
~ 0.0667 0.0667 0.1333 0.1333
~ 0.1333 0.0667 0.2000 0.1333
B 0.2000 0.0667 0.2667 0.1333
~ 0.2667 0.0667 0.3333 0.1333
~ 0.3333 0.0667 0.4000 0.1333
~ 0.4000 0.0667 0.4667 0.1333
~ 0.4667 0.0667 0.5333 0.1333
~ 0.5333 0.0667 0.6000 0.1333
D 0.6000 0.0667 0.6667 0.1333
I 0.6667 0.0667 0.7333 0.1333
F 0.7333 0.0667 0.8000 0.1333
F 0.8000 0.0667 0.8667 0.1333
E 0.8667 0.0667 0.9333 0.1333
R 0.9333 0.0667 1.0000 0.1333
~ 0.0000 0.1333 0.0667 0.2000
~ 0.0667 0.1333 0.1333 0.2000
B 0.1333 0.1333 0.2000 0.2000
I 0.2000 0.1333 0.2667 0.2000
O 0.2667 0.1333 0.3333 0.2000
T 0.3333 0.1333 0.4000 0.2000
A 0.4000 0.1333 0.4667 0.2000
~ 0.4667 0.1333 0.5333 0.2000
~ 0.5333 0.1333 0.6000 0.2000
~ 0.6000 0.1333 0.6667 0.2000
~ 0.6667 0.1333 0.7333 0.2000
~ 0.7333 0.1333 0.8000 0.2000
U 0.8000 0.1333 0.8667 0.2000
~ 0.8667 0.1333 0.9333 0.2000
U 0.9333 0.1333 1.0000 0.2000
~ 0.0000 0.2000 0.0667 0.2667
~ 0.0667 0.2000 0.1333 0.2667
~ 0.1333 0.2000 0.2000 0.2667
R 0.2000 0.2000 0.2667 0.2667
~ 0.2667 0.2000 0.3333 0.2667
~ 0.3333 0.2000 0.4000 0.2667
D 0.4000 0.2000 0.4667 0.2667
E 0.4667 0.2000 0.5333 0.2667
T 0.5333 0.2000 0.6000 0.2667
I 0.6000 0.2000 0.6667 0.2667
C 0.6667 0.2000 0.7333 0.2667
K 0.7333 0.2000 0.8000 0.2667
S 0.8000 0.2000 0.8667 0.2667
~ 0.8667 0.2000 0.9333 0.2667
N 0.9333 0.2000 1.0000 0.2667
~ 0.0000 0.2667 0.0667 0.3333
~ 0.0667 0.2667 0.1333 0.3333
E 0.1333 0.2667 0.2000 0.3333
C 0.2000 0.2667 0.2667 0.3333
R 0.2667 0.2667 0.3333 0.3333
U 0.3333 0.2667 0.4000 0.3333
~ 0.4000 0.2667 0.4667 0.3333
~ 0.4667 0.2667 0.5333 0.3333
~ 0.5333 0.2667 0.6000 0.3333
~ 0.6000 0.2667 0.6667 0.3333
A 0.6667 0.2667 0.7333 0.3333
~ 0.7333 0.2667 0.8000 0.3333
I 0.8000 0.2667 0.8667 0.3333
~ 0.8667 0.2667 0.9333 0.3333
G 0.9333 0.2667 1.0000 0.3333
~ 0.0000 0.3333 0.0667 0.4000
~ 0.0667 0.3333 0.1333 0.4000
~ 0.1333 0.3333 0.2000 0.4000
H 0.2000 0.3333 0.2667 0.4000
~ 0.2667 0.3333 0.3333 0.4000
~ 0.3333 0.3333 0.4000 0.4000
~ 0.4000 0.3333 0.4667 0.4000
~ 0.4667 0.3333 0.5333 0.4000
M 0.5333 0.3333 0.6000 0.4000
~ 0.6000 0.3333 0.6667 0.4000
R 0.6667 0.3333 0.7333 0.4000
A 0.7333 0.3333 0.8000 0.4000
L 0.8000 0.3333 0.8667 0.4000
~ 0.8667 0.3333 0.9333 0.4000
~ 0.9333 0.3333 1.0000 0.4000
~ 0.0000 0.4000 0.0667 0.4667
~ 0.0667 0.4000 0.1333 0.4667
~ 0.1333 0.4000 0.2000 0.4667
~ 0.2000 0.4000 0.2667 0.4667
~ 0.2667 0.4000 0.3333 0.4667
P 0.3333 0.4000 0.4000 0.4667
~ 0.4000 0.4000 0.4667 0.4667
N 0.4667 0.4000 0.5333 0.4667
O 0.5333 0.4000 0.6000 0.4667
P 0.6000 0.4000 0.6667 0.4667
~ 0.6667 0.4000 0.7333 0.4667
Y 0.7333 0.4000 0.8000 0.4667
~ 0.8000 0.4000 0.8667 0.4667
~ 0.8667 0.4000 0.9333 0.4667
~ 0.9333 0.4000 1.0000 0.4667
~ 0.0000 0.4667 0.0667 0.5333
~ 0.0667 0.4667 0.1333 0.5333
~ 0.1333 0.4667 0.2000 0.5333
~ 0.2000 0.4667 0.2667 0.5333
~ 0.2667 0.4667 0.3333 0.5333
E 0.3333 0.4667 0.4000 0.5333
X 0.4000 0.4667 0.4667 0.5333
A 0.4667 0.4667 0.5333 0.5333
M 0.5333 0.4667 0.6000 0.5333
~ 0.6000 0.4667 0.6667 0.5333
~ 0.6667 0.4667 0.7333 0.5333
~ 0.7333 0.4667 0.8000 0.5333
D 0.8000 0.4667 0.8667 0.5333
~ 0.8667 0.4667 0.9333 0.5333
~ 0.9333 0.4667 1.0000 0.5333
~ 0.0000 0.5333 0.0667 0.6000
~ 0.0667 0.5333 0.1333 0.6000
~ 0.1333 0.5333 0.2000 0.6000
~ 0.2000 0.5333 0.2667 0.6000
T 0.2667 0.5333 0.3333 0.6000
H 0.3333 0.5333 0.4000 0.6000
E 0.4000 0.5333 0.4667 0.6000
Y 0.4667 0.5333 0.5333 0.6000
~ 0.5333 0.5333 0.6000 0.6000
~ 0.6000 0.5333 0.6667 0.6000
N 0.6667 0.5333 0.7333 0.6000
~ 0.7333 0.5333 0.8000 0.6000
W 0.8000 0.5333 0.8667 0.6000
~ 0.8667 0.5333 0.9333 0.6000
~ 0.9333 0.5333 1.0000 0.6000
~ 0.0000 0.6000 0.0667 0.6667
~ 0.0667 0.6000 0.1333 0.6667
~ 0.1333 0.6000 0.2000 0.6667
~ 0.2000 0.6000 0.2667 0.6667
O 0.2667 0.6000 0.3333 0.6667
~ 0.3333 0.6000 0.4000 0.6667
~ 0.4000 0.6000 0.4667 0.6667
~ 0.4667 0.6000 0.5333 0.6667
~ 0.5333 0.6000 0.6000 0.6667
~ 0.6000 0.6000 0.6667 0.6667
G 0.6667 0.6000 0.7333 0.6667
E 0.7333 0.6000 0.8000 0.6667
E 0.8000 0.6000 0.8667 0.6667
Z 0.8667 0.6000 0.9333 0.6667
~ 0.9333 0.6000 1.0000 0.6667
~ 0.0000 0.6667 0.0667 0.7333
~ 0.0667 0.6667 0.1333 0.7333
~ 0.1333 0.6667 0.2000 0.7333
~ 0.2000 0.6667 0.2667 0.7333
E 0.2667 0.6667 0.3333 0.7333
~ 0.3333 0.6667 0.4000 0.7333
~ 0.4000 0.6667 0.4667 0.7333
~ 0.4667 0.6667 0.5333 0.7333
~ 0.5333 0.6667 0.6000 0.7333
~ 0.6000 0.6667 0.6667 0.7333
S 0.6667 0.6667 0.7333 0.7333
~ 0.7333 0.6667 0.8000 0.7333
L 0.8000 0.6667 0.8667 0.7333
~ 0.8667 0.6667 0.9333 0.7333
A 0.9333 0.6667 1.0000 0.7333
~ 0.0000 0.7333 0.0667 0.8000
~ 0.0667 0.7333 0.1333 0.8000
~ 0.1333 0.7333 0.2000 0.8000
Q 0.2000 0.7333 0.2667 0.8000
A 0.2667 0.7333 0.3333 0.8000
T 0.3333 0.7333 0.4000 0.8000
~ 0.4000 0.7333 0.4667 0.8000
~ 0.4667 0.7333 0.5333 0.8000
~ 0.5333 0.7333 0.6000 0.8000
~ 0.6000 0.7333 0.6667 0.8000
~ 0.6667 0.7333 0.7333 0.8000
A 0.7333 0.7333 0.8000 0.8000
L 0.8000 0.7333 0.8667 0.8000
A 0.8667 0.7333 0.9333 0.8000
N 0.9333 0.7333 1.0000 0.8000
~ 0.0000 0.8000 0.0667 0.8667
~ 0.0667 0.8000 0.1333 0.8667
D 0.1333 0.8000 0.2000 0.8667
I 0.2000 0.8000 0.2667 0.8667
S 0.2667 0.8000 0.3333 0.8667
~ 0.3333 0.8000 0.4000 0.8667
~ 0.4000 0.8000 0.4667 0.8667
~ 0.4667 0.8000 0.5333 0.8667
J 0.5333 0.8000 0.6000 0.8667
I 0.6000 0.8000 0.6667 0.8667
N 0.6667 0.8000 0.7333 0.8667
N 0.7333 0.8000 0.8000 0.8667
S 0.8000 0.8000 0.8667 0.8667
~ 0.8667 0.8000 0.9333 0.8667
O 0.9333 0.8000 1.0000 0.8667
~ 0.0000 0.8667 0.0667 0.9333
~ 0.0667 0.8667 0.1333 0.9333
~ 0.1333 0.8667 0.2000 0.9333
~ 0.2000 0.8667 0.2667 0.9333
~ 0.2667 0.8667 0.3333 0.9333
~ 0.3333 0.8667 0.4000 0.9333
~ 0.4000 0.8667 0.4667 0.9333
V 0.4667 0.8667 0.5333 0.9333
O 0.5333 0.8667 0.6000 0.9333
T 0.6000 0.8667 0.6667 0.9333
E 0.6667 0.8667 0.7333 0.9333
~ 0.7333 0.8667 0.8000 0.9333
~ 0.8000 0.8667 0.8667 0.9333
~ 0.8667 0.8667 0.9333 0.9333
L 0.9333 0.8667 1.0000 0.9333
~ 0.0000 0.9333 0.0667 1.0000
~ 0.0667 0.9333 0.1333 1.0000
~ 0.1333 0.9333 0.2000 1.0000
~ 0.2000 0.9333 0.2667 1.0000
~ 0.2667 0.9333 0.3333 1.0000
~ 0.3333 0.9333 0.4000 1.0000
~ 0.4000 0.9333 0.4667 1.0000
~ 0.4667 0.9333 0.5333 1.0000
~ 0.5333 0.9333 0.6000 1.0000
~ 0.6000 0.9333 0.6667 1.0000
T 0.6667 0.9333 0.7333 1.0000
R 0.7333 0.9333 0.8000 1.0000
O 0.8000 0.9333 0.8667 1.0000
V 0.8667 0.9333 0.9333 1.0000
E 0.9333 0.9333 1.0000 1.0000
