~ 0.0000 0.0000 0.0667 0.0667
~ 0.0667 0.0000 0.1333 0.0667
~ 0.1333 0.0000 0.2000 0.0667
~ 0.2000 0.0000 0.2667 0.0667
~ 0.2667 0.0000 0.3333 0.0667
~ 0.3333 0.0000 0.4000 0.0667
~ 0.4000 0.0000 0.4667 0.0667
~ 0.4667 0.0000 0.5333 0.0667
~ 0.5333 0.0000 0.6000 0.0667
~ 0.6000 0.0000 0.6667 0.0667
~ 0.6667 0.0000 0.7333 0.0667
~ 0.7333 0.0000 0.8000 0.0667
B 0.8000 0.0000 0.8667 0.0667
I 0.8667 0.0000 0.9333 0.0667
D 0.9333 0.0000 1.0000 0.0667
~ 0.0000 0.0667 0.0667 0.1333
~ 0.0667 0.0667 0.1333 0.1333
~ 0.1333 0.0667 0.2000 0.1333
~ 0.2000 0.0667 0.2667 0.1333
~ 0.2667 0.0667 0.3333 0.1333
~ 0.3333 0.0667 0.4000 0.1333
~ 0.4000 0.0667 0.4667 0.1333
~ 0.4667 0.0667 0.5333 0.1333
~ 0.5333 0.0667 0.6000 0.1333
F 0.6000 0.0667 0.6667 0.1333
L 0.6667 0.0667 0.7333 0.1333
I 0.7333 0.0667 0.8000 0.1333
E 0.8000 0.0667 0.8667 0.1333
S 0.8667 0.0667 0.9333 0.1333
~ 0.9333 0.0667 1.0000 0.1333
~ 0.0000 0.1333 0.0667 0.2000
~ 0.0667 0.1333 0.1333 0.2000
A 0.1333 0.1333 0.2000 0.2000
B 0.2000 0.1333 0.2667 0.2000
O 0.2667 0.1333 0.3333 0.2000
~ 0.3333 0.1333 0.4000 0.2000
~ 0.4000 0.1333 0.4667 0.2000
~ 0.4667 0.1333 0.5333 0.2000
Q 0.5333 0.1333 0.6000 0.2000
A 0.6000 0.1333 0.6667 0.2000
I 0.6667 0.1333 0.7333 0.2000
D 0.7333 0.1333 0.8000 0.2000
S 0.8000 0.1333 0.8667 0.2000
~ 0.8667 0.1333 0.9333 0.2000
~ 0.9333 0.1333 1.0000 0.2000
~ 0.0000 0.2000 0.0667 0.2667
~ 0.0667 0.2000 0.1333 0.2667
~ 0.1333 0.2000 0.2000 0.2667
R 0.2000 0.2000 0.2667 0.2667
~ 0.2667 0.2000 0.3333 0.2667
~ 0.3333 0.2000 0.4000 0.2667
~ 0.4000 0.2000 0.4667 0.2667
P 0.4667 0.2000 0.5333 0.2667
U 0.5333 0.2000 0.6000 0.2667
N 0.6000 0.2000 0.6667 0.2667
~ 0.6667 0.2000 0.7333 0.2667
~ 0.7333 0.2000 0.8000 0.2667
~ 0.8000 0.2000 0.8667 0.2667
~ 0.8667 0.2000 0.9333 0.2667
~ 0.9333 0.2000 1.0000 0.2667
~ 0.0000 0.2667 0.0667 0.3333
G 0.0667 0.2667 0.1333 0.3333
R 0.1333 0.2667 0.2000 0.3333
I 0.2000 0.2667 0.2667 0.3333
N 0.2667 0.2667 0.3333 0.3333
~ 0.3333 0.2667 0.4000 0.3333
~ 0.4000 0.2667 0.4667 0.3333
~ 0.4667 0.2667 0.5333 0.3333
I 0.5333 0.2667 0.6000 0.3333
~ 0.6000 0.2667 0.6667 0.3333
J 0.6667 0.2667 0.7333 0.3333
~ 0.7333 0.2667 0.8000 0.3333
~ 0.8000 0.2667 0.8667 0.3333
~ 0.8667 0.2667 0.9333 0.3333
~ 0.9333 0.2667 1.0000 0.3333
~ 0.0000 0.3333 0.0667 0.4000
~ 0.0667 0.3333 0.1333 0.4000
~ 0.1333 0.3333 0.2000 0.4000
A 0.2000 0.3333 0.2667 0.4000
U 0.2667 0.3333 0.3333 0.4000
G 0.3333 0.3333 0.4000 0.4000
I 0.4000 0.3333 0.4667 0.4000
T 0.4667 0.3333 0.5333 0.4000
E 0.5333 0.3333 0.6000 0.4000
~ 0.6000 0.3333 0.6667 0.4000
U 0.6667 0.3333 0.7333 0.4000
~ 0.7333 0.3333 0.8000 0.4000
~ 0.8000 0.3333 0.8667 0.4000
~ 0.8667 0.3333 0.9333 0.4000
~ 0.9333 0.3333 1.0000 0.4000
~ 0.0000 0.4000 0.0667 0.4667
~ 0.0667 0.4000 0.1333 0.4667
~ 0.1333 0.4000 0.2000 0.4667
R 0.2000 0.4000 0.2667 0.4667
~ 0.2667 0.4000 0.3333 0.4667
~ 0.3333 0.4000 0.4000 0.4667
~ 0.4000 0.4000 0.4667 0.4667
~ 0.4667 0.4000 0.5333 0.4667
T 0.5333 0.4000 0.6000 0.4667
U 0.6000 0.4000 0.6667 0.4667
G 0.6667 0.4000 0.7333 0.4667
~ 0.7333 0.4000 0.8000 0.4667
~ 0.8000 0.4000 0.8667 0.4667
~ 0.8667 0.4000 0.9333 0.4667
~ 0.9333 0.4000 1.0000 0.4667
~ 0.0000 0.4667 0.0667 0.5333
~ 0.0667 0.4667 0.1333 0.5333
~ 0.1333 0.4667 0.2000 0.5333
Y 0.2000 0.4667 0.2667 0.5333
O 0.2667 0.4667 0.3333 0.5333
W 0.3333 0.4667 0.4000 0.5333
I 0.4000 0.4667 0.4667 0.5333
E 0.4667 0.4667 0.5333 0.5333
~ 0.5333 0.4667 0.6000 0.5333
~ 0.6000 0.4667 0.6667 0.5333
A 0.6667 0.4667 0.7333 0.5333
V 0.7333 0.4667 0.8000 0.5333
A 0.8000 0.4667 0.8667 0.5333
~ 0.8667 0.4667 0.9333 0.5333
L 0.9333 0.4667 1.0000 0.5333
~ 0.0000 0.5333 0.0667 0.6000
~ 0.0667 0.5333 0.1333 0.6000
~ 0.1333 0.5333 0.2000 0.6000
~ 0.2000 0.5333 0.2667 0.6000
W 0.2667 0.5333 0.3333 0.6000
E 0.3333 0.5333 0.4000 0.6000
T 0.4000 0.5333 0.4667 0.6000
~ 0.4667 0.5333 0.5333 0.6000
~ 0.5333 0.5333 0.6000 0.6000
~ 0.6000 0.5333 0.6667 0.6000
~ 0.6667 0.5333 0.7333 0.6000
~ 0.7333 0.5333 0.8000 0.6000
~ 0.8000 0.5333 0.8667 0.6000
N 0.8667 0.5333 0.9333 0.6000
~ 0.9333 0.5333 1.0000 0.6000
~ 0.0000 0.6000 0.0667 0.6667
H 0.0667 0.6000 0.1333 0.6667
A 0.1333 0.6000 0.2000 0.6667
T 0.2000 0.6000 0.2667 0.6667
E 0.2667 0.6000 0.3333 0.6667
D 0.3333 0.6000 0.4000 0.6667
~ 0.4000 0.6000 0.4667 0.6667
~ 0.4667 0.6000 0.5333 0.6667
~ 0.5333 0.6000 0.6000 0.6667
~ 0.6000 0.6000 0.6667 0.6667
V 0.6667 0.6000 0.7333 0.6667
~ 0.7333 0.6000 0.8000 0.6667
~ 0.8000 0.6000 0.8667 0.6667
F 0.8667 0.6000 0.9333 0.6667
~ 0.9333 0.6000 1.0000 0.6667
~ 0.0000 0.6667 0.0667 0.7333
A 0.0667 0.6667 0.1333 0.7333
~ 0.1333 0.6667 0.2000 0.7333
~ 0.2000 0.6667 0.2667 0.7333
~ 0.2667 0.6667 0.3333 0.7333
~ 0.3333 0.6667 0.4000 0.7333
~ 0.4000 0.6667 0.4667 0.7333
~ 0.4667 0.6667 0.5333 0.7333
~ 0.5333 0.6667 0.6000 0.7333
~ 0.6000 0.6667 0.6667 0.7333
I 0.6667 0.6667 0.7333 0.7333
~ 0.7333 0.6667 0.8000 0.7333
~ 0.8000 0.6667 0.8667 0.7333
A 0.8667 0.6667 0.9333 0.7333
~ 0.9333 0.6667 1.0000 0.7333
~ 0.0000 0.7333 0.0667 0.8000
Z 0.0667 0.7333 0.1333 0.8000
O 0.1333 0.7333 0.2000 0.8000
O 0.2000 0.7333 0.2667 0.8000
E 0.2667 0.7333 0.3333 0.8000
Y 0.3333 0.7333 0.4000 0.8000
~ 0.4000 0.7333 0.4667 0.8000
K 0.4667 0.7333 0.5333 0.8000
~ 0.5333 0.7333 0.6000 0.8000
~ 0.6000 0.7333 0.6667 0.8000
M 0.6667 0.7333 0.7333 0.8000
~ 0.7333 0.7333 0.8000 0.8000
E 0.8000 0.7333 0.8667 0.8000
N 0.8667 0.7333 0.9333 0.8000
~ 0.9333 0.7333 1.0000 0.8000
H 0.0000 0.8000 0.0667 0.8667
E 0.0667 0.8000 0.1333 0.8667
X 0.1333 0.8000 0.2000 0.8667
~ 0.2000 0.8000 0.2667 0.8667
L 0.2667 0.8000 0.3333 0.8667
O 0.3333 0.8000 0.4000 0.8667
R 0.4000 0.8000 0.4667 0.8667
I 0.4667 0.8000 0.5333 0.8667
C 0.5333 0.8000 0.6000 0.8667
A 0.6000 0.8000 0.6667 0.8667
E 0.6667 0.8000 0.7333 0.8667
~ 0.7333 0.8000 0.8000 0.8667
~ 0.8000 0.8000 0.8667 0.8667
T 0.8667 0.8000 0.9333 0.8667
~ 0.9333 0.8000 1.0000 0.8667
O 0.0000 0.8667 0.0667 0.9333
S 0.0667 0.8667 0.1333 0.9333
~ 0.1333 0.8667 0.2000 0.9333
~ 0.2000 0.8667 0.2667 0.9333
~ 0.2667 0.8667 0.3333 0.9333
~ 0.3333 0.8667 0.4000 0.9333
~ 0.4000 0.8667 0.4667 0.9333
L 0.4667 0.8667 0.5333 0.9333
~ 0.5333 0.8667 0.6000 0.9333
~ 0.6000 0.8667 0.6667 0.9333
N 0.6667 0.8667 0.7333 0.9333
~ 0.7333 0.8667 0.8000 0.9333
~ 0.8000 0.8667 0.8667 0.9333
E 0.8667 0.8667 0.9333 0.9333
M 0.9333 0.8667 1.0000 0.9333
P 0.0000 0.9333 0.0667 1.0000
~ 0.0667 0.9333 0.1333 1.0000
~ 0.1333 0.9333 0.2000 1.0000
C 0.2000 0.9333 0.2667 1.0000
R 0.2667 0.9333 0.3333 1.0000
O 0.3333 0.9333 0.4000 1.0000
O 0.4000 0.9333 0.4667 1.0000
N 0.4667 0.9333 0.5333 1.0000
E 0.5333 0.9333 0.6000 1.0000
R 0.6000 0.9333 0.6667 1.0000
~ 0.6667 0.9333 0.7333 1.0000
~ 0.7333 0.9333 0.8000 1.0000
~ 0.8000 0.9333 0.8667 1.0000
E 0.8667 0.9333 0.9333 1.0000
E 0.9333 0.9333 1.0000 1.0000
