P 0.0000 0.0000 0.0667 0.0667
O 0.0667 0.0000 0.1333 0.0667
D 0.1333 0.0000 0.2000 0.0667
~ 0.2000 0.0000 0.2667 0.0667
~ 0.2667 0.0000 0.3333 0.0667
~ 0.3333 0.0000 0.4000 0.0667
~ 0.4000 0.0000 0.4667 0.0667
W 0.4667 0.0000 0.5333 0.0667
~ 0.5333 0.0000 0.6000 0.0667
~ 0.6000 0.0000 0.6667 0.0667
~ 0.6667 0.0000 0.7333 0.0667
~ 0.7333 0.0000 0.8000 0.0667
G 0.8000 0.0000 0.8667 0.0667
O 0.8667 0.0000 0.9333 0.0667
A 0.9333 0.0000 1.0000 0.0667
~ 0.0000 0.0667 0.0667 0.1333
R 0.0667 0.0667 0.1333 0.1333
O 0.1333 0.0667 0.2000 0.1333
Q 0.2000 0.0667 0.2667 0.1333
U 0.2667 0.0667 0.3333 0.1333
E 0.3333 0.0667 0.4000 0.1333
~ 0.4000 0.0667 0.4667 0.1333
I 0.4667 0.0667 0.5333 0.1333
~ 0.5333 0.0667 0.6000 0.1333
J 0.6000 0.0667 0.6667 0.1333
~ 0.6667 0.0667 0.7333 0.1333
T 0.7333 0.0667 0.8000 0.1333
U 0.8000 0.0667 0.8667 0.1333
X 0.8667 0.0667 0.9333 0.1333
~ 0.9333 0.0667 1.0000 0.1333
~ 0.0000 0.1333 0.0667 0.2000
E 0.0667 0.1333 0.1333 0.2000
N 0.1333 0.1333 0.2000 0.2000
~ 0.2000 0.1333 0.2667 0.2000
~ 0.2667 0.1333 0.3333 0.2000
R 0.3333 0.1333 0.4000 0.2000
E 0.4000 0.1333 0.4667 0.2000
T 0.4667 0.1333 0.5333 0.2000
R 0.5333 0.1333 0.6000 0.2000
O 0.6000 0.1333 0.6667 0.2000
F 0.6667 0.1333 0.7333 0.2000
I 0.7333 0.1333 0.8000 0.2000
T 0.8000 0.1333 0.8667 0.2000
~ 0.8667 0.1333 0.9333 0.2000
~ 0.9333 0.1333 1.0000 0.2000
~ 0.0000 0.2000 0.0667 0.2667
~ 0.0667 0.2000 0.1333 0.2667
~ 0.1333 0.2000 0.2000 0.2667
F 0.2000 0.2000 0.2667 0.2667
~ 0.2667 0.2000 0.3333 0.2667
~ 0.3333 0.2000 0.4000 0.2667
~ 0.4000 0.2000 0.4667 0.2667
H 0.4667 0.2000 0.5333 0.2667
~ 0.5333 0.2000 0.6000 0.2667
U 0.6000 0.2000 0.6667 0.2667
~ 0.6667 0.2000 0.7333 0.2667
~ 0.7333 0.2000 0.8000 0.2667
~ 0.8000 0.2000 0.8667 0.2667
~ 0.8667 0.2000 0.9333 0.2667
~ 0.9333 0.2000 1.0000 0.2667
~ 0.0000 0.2667 0.0667 0.3333
G 0.0667 0.2667 0.1333 0.3333
O 0.1333 0.2667 0.2000 0.3333
A 0.2000 0.2667 0.2667 0.3333
L 0.2667 0.2667 0.3333 0.3333
~ 0.3333 0.2667 0.4000 0.3333
~ 0.4000 0.2667 0.4667 0.3333
~ 0.4667 0.2667 0.5333 0.3333
~ 0.5333 0.2667 0.6000 0.3333
L 0.6000 0.2667 0.6667 0.3333
I 0.6667 0.2667 0.7333 0.3333
E 0.7333 0.2667 0.8000 0.3333
D 0.8000 0.2667 0.8667 0.3333
~ 0.8667 0.2667 0.9333 0.3333
~ 0.9333 0.2667 1.0000 0.3333
~ 0.0000 0.3333 0.0667 0.4000
~ 0.0667 0.3333 0.1333 0.4000
D 0.1333 0.3333 0.2000 0.4000
R 0.2000 0.3333 0.2667 0.4000
I 0.2667 0.3333 0.3333 0.4000
V 0.3333 0.3333 0.4000 0.4000
A 0.4000 0.3333 0.4667 0.4000
B 0.4667 0.3333 0.5333 0.4000
L 0.5333 0.3333 0.6000 0.4000
E 0.6000 0.3333 0.6667 0.4000
~ 0.6667 0.3333 0.7333 0.4000
~ 0.7333 0.3333 0.8000 0.4000
~ 0.8000 0.3333 0.8667 0.4000
~ 0.8667 0.3333 0.9333 0.4000
~ 0.9333 0.3333 1.0000 0.4000
~ 0.0000 0.4000 0.0667 0.4667
~ 0.0667 0.4000 0.1333 0.4667
~ 0.1333 0.4000 0.2000 0.4667
A 0.2000 0.4000 0.2667 0.4667
~ 0.2667 0.4000 0.3333 0.4667
~ 0.3333 0.4000 0.4000 0.4667
~ 0.4000 0.4000 0.4667 0.4667
R 0.4667 0.4000 0.5333 0.4667
~ 0.5333 0.4000 0.6000 0.4667
~ 0.6000 0.4000 0.6667 0.4667
~ 0.6667 0.4000 0.7333 0.4667
~ 0.7333 0.4000 0.8000 0.4667
A 0.8000 0.4000 0.8667 0.4667
~ 0.8667 0.4000 0.9333 0.4667
~ 0.9333 0.4000 1.0000 0.4667
M 0.0000 0.4667 0.0667 0.5333
O 0.0667 0.4667 0.1333 0.5333
L 0.1333 0.4667 0.2000 0.5333
D 0.2000 0.4667 0.2667 0.5333
~ 0.2667 0.4667 0.3333 0.5333
~ 0.3333 0.4667 0.4000 0.5333
V 0.4000 0.4667 0.4667 0.5333
I 0.4667 0.4667 0.5333 0.5333
M 0.5333 0.4667 0.6000 0.5333
S 0.6000 0.4667 0.6667 0.5333
~ 0.6667 0.4667 0.7333 0.5333
~ 0.7333 0.4667 0.8000 0.5333
C 0.8000 0.4667 0.8667 0.5333
~ 0.8667 0.4667 0.9333 0.5333
Z 0.9333 0.4667 1.0000 0.5333
~ 0.0000 0.5333 0.0667 0.6000
~ 0.0667 0.5333 0.1333 0.6000
~ 0.1333 0.5333 0.2000 0.6000
~ 0.2000 0.5333 0.2667 0.6000
~ 0.2667 0.5333 0.3333 0.6000
~ 0.3333 0.5333 0.4000 0.6000
~ 0.4000 0.5333 0.4667 0.6000
N 0.4667 0.5333 0.5333 0.6000
E 0.5333 0.5333 0.6000 0.6000
T 0.6000 0.5333 0.6667 0.6000
~ 0.6667 0.5333 0.7333 0.6000
~ 0.7333 0.5333 0.8000 0.6000
E 0.8000 0.5333 0.8667 0.6000
~ 0.8667 0.5333 0.9333 0.6000
I 0.9333 0.5333 1.0000 0.6000
~ 0.0000 0.6000 0.0667 0.6667
~ 0.0667 0.6000 0.1333 0.6667
~ 0.1333 0.6000 0.2000 0.6667
~ 0.2000 0.6000 0.2667 0.6667
~ 0.2667 0.6000 0.3333 0.6667
~ 0.3333 0.6000 0.4000 0.6667
~ 0.4000 0.6000 0.4667 0.6667
G 0.4667 0.6000 0.5333 0.6667
O 0.5333 0.6000 0.6000 0.6667
Y 0.6000 0.6000 0.6667 0.6667
~ 0.6667 0.6000 0.7333 0.6667
~ 0.7333 0.6000 0.8000 0.6667
N 0.8000 0.6000 0.8667 0.6667
A 0.8667 0.6000 0.9333 0.6667
N 0.9333 0.6000 1.0000 0.6667
~ 0.0000 0.6667 0.0667 0.7333
N 0.0667 0.6667 0.1333 0.7333
A 0.1333 0.6667 0.2000 0.7333
O 0.2000 0.6667 0.2667 0.7333
I 0.2667 0.6667 0.3333 0.7333
~ 0.3333 0.6667 0.4000 0.7333
~ 0.4000 0.6667 0.4667 0.7333
~ 0.4667 0.6667 0.5333 0.7333
U 0.5333 0.6667 0.6000 0.7333
~ 0.6000 0.6667 0.6667 0.7333
~ 0.6667 0.6667 0.7333 0.7333
B 0.7333 0.6667 0.8000 0.7333
A 0.8000 0.6667 0.8667 0.7333
S 0.8667 0.6667 0.9333 0.7333
K 0.9333 0.6667 1.0000 0.7333
~ 0.0000 0.7333 0.0667 0.8000
~ 0.0667 0.7333 0.1333 0.8000
A 0.1333 0.7333 0.2000 0.8000
I 0.2000 0.7333 0.2667 0.8000
T 0.2667 0.7333 0.3333 0.8000
C 0.3333 0.7333 0.4000 0.8000
H 0.4000 0.7333 0.4667 0.8000
E 0.4667 0.7333 0.5333 0.8000
S 0.5333 0.7333 0.6000 0.8000
~ 0.6000 0.7333 0.6667 0.8000
W 0.6667 0.7333 0.7333 0.8000
I 0.7333 0.7333 0.8000 0.8000
S 0.8000 0.7333 0.8667 0.8000
P 0.8667 0.7333 0.9333 0.8000
Y 0.9333 0.7333 1.0000 0.8000
~ 0.0000 0.8000 0.0667 0.8667
~ 0.0667 0.8000 0.1333 0.8667
~ 0.1333 0.8000 0.2000 0.8667
~ 0.2000 0.8000 0.2667 0.8667
~ 0.2667 0.8000 0.3333 0.8667
~ 0.3333 0.8000 0.4000 0.8667
~ 0.4000 0.8000 0.4667 0.8667
~ 0.4667 0.8000 0.5333 0.8667
~ 0.5333 0.8000 0.6000 0.8667
~ 0.6000 0.8000 0.6667 0.8667
~ 0.6667 0.8000 0.7333 0.8667
T 0.7333 0.8000 0.8000 0.8667
~ 0.8000 0.8000 0.8667 0.8667
E 0.8667 0.8000 0.9333 0.8667
~ 0.9333 0.8000 1.0000 0.8667
~ 0.0000 0.8667 0.0667 0.9333
~ 0.0667 0.8667 0.1333 0.9333
~ 0.1333 0.8667 0.2000 0.9333
~ 0.2000 0.8667 0.2667 0.9333
~ 0.2667 0.8667 0.3333 0.9333
~ 0.3333 0.8667 0.4000 0.9333
~ 0.4000 0.8667 0.4667 0.9333
~ 0.4667 0.8667 0.5333 0.9333
~ 0.5333 0.8667 0.6000 0.9333
~ 0.6000 0.8667 0.6667 0.9333
~ 0.6667 0.8667 0.7333 0.9333
E 0.7333 0.8667 0.8000 0.9333
~ 0.8000 0.8667 0.8667 0.9333
N 0.8667 0.8667 0.9333 0.9333
~ 0.9333 0.8667 1.0000 0.9333
~ 0.0000 0.9333 0.0667 1.0000
~ 0.0667 0.9333 0.1333 1.0000
~ 0.1333 0.9333 0.2000 1.0000
~ 0.2000 0.9333 0.2667 1.0000
~ 0.2667 0.9333 0.3333 1.0000
~ 0.3333 0.9333 0.4000 1.0000
~ 0.4000 0.9333 0.4667 1.0000
~ 0.4667 0.9333 0.5333 1.0000
~ 0.5333 0.9333 0.6000 1.0000
~ 0.6000 0.9333 0.6667 1.0000
~ 0.6667 0.9333 0.7333 1.0000
R 0.7333 0.9333 0.8000 1.0000
~ 0.8000 0.9333 0.8667 1.0000
~ 0.8667 0.9333 0.9333 1.0000
~ 0.9333 0.9333 1.0000 1.0000
