L 0.0000 0.0000 0.0667 0.0667
E 0.0667 0.0000 0.1333 0.0667
G 0.1333 0.0000 0.2000 0.0667
~ 0.2000 0.0000 0.2667 0.0667
~ 0.2667 0.0000 0.3333 0.0667
~ 0.3333 0.0000 0.4000 0.0667
~ 0.4000 0.0000 0.4667 0.0667
S 0.4667 0.0000 0.5333 0.0667
~ 0.5333 0.0000 0.6000 0.0667
~ 0.6000 0.0000 0.6667 0.0667
~ 0.6667 0.0000 0.7333 0.0667
~ 0.7333 0.0000 0.8000 0.0667
~ 0.8000 0.0000 0.8667 0.0667
~ 0.8667 0.0000 0.9333 0.0667
M 0.9333 0.0000 1.0000 0.0667
~ 0.0000 0.0667 0.0667 0.1333
T 0.0667 0.0667 0.1333 0.1333
O 0.1333 0.0667 0.2000 0.1333
D 0.2000 0.0667 0.2667 0.1333
~ 0.2667 0.0667 0.3333 0.1333
M 0.3333 0.0667 0.4000 0.1333
A 0.4000 0.0667 0.4667 0.1333
C 0.4667 0.0667 0.5333 0.1333
K 0.5333 0.0667 0.6000 0.1333
~ 0.6000 0.0667 0.6667 0.1333
~ 0.6667 0.0667 0.7333 0.1333
~ 0.7333 0.0667 0.8000 0.1333
~ 0.8000 0.0667 0.8667 0.1333
D 0.8667 0.0667 0.9333 0.1333
O 0.9333 0.0667 1.0000 0.1333
~ 0.0000 0.1333 0.0667 0.2000
~ 0.0667 0.1333 0.1333 0.2000
~ 0.1333 0.1333 0.2000 0.2000
J 0.2000 0.1333 0.2667 0.2000
E 0.2667 0.1333 0.3333 0.2000
U 0.3333 0.1333 0.4000 0.2000
~ 0.4000 0.1333 0.4667 0.2000
O 0.4667 0.1333 0.5333 0.2000
I 0.5333 0.1333 0.6000 0.2000
~ 0.6000 0.1333 0.6667 0.2000
~ 0.6667 0.1333 0.7333 0.2000
~ 0.7333 0.1333 0.8000 0.2000
H 0.8000 0.1333 0.8667 0.2000
I 0.8667 0.1333 0.9333 0.2000
P 0.9333 0.1333 1.0000 0.2000
~ 0.0000 0.2000 0.0667 0.2667
~ 0.0667 0.2000 0.1333 0.2667
~ 0.1333 0.2000 0.2000 0.2667
I 0.2000 0.2000 0.2667 0.2667
~ 0.2667 0.2000 0.3333 0.2667
~ 0.3333 0.2000 0.4000 0.2667
~ 0.4000 0.2000 0.4667 0.2667
U 0.4667 0.2000 0.5333 0.2667
N 0.5333 0.2000 0.6000 0.2667
~ 0.6000 0.2000 0.6667 0.2667
~ 0.6667 0.2000 0.7333 0.2667
Y 0.7333 0.2000 0.8000 0.2667
E 0.8000 0.2000 0.8667 0.2667
P 0.8667 0.2000 0.9333 0.2667
~ 0.9333 0.2000 1.0000 0.2667
~ 0.0000 0.2667 0.0667 0.3333
~ 0.0667 0.2667 0.1333 0.3333
~ 0.1333 0.2667 0.2000 0.3333
N 0.2000 0.2667 0.2667 0.3333
~ 0.2667 0.2667 0.3333 0.3333
~ 0.3333 0.2667 0.4000 0.3333
~ 0.4000 0.2667 0.4667 0.3333
~ 0.4667 0.2667 0.5333 0.3333
~ 0.5333 0.2667 0.6000 0.3333
~ 0.6000 0.2667 0.6667 0.3333
V 0.6667 0.2667 0.7333 0.3333
E 0.7333 0.2667 0.8000 0.3333
X 0.8000 0.2667 0.8667 0.3333
~ 0.8667 0.2667 0.9333 0.3333
~ 0.9333 0.2667 1.0000 0.3333
~ 0.0000 0.3333 0.0667 0.4000
S 0.0667 0.3333 0.1333 0.4000
I 0.1333 0.3333 0.2000 0.4000
N 0.2000 0.3333 0.2667 0.4000
E 0.2667 0.3333 0.3333 0.4000
W 0.3333 0.3333 0.4000 0.4000
~ 0.4000 0.3333 0.4667 0.4000
~ 0.4667 0.3333 0.5333 0.4000
~ 0.5333 0.3333 0.6000 0.4000
Q 0.6000 0.3333 0.6667 0.4000
~ 0.6667 0.3333 0.7333 0.4000
A 0.7333 0.3333 0.8000 0.4000
~ 0.8000 0.3333 0.8667 0.4000
F 0.8667 0.3333 0.9333 0.4000
~ 0.9333 0.3333 1.0000 0.4000
~ 0.0000 0.4000 0.0667 0.4667
O 0.0667 0.4000 0.1333 0.4667
~ 0.1333 0.4000 0.2000 0.4667
~ 0.2000 0.4000 0.2667 0.4667
~ 0.2667 0.4000 0.3333 0.4667
H 0.3333 0.4000 0.4000 0.4667
~ 0.4000 0.4000 0.4667 0.4667
B 0.4667 0.4000 0.5333 0.4667
E 0.5333 0.4000 0.6000 0.4667
A 0.6000 0.4000 0.6667 0.4667
T 0.6667 0.4000 0.7333 0.4667
S 0.7333 0.4000 0.8000 0.4667
~ 0.8000 0.4000 0.8667 0.4667
E 0.8667 0.4000 0.9333 0.4667
~ 0.9333 0.4000 1.0000 0.4667
A 0.0000 0.4667 0.0667 0.5333
L 0.0667 0.4667 0.1333 0.5333
A 0.1333 0.4667 0.2000 0.5333
~ 0.2000 0.4667 0.2667 0.5333
~ 0.2667 0.4667 0.3333 0.5333
A 0.3333 0.4667 0.4000 0.5333
C 0.4000 0.4667 0.4667 0.5333
O 0.4667 0.4667 0.5333 0.5333
R 0.5333 0.4667 0.6000 0.5333
N 0.6000 0.4667 0.6667 0.5333
~ 0.6667 0.4667 0.7333 0.5333
T 0.7333 0.4667 0.8000 0.5333
U 0.8000 0.4667 0.8667 0.5333
R 0.8667 0.4667 0.9333 0.5333
D 0.9333 0.4667 1.0000 0.5333
~ 0.0000 0.5333 0.0667 0.6000
~ 0.0667 0.5333 0.1333 0.6000
~ 0.1333 0.5333 0.2000 0.6000
~ 0.2000 0.5333 0.2667 0.6000
~ 0.2667 0.5333 0.3333 0.6000
~ 0.3333 0.5333 0.4000 0.6000
~ 0.4000 0.5333 0.4667 0.6000
~ 0.4667 0.5333 0.5333 0.6000
~ 0.5333 0.5333 0.6000 0.6000
A 0.6000 0.5333 0.6667 0.6000
R 0.6667 0.5333 0.7333 0.6000
~ 0.7333 0.5333 0.8000 0.6000
~ 0.8000 0.5333 0.8667 0.6000
N 0.8667 0.5333 0.9333 0.6000
~ 0.9333 0.5333 1.0000 0.6000
~ 0.0000 0.6000 0.0667 0.6667
E 0.0667 0.6000 0.1333 0.6667
~ 0.1333 0.6000 0.2000 0.6667
~ 0.2000 0.6000 0.2667 0.6667
~ 0.2667 0.6000 0.3333 0.6667
~ 0.3333 0.6000 0.4000 0.6667
~ 0.4000 0.6000 0.4667 0.6667
~ 0.4667 0.6000 0.5333 0.6667
~ 0.5333 0.6000 0.6000 0.6667
T 0.6000 0.6000 0.6667 0.6667
A 0.6667 0.6000 0.7333 0.6667
~ 0.7333 0.6000 0.8000 0.6667
B 0.8000 0.6000 0.8667 0.6667
Y 0.8667 0.6000 0.9333 0.6667
~ 0.9333 0.6000 1.0000 0.6667
~ 0.0000 0.6667 0.0667 0.7333
N 0.0667 0.6667 0.1333 0.7333
~ 0.1333 0.6667 0.2000 0.7333
~ 0.2000 0.6667 0.2667 0.7333
W 0.2667 0.6667 0.3333 0.7333
O 0.3333 0.6667 0.4000 0.7333
O 0.4000 0.6667 0.4667 0.7333
E 0.4667 0.6667 0.5333 0.7333
R 0.5333 0.6667 0.6000 0.7333
~ 0.6000 0.6667 0.6667 0.7333
G 0.6667 0.6667 0.7333 0.7333
~ 0.7333 0.6667 0.8000 0.7333
U 0.8000 0.6667 0.8667 0.7333
~ 0.8667 0.6667 0.9333 0.7333
~ 0.9333 0.6667 1.0000 0.7333
~ 0.0000 0.7333 0.0667 0.8000
T 0.0667 0.7333 0.1333 0.8000
O 0.1333 0.7333 0.2000 0.8000
~ 0.2000 0.7333 0.2667 0.8000
~ 0.2667 0.7333 0.3333 0.8000
~ 0.3333 0.7333 0.4000 0.8000
~ 0.4000 0.7333 0.4667 0.8000
L 0.4667 0.7333 0.5333 0.8000
I 0.5333 0.7333 0.6000 0.8000
V 0.6000 0.7333 0.6667 0.8000
I 0.6667 0.7333 0.7333 0.8000
E 0.7333 0.7333 0.8000 0.8000
R 0.8000 0.7333 0.8667 0.8000
~ 0.8667 0.7333 0.9333 0.8000
~ 0.9333 0.7333 1.0000 0.8000
~ 0.0000 0.8000 0.0667 0.8667
S 0.0667 0.8000 0.1333 0.8667
I 0.1333 0.8000 0.2000 0.8667
~ 0.2000 0.8000 0.2667 0.8667
~ 0.2667 0.8000 0.3333 0.8667
~ 0.3333 0.8000 0.4000 0.8667
~ 0.4000 0.8000 0.4667 0.8667
I 0.4667 0.8000 0.5333 0.8667
F 0.5333 0.8000 0.6000 0.8667
~ 0.6000 0.8000 0.6667 0.8667
~ 0.6667 0.8000 0.7333 0.8667
~ 0.7333 0.8000 0.8000 0.8667
L 0.8000 0.8000 0.8667 0.8667
~ 0.8667 0.8000 0.9333 0.8667
~ 0.9333 0.8000 1.0000 0.8667
~ 0.0000 0.8667 0.0667 0.9333
~ 0.0667 0.8667 0.1333 0.9333
~ 0.1333 0.8667 0.2000 0.9333
~ 0.2000 0.8667 0.2667 0.9333
~ 0.2667 0.8667 0.3333 0.9333
Z 0.3333 0.8667 0.4000 0.9333
I 0.4000 0.8667 0.4667 0.9333
T 0.4667 0.8667 0.5333 0.9333
~ 0.5333 0.8667 0.6000 0.9333
~ 0.6000 0.8667 0.6667 0.9333
~ 0.6667 0.8667 0.7333 0.9333
~ 0.7333 0.8667 0.8000 0.9333
~ 0.8000 0.8667 0.8667 0.9333
~ 0.8667 0.8667 0.9333 0.9333
~ 0.9333 0.8667 1.0000 0.9333
~ 0.0000 0.9333 0.0667 1.0000
~ 0.0667 0.9333 0.1333 1.0000
~ 0.1333 0.9333 0.2000 1.0000
G 0.2000 0.9333 0.2667 1.0000
R 0.2667 0.9333 0.3333 1.0000
A 0.3333 0.9333 0.4000 1.0000
D 0.4000 0.9333 0.4667 1.0000
E 0.4667 0.9333 0.5333 1.0000
~ 0.5333 0.9333 0.6000 1.0000
~ 0.6000 0.9333 0.6667 1.0000
~ 0.6667 0.9333 0.7333 1.0000
~ 0.7333 0.9333 0.8000 1.0000
~ 0.8000 0.9333 0.8667 1.0000
~ 0.8667 0.9333 0.9333 1.0000
~ 0.9333 0.9333 1.0000 1.0000
