~ 0.0000 0.0000 0.0667 0.0667
~ 0.0667 0.0000 0.1333 0.0667
~ 0.1333 0.0000 0.2000 0.0667
~ 0.2000 0.0000 0.2667 0.0667
~ 0.2667 0.0000 0.3333 0.0667
~ 0.3333 0.0000 0.4000 0.0667
~ 0.4000 0.0000 0.4667 0.0667
~ 0.4667 0.0000 0.5333 0.0667
~ 0.5333 0.0000 0.6000 0.0667
~ 0.6000 0.0000 0.6667 0.0667
~ 0.6667 0.0000 0.7333 0.0667
~ 0.7333 0.0000 0.8000 0.0667
~ 0.8000 0.0000 0.8667 0.0667
~ 0.8667 0.0000 0.9333 0.0667
B 0.9333 0.0000 1.0000 0.0667
~ 0.0000 0.0667 0.0667 0.1333
~ 0.0667 0.0667 0.1333 0.1333
~ 0.1333 0.0667 0.2000 0.1333
~ 0.2000 0.0667 0.2667 0.1333
~ 0.2667 0.0667 0.3333 0.1333
~ 0.3333 0.0667 0.4000 0.1333
~ 0.4000 0.0667 0.4667 0.1333
~ 0.4667 0.0667 0.5333 0.1333
~ 0.5333 0.0667 0.6000 0.1333
~ 0.6000 0.0667 0.6667 0.1333
~ 0.6667 0.0667 0.7333 0.1333
~ 0.7333 0.0667 0.8000 0.1333
~ 0.8000 0.0667 0.8667 0.1333
~ 0.8667 0.0667 0.9333 0.1333
E 0.9333 0.0667 1.0000 0.1333
~ 0.0000 0.1333 0.0667 0.2000
~ 0.0667 0.1333 0.1333 0.2000
~ 0.1333 0.1333 0.2000 0.2000
~ 0.2000 0.1333 0.2667 0.2000
~ 0.2667 0.1333 0.3333 0.2000
~ 0.3333 0.1333 0.4000 0.2000
~ 0.4000 0.1333 0.4667 0.2000
A 0.4667 0.1333 0.5333 0.2000
T 0.5333 0.1333 0.6000 0.2000
E 0.6000 0.1333 0.6667 0.2000
A 0.6667 0.1333 0.7333 0.2000
U 0.7333 0.1333 0.8000 0.2000
~ 0.8000 0.1333 0.8667 0.2000
~ 0.8667 0.1333 0.9333 0.2000
I 0.9333 0.1333 1.0000 0.2000
~ 0.0000 0.2000 0.0667 0.2667
~ 0.0667 0.2000 0.1333 0.2667
~ 0.1333 0.2000 0.2000 0.2667
~ 0.2000 0.2000 0.2667 0.2667
~ 0.2667 0.2000 0.3333 0.2667
~ 0.3333 0.2000 0.4000 0.2667
~ 0.4000 0.2000 0.4667 0.2667
D 0.4667 0.2000 0.5333 0.2667
~ 0.5333 0.2000 0.6000 0.2667
~ 0.6000 0.2000 0.6667 0.2667
~ 0.6667 0.2000 0.7333 0.2667
~ 0.7333 0.2000 0.8000 0.2667
~ 0.8000 0.2000 0.8667 0.2667
~ 0.8667 0.2000 0.9333 0.2667
N 0.9333 0.2000 1.0000 0.2667
~ 0.0000 0.2667 0.0667 0.3333
~ 0.0667 0.2667 0.1333 0.3333
~ 0.1333 0.2667 0.2000 0.3333
~ 0.2000 0.2667 0.2667 0.3333
S 0.2667 0.2667 0.3333 0.3333
O 0.3333 0.2667 0.4000 0.3333
~ 0.4000 0.2667 0.4667 0.3333
R 0.4667 0.2667 0.5333 0.3333
O 0.5333 0.2667 0.6000 0.3333
A 0.6000 0.2667 0.6667 0.3333
C 0.6667 0.2667 0.7333 0.3333
H 0.7333 0.2667 0.8000 0.3333
Y 0.8000 0.2667 0.8667 0.3333
~ 0.8667 0.2667 0.9333 0.3333
K 0.9333 0.2667 1.0000 0.3333
~ 0.0000 0.3333 0.0667 0.4000
F 0.0667 0.3333 0.1333 0.4000
U 0.1333 0.3333 0.2000 0.4000
J 0.2000 0.3333 0.2667 0.4000
I 0.2667 0.3333 0.3333 0.4000
~ 0.3333 0.3333 0.4000 0.4000
Q 0.4000 0.3333 0.4667 0.4000
I 0.4667 0.3333 0.5333 0.4000
~ 0.5333 0.3333 0.6000 0.4000
V 0.6000 0.3333 0.6667 0.4000
~ 0.6667 0.3333 0.7333 0.4000
~ 0.7333 0.3333 0.8000 0.4000
A 0.8000 0.3333 0.8667 0.4000
B 0.8667 0.3333 0.9333 0.4000
S 0.9333 0.3333 1.0000 0.4000
~ 0.0000 0.4000 0.0667 0.4667
~ 0.0667 0.4000 0.1333 0.4667
~ 0.1333 0.4000 0.2000 0.4667
A 0.2000 0.4000 0.2667 0.4667
L 0.2667 0.4000 0.3333 0.4667
~ 0.3333 0.4000 0.4000 0.4667
I 0.4000 0.4000 0.4667 0.4667
F 0.4667 0.4000 0.5333 0.4667
~ 0.5333 0.4000 0.6000 0.4667
O 0.6000 0.4000 0.6667 0.4667
M 0.6667 0.4000 0.7333 0.4667
~ 0.7333 0.4000 0.8000 0.4667
W 0.8000 0.4000 0.8667 0.4667
O 0.8667 0.4000 0.9333 0.4667
~ 0.9333 0.4000 1.0000 0.4667
~ 0.0000 0.4667 0.0667 0.5333
~ 0.0667 0.4667 0.1333 0.5333
E 0.1333 0.4667 0.2000 0.5333
Y 0.2000 0.4667 0.2667 0.5333
E 0.2667 0.4667 0.3333 0.5333
S 0.3333 0.4667 0.4000 0.5333
~ 0.4000 0.4667 0.4667 0.5333
T 0.4667 0.4667 0.5333 0.5333
O 0.5333 0.4667 0.6000 0.5333
~ 0.6000 0.4667 0.6667 0.5333
E 0.6667 0.4667 0.7333 0.5333
~ 0.7333 0.4667 0.8000 0.5333
N 0.8000 0.4667 0.8667 0.5333
O 0.8667 0.4667 0.9333 0.5333
G 0.9333 0.4667 1.0000 0.5333
~ 0.0000 0.5333 0.0667 0.6000
~ 0.0667 0.5333 0.1333 0.6000
E 0.1333 0.5333 0.2000 0.6000
~ 0.2000 0.5333 0.2667 0.6000
X 0.2667 0.5333 0.3333 0.6000
I 0.3333 0.5333 0.4000 0.6000
~ 0.4000 0.5333 0.4667 0.6000
~ 0.4667 0.5333 0.5333 0.6000
N 0.5333 0.5333 0.6000 0.6000
~ 0.6000 0.5333 0.6667 0.6000
D 0.6667 0.5333 0.7333 0.6000
~ 0.7333 0.5333 0.8000 0.6000
~ 0.8000 0.5333 0.8667 0.6000
T 0.8667 0.5333 0.9333 0.6000
~ 0.9333 0.5333 1.0000 0.6000
G 0.0000 0.6000 0.0667 0.6667
E 0.0667 0.6000 0.1333 0.6667
L 0.1333 0.6000 0.2000 0.6667
~ 0.2000 0.6000 0.2667 0.6667
~ 0.2667 0.6000 0.3333 0.6667
Z 0.3333 0.6000 0.4000 0.6667
~ 0.4000 0.6000 0.4667 0.6667
R 0.4667 0.6000 0.5333 0.6667
~ 0.5333 0.6000 0.6000 0.6667
V 0.6000 0.6000 0.6667 0.6667
I 0.6667 0.6000 0.7333 0.6667
G 0.7333 0.6000 0.8000 0.6667
~ 0.8000 0.6000 0.8667 0.6667
H 0.8667 0.6000 0.9333 0.6667
A 0.9333 0.6000 1.0000 0.6667
~ 0.0000 0.6667 0.0667 0.7333
~ 0.0667 0.6667 0.1333 0.7333
~ 0.1333 0.6667 0.2000 0.7333
~ 0.2000 0.6667 0.2667 0.7333
D 0.2667 0.6667 0.3333 0.7333
E 0.3333 0.6667 0.4000 0.7333
N 0.4000 0.6667 0.4667 0.7333
E 0.4667 0.6667 0.5333 0.7333
~ 0.5333 0.6667 0.6000 0.7333
~ 0.6000 0.6667 0.6667 0.7333
A 0.6667 0.6667 0.7333 0.7333
L 0.7333 0.6667 0.8000 0.7333
~ 0.8000 0.6667 0.8667 0.7333
~ 0.8667 0.6667 0.9333 0.7333
M 0.9333 0.6667 1.0000 0.7333
~ 0.0000 0.7333 0.0667 0.8000
~ 0.0667 0.7333 0.1333 0.8000
~ 0.1333 0.7333 0.2000 0.8000
O 0.2000 0.7333 0.2667 0.8000
I 0.2667 0.7333 0.3333 0.8000
~ 0.3333 0.7333 0.4000 0.8000
A 0.4000 0.7333 0.4667 0.8000
D 0.4667 0.7333 0.5333 0.8000
O 0.5333 0.7333 0.6000 0.8000
~ 0.6000 0.7333 0.6667 0.8000
~ 0.6667 0.7333 0.7333 0.8000
E 0.7333 0.7333 0.8000 0.8000
~ 0.8000 0.7333 0.8667 0.8000
~ 0.8667 0.7333 0.9333 0.8000
U 0.9333 0.7333 1.0000 0.8000
~ 0.0000 0.8000 0.0667 0.8667
~ 0.0667 0.8000 0.1333 0.8667
N 0.1333 0.8000 0.2000 0.8667
A 0.2000 0.8000 0.2667 0.8667
E 0.2667 0.8000 0.3333 0.8667
~ 0.3333 0.8000 0.4000 0.8667
W 0.4000 0.8000 0.4667 0.8667
~ 0.4667 0.8000 0.5333 0.8667
P 0.5333 0.8000 0.6000 0.8667
R 0.6000 0.8000 0.6667 0.8667
I 0.6667 0.8000 0.7333 0.8667
N 0.7333 0.8000 0.8000 0.8667
T 0.8000 0.8000 0.8667 0.8667
~ 0.8667 0.8000 0.9333 0.8667
L 0.9333 0.8000 1.0000 0.8667
~ 0.0000 0.8667 0.0667 0.9333
~ 0.0667 0.8667 0.1333 0.9333
I 0.1333 0.8667 0.2000 0.9333
T 0.2000 0.8667 0.2667 0.9333
~ 0.2667 0.8667 0.3333 0.9333
~ 0.3333 0.8667 0.4000 0.9333
~ 0.4000 0.8667 0.4667 0.9333
~ 0.4667 0.8667 0.5333 0.9333
~ 0.5333 0.8667 0.6000 0.9333
~ 0.6000 0.8667 0.6667 0.9333
~ 0.6667 0.8667 0.7333 0.9333
~ 0.7333 0.8667 0.8000 0.9333
~ 0.8000 0.8667 0.8667 0.9333
~ 0.8667 0.8667 0.9333 0.9333
E 0.9333 0.8667 1.0000 0.9333
C 0.0000 0.9333 0.0667 1.0000
U 0.0667 0.9333 0.1333 1.0000
P 0.1333 0.9333 0.2000 1.0000
S 0.2000 0.9333 0.2667 1.0000
~ 0.2667 0.9333 0.3333 1.0000
~ 0.3333 0.9333 0.4000 1.0000
~ 0.4000 0.9333 0.4667 1.0000
~ 0.4667 0.9333 0.5333 1.0000
~ 0.5333 0.9333 0.6000 1.0000
~ 0.6000 0.9333 0.6667 1.0000
~ 0.6667 0.9333 0.7333 1.0000
~ 0.7333 0.9333 0.8000 1.0000
~ 0.8000 0.9333 0.8667 1.0000
~ 0.8667 0.9333 0.9333 1.0000
T 0.9333 0.9333 1.0000 1.0000
