~ 0.0000 0.0000 0.0667 0.0667
~ 0.0667 0.0000 0.1333 0.0667
~ 0.1333 0.0000 0.2000 0.0667
~ 0.2000 0.0000 0.2667 0.0667
~ 0.2667 0.0000 0.3333 0.0667
~ 0.3333 0.0000 0.4000 0.0667
~ 0.4000 0.0000 0.4667 0.0667
~ 0.4667 0.0000 0.5333 0.0667
~ 0.5333 0.0000 0.6000 0.0667
~ 0.6000 0.0000 0.6667 0.0667
D 0.6667 0.0000 0.7333 0.0667
E 0.7333 0.0000 0.8000 0.0667
T 0.8000 0.0000 0.8667 0.0667
O 0.8667 0.0000 0.9333 0.0667
X 0.9333 0.0000 1.0000 0.0667
~ 0.0000 0.0667 0.0667 0.1333
~ 0.0667 0.0667 0.1333 0.1333
~ 0.1333 0.0667 0.2000 0.1333
~ 0.2000 0.0667 0.2667 0.1333
~ 0.2667 0.0667 0.3333 0.1333
~ 0.3333 0.0667 0.4000 0.1333
~ 0.4000 0.0667 0.4667 0.1333
~ 0.4667 0.0667 0.5333 0.1333
~ 0.5333 0.0667 0.6000 0.1333
~ 0.6000 0.0667 0.6667 0.1333
~ 0.6667 0.0667 0.7333 0.1333
~ 0.7333 0.0667 0.8000 0.1333
~ 0.8000 0.0667 0.8667 0.1333
A 0.8667 0.0667 0.9333 0.1333
I 0.9333 0.0667 1.0000 0.1333
~ 0.0000 0.1333 0.0667 0.2000
~ 0.0667 0.1333 0.1333 0.2000
~ 0.1333 0.1333 0.2000 0.2000
~ 0.2000 0.1333 0.2667 0.2000
~ 0.2667 0.1333 0.3333 0.2000
~ 0.3333 0.1333 0.4000 0.2000
~ 0.4000 0.1333 0.4667 0.2000
~ 0.4667 0.1333 0.5333 0.2000
~ 0.5333 0.1333 0.6000 0.2000
~ 0.6000 0.1333 0.6667 0.2000
~ 0.6667 0.1333 0.7333 0.2000
B 0.7333 0.1333 0.8000 0.2000
O 0.8000 0.1333 0.8667 0.2000
K 0.8667 0.1333 0.9333 0.2000
S 0.9333 0.1333 1.0000 0.2000
~ 0.0000 0.2000 0.0667 0.2667
~ 0.0667 0.2000 0.1333 0.2667
~ 0.1333 0.2000 0.2000 0.2667
~ 0.2000 0.2000 0.2667 0.2667
~ 0.2667 0.2000 0.3333 0.2667
~ 0.3333 0.2000 0.4000 0.2667
~ 0.4000 0.2000 0.4667 0.2667
~ 0.4667 0.2000 0.5333 0.2667
~ 0.5333 0.2000 0.6000 0.2667
~ 0.6000 0.2000 0.6667 0.2667
~ 0.6667 0.2000 0.7333 0.2667
O 0.7333 0.2000 0.8000 0.2667
~ 0.8000 0.2000 0.8667 0.2667
~ 0.8667 0.2000 0.9333 0.2667
~ 0.9333 0.2000 1.0000 0.2667
~ 0.0000 0.2667 0.0667 0.3333
~ 0.0667 0.2667 0.1333 0.3333
~ 0.1333 0.2667 0.2000 0.3333
~ 0.2000 0.2667 0.2667 0.3333
~ 0.2667 0.2667 0.3333 0.3333
~ 0.3333 0.2667 0.4000 0.3333
~ 0.4000 0.2667 0.4667 0.3333
~ 0.4667 0.2667 0.5333 0.3333
G 0.5333 0.2667 0.6000 0.3333
~ 0.6000 0.2667 0.6667 0.3333
J 0.6667 0.2667 0.7333 0.3333
O 0.7333 0.2667 0.8000 0.3333
W 0.8000 0.2667 0.8667 0.3333
E 0.8667 0.2667 0.9333 0.3333
D 0.9333 0.2667 1.0000 0.3333
~ 0.0000 0.3333 0.0667 0.4000
~ 0.0667 0.3333 0.1333 0.4000
~ 0.1333 0.3333 0.2000 0.4000
~ 0.2000 0.3333 0.2667 0.4000
~ 0.2667 0.3333 0.3333 0.4000
~ 0.3333 0.3333 0.4000 0.4000
T 0.4000 0.3333 0.4667 0.4000
~ 0.4667 0.3333 0.5333 0.4000
I 0.5333 0.3333 0.6000 0.4000
~ 0.6000 0.3333 0.6667 0.4000
O 0.6667 0.3333 0.7333 0.4000
H 0.7333 0.3333 0.8000 0.4000
O 0.8000 0.3333 0.8667 0.4000
~ 0.8667 0.3333 0.9333 0.4000
~ 0.9333 0.3333 1.0000 0.4000
~ 0.0000 0.4000 0.0667 0.4667
~ 0.0667 0.4000 0.1333 0.4667
~ 0.1333 0.4000 0.2000 0.4667
~ 0.2000 0.4000 0.2667 0.4667
~ 0.2667 0.4000 0.3333 0.4667
Q 0.3333 0.4000 0.4000 0.4667
U 0.4000 0.4000 0.4667 0.4667
A 0.4667 0.4000 0.5333 0.4667
N 0.5333 0.4000 0.6000 0.4667
T 0.6000 0.4000 0.6667 0.4667
S 0.6667 0.4000 0.7333 0.4667
~ 0.7333 0.4000 0.8000 0.4667
~ 0.8000 0.4000 0.8667 0.4667
~ 0.8667 0.4000 0.9333 0.4667
S 0.9333 0.4000 1.0000 0.4667
~ 0.0000 0.4667 0.0667 0.5333
~ 0.0667 0.4667 0.1333 0.5333
~ 0.1333 0.4667 0.2000 0.5333
~ 0.2000 0.4667 0.2667 0.5333
P 0.2667 0.4667 0.3333 0.5333
I 0.3333 0.4667 0.4000 0.5333
R 0.4000 0.4667 0.4667 0.5333
I 0.4667 0.4667 0.5333 0.5333
~ 0.5333 0.4667 0.6000 0.5333
E 0.6000 0.4667 0.6667 0.5333
T 0.6667 0.4667 0.7333 0.5333
H 0.7333 0.4667 0.8000 0.5333
N 0.8000 0.4667 0.8667 0.5333
I 0.8667 0.4667 0.9333 0.5333
C 0.9333 0.4667 1.0000 0.5333
S 0.0000 0.5333 0.0667 0.6000
E 0.0667 0.5333 0.1333 0.6000
C 0.1333 0.5333 0.2000 0.6000
~ 0.2000 0.5333 0.2667 0.6000
U 0.2667 0.5333 0.3333 0.6000
~ 0.3333 0.5333 0.4000 0.6000
N 0.4000 0.5333 0.4667 0.6000
~ 0.4667 0.5333 0.5333 0.6000
~ 0.5333 0.5333 0.6000 0.6000
~ 0.6000 0.5333 0.6667 0.6000
L 0.6667 0.5333 0.7333 0.6000
~ 0.7333 0.5333 0.8000 0.6000
~ 0.8000 0.5333 0.8667 0.6000
~ 0.8667 0.5333 0.9333 0.6000
A 0.9333 0.5333 1.0000 0.6000
~ 0.0000 0.6000 0.0667 0.6667
V 0.0667 0.6000 0.1333 0.6667
~ 0.1333 0.6000 0.2000 0.6667
~ 0.2000 0.6000 0.2667 0.6667
B 0.2667 0.6000 0.3333 0.6667
Y 0.3333 0.6000 0.4000 0.6667
E 0.4000 0.6000 0.4667 0.6667
~ 0.4667 0.6000 0.5333 0.6667
~ 0.5333 0.6000 0.6000 0.6667
F 0.6000 0.6000 0.6667 0.6667
E 0.6667 0.6000 0.7333 0.6667
M 0.7333 0.6000 0.8000 0.6667
~ 0.8000 0.6000 0.8667 0.6667
~ 0.8667 0.6000 0.9333 0.6667
L 0.9333 0.6000 1.0000 0.6667
P 0.0000 0.6667 0.0667 0.7333
E 0.0667 0.6667 0.1333 0.7333
W 0.1333 0.6667 0.2000 0.7333
~ 0.2000 0.6667 0.2667 0.7333
E 0.2667 0.6667 0.3333 0.7333
A 0.3333 0.6667 0.4000 0.7333
R 0.4000 0.6667 0.4667 0.7333
~ 0.4667 0.6667 0.5333 0.7333
~ 0.5333 0.6667 0.6000 0.7333
U 0.6000 0.6667 0.6667 0.7333
D 0.6667 0.6667 0.7333 0.7333
O 0.7333 0.6667 0.8000 0.7333
~ 0.8000 0.6667 0.8667 0.7333
~ 0.8667 0.6667 0.9333 0.7333
L 0.9333 0.6667 1.0000 0.7333
~ 0.0000 0.7333 0.0667 0.8000
N 0.0667 0.7333 0.1333 0.8000
A 0.1333 0.7333 0.2000 0.8000
Y 0.2000 0.7333 0.2667 0.8000
~ 0.2667 0.7333 0.3333 0.8000
R 0.3333 0.7333 0.4000 0.8000
~ 0.4000 0.7333 0.4667 0.8000
~ 0.4667 0.7333 0.5333 0.8000
~ 0.5333 0.7333 0.6000 0.8000
Z 0.6000 0.7333 0.6667 0.8000
~ 0.6667 0.7333 0.7333 0.8000
I 0.7333 0.7333 0.8000 0.8000
~ 0.8000 0.7333 0.8667 0.8000
~ 0.8667 0.7333 0.9333 0.8000
I 0.9333 0.7333 1.0000 0.8000
~ 0.0000 0.8000 0.0667 0.8667
T 0.0667 0.8000 0.1333 0.8667
R 0.1333 0.8000 0.2000 0.8667
A 0.2000 0.8000 0.2667 0.8667
I 0.2667 0.8000 0.3333 0.8667
N 0.3333 0.8000 0.4000 0.8667
E 0.4000 0.8000 0.4667 0.8667
D 0.4667 0.8000 0.5333 0.8667
~ 0.5333 0.8000 0.6000 0.8667
E 0.6000 0.8000 0.6667 0.8667
~ 0.6667 0.8000 0.7333 0.8667
~ 0.7333 0.8000 0.8000 0.8667
V 0.8000 0.8000 0.8667 0.8667
~ 0.8667 0.8000 0.9333 0.8667
O 0.9333 0.8000 1.0000 0.8667
~ 0.0000 0.8667 0.0667 0.9333
E 0.0667 0.8667 0.1333 0.9333
~ 0.1333 0.8667 0.2000 0.9333
~ 0.2000 0.8667 0.2667 0.9333
~ 0.2667 0.8667 0.3333 0.9333
~ 0.3333 0.8667 0.4000 0.9333
~ 0.4000 0.8667 0.4667 0.9333
A 0.4667 0.8667 0.5333 0.9333
~ 0.5333 0.8667 0.6000 0.9333
~ 0.6000 0.8667 0.6667 0.9333
~ 0.6667 0.8667 0.7333 0.9333
~ 0.7333 0.8667 0.8000 0.9333
A 0.8000 0.8667 0.8667 0.9333
~ 0.8667 0.8667 0.9333 0.9333
N 0.9333 0.8667 1.0000 0.9333
G 0.0000 0.9333 0.0667 1.0000
R 0.0667 0.9333 0.1333 1.0000
A 0.1333 0.9333 0.2000 1.0000
I 0.2000 0.9333 0.2667 1.0000
L 0.2667 0.9333 0.3333 1.0000
~ 0.3333 0.9333 0.4000 1.0000
~ 0.4000 0.9333 0.4667 1.0000
M 0.4667 0.9333 0.5333 1.0000
E 0.5333 0.9333 0.6000 1.0000
G 0.6000 0.9333 0.6667 1.0000
~ 0.6667 0.9333 0.7333 1.0000
R 0.7333 0.9333 0.8000 1.0000
U 0.8000 0.9333 0.8667 1.0000
T 0.8667 0.9333 0.9333 1.0000
~ 0.9333 0.9333 1.0000 1.0000
