~ 0.0000 0.0000 0.0667 0.0667
~ 0.0667 0.0000 0.1333 0.0667
~ 0.1333 0.0000 0.2000 0.0667
~ 0.2000 0.0000 0.2667 0.0667
~ 0.2667 0.0000 0.3333 0.0667
~ 0.3333 0.0000 0.4000 0.0667
~ 0.4000 0.0000 0.4667 0.0667
P 0.4667 0.0000 0.5333 0.0667
~ 0.5333 0.0000 0.6000 0.0667
~ 0.6000 0.0000 0.6667 0.0667
~ 0.6667 0.0000 0.7333 0.0667
~ 0.7333 0.0000 0.8000 0.0667
~ 0.8000 0.0000 0.8667 0.0667
P 0.8667 0.0000 0.9333 0.0667
~ 0.9333 0.0000 1.0000 0.0667
~ 0.0000 0.0667 0.0667 0.1333
~ 0.0667 0.0667 0.1333 0.1333
~ 0.1333 0.0667 0.2000 0.1333
~ 0.2000 0.0667 0.2667 0.1333
J 0.2667 0.0667 0.3333 0.1333
U 0.3333 0.0667 0.4000 0.1333
C 0.4000 0.0667 0.4667 0.1333
O 0.4667 0.0667 0.5333 0.1333
~ 0.5333 0.0667 0.6000 0.1333
~ 0.6000 0.0667 0.6667 0.1333
~ 0.6667 0.0667 0.7333 0.1333
~ 0.7333 0.0667 0.8000 0.1333
C 0.8000 0.0667 0.8667 0.1333
O 0.8667 0.0667 0.9333 0.1333
W 0.9333 0.0667 1.0000 0.1333
~ 0.0000 0.1333 0.0667 0.2000
~ 0.0667 0.1333 0.1333 0.2000
~ 0.1333 0.1333 0.2000 0.2000
~ 0.2000 0.1333 0.2667 0.2000
~ 0.2667 0.1333 0.3333 0.2000
~ 0.3333 0.1333 0.4000 0.2000
~ 0.4000 0.1333 0.4667 0.2000
K 0.4667 0.1333 0.5333 0.2000
I 0.5333 0.1333 0.6000 0.2000
D 0.6000 0.1333 0.6667 0.2000
~ 0.6667 0.1333 0.7333 0.2000
~ 0.7333 0.1333 0.8000 0.2000
~ 0.8000 0.1333 0.8667 0.2000
N 0.8667 0.1333 0.9333 0.2000
E 0.9333 0.1333 1.0000 0.2000
~ 0.0000 0.2000 0.0667 0.2667
~ 0.0667 0.2000 0.1333 0.2667
Q 0.1333 0.2000 0.2000 0.2667
I 0.2000 0.2000 0.2667 0.2667
S 0.2667 0.2000 0.3333 0.2667
~ 0.3333 0.2000 0.4000 0.2667
~ 0.4000 0.2000 0.4667 0.2667
E 0.4667 0.2000 0.5333 0.2667
~ 0.5333 0.2000 0.6000 0.2667
A 0.6000 0.2000 0.6667 0.2667
Z 0.6667 0.2000 0.7333 0.2667
I 0.7333 0.2000 0.8000 0.2667
D 0.8000 0.2000 0.8667 0.2667
E 0.8667 0.2000 0.9333 0.2667
S 0.9333 0.2000 1.0000 0.2667
~ 0.0000 0.2667 0.0667 0.3333
~ 0.0667 0.2667 0.1333 0.3333
~ 0.1333 0.2667 0.2000 0.3333
~ 0.2000 0.2667 0.2667 0.3333
E 0.2667 0.2667 0.3333 0.3333
N 0.3333 0.2667 0.4000 0.3333
E 0.4000 0.2667 0.4667 0.3333
R 0.4667 0.2667 0.5333 0.3333
G 0.5333 0.2667 0.6000 0.3333
Y 0.6000 0.2667 0.6667 0.3333
~ 0.6667 0.2667 0.7333 0.3333
~ 0.7333 0.2667 0.8000 0.3333
A 0.8000 0.2667 0.8667 0.3333
~ 0.8667 0.2667 0.9333 0.3333
~ 0.9333 0.2667 1.0000 0.3333
~ 0.0000 0.3333 0.0667 0.4000
V 0.0667 0.3333 0.1333 0.4000
O 0.1333 0.3333 0.2000 0.4000
L 0.2000 0.3333 0.2667 0.4000
I 0.2667 0.3333 0.3333 0.4000
E 0.3333 0.3333 0.4000 0.4000
~ 0.4000 0.3333 0.4667 0.4000
~ 0.4667 0.3333 0.5333 0.4000
~ 0.5333 0.3333 0.6000 0.4000
~ 0.6000 0.3333 0.6667 0.4000
~ 0.6667 0.3333 0.7333 0.4000
~ 0.7333 0.3333 0.8000 0.4000
~ 0.8000 0.3333 0.8667 0.4000
~ 0.8667 0.3333 0.9333 0.4000
~ 0.9333 0.3333 1.0000 0.4000
~ 0.0000 0.4000 0.0667 0.4667
~ 0.0667 0.4000 0.1333 0.4667
~ 0.1333 0.4000 0.2000 0.4667
~ 0.2000 0.4000 0.2667 0.4667
~ 0.2667 0.4000 0.3333 0.4667
T 0.3333 0.4000 0.4000 0.4667
O 0.4000 0.4000 0.4667 0.4667
L 0.4667 0.4000 0.5333 0.4667
U 0.5333 0.4000 0.6000 0.4667
~ 0.6000 0.4000 0.6667 0.4667
~ 0.6667 0.4000 0.7333 0.4667
~ 0.7333 0.4000 0.8000 0.4667
~ 0.8000 0.4000 0.8667 0.4667
~ 0.8667 0.4000 0.9333 0.4667
~ 0.9333 0.4000 1.0000 0.4667
T 0.0000 0.4667 0.0667 0.5333
R 0.0667 0.4667 0.1333 0.5333
A 0.1333 0.4667 0.2000 0.5333
V 0.2000 0.4667 0.2667 0.5333
E 0.2667 0.4667 0.3333 0.5333
~ 0.3333 0.4667 0.4000 0.5333
W 0.4000 0.4667 0.4667 0.5333
O 0.4667 0.4667 0.5333 0.5333
N 0.5333 0.4667 0.6000 0.5333
T 0.6000 0.4667 0.6667 0.5333
~ 0.6667 0.4667 0.7333 0.5333
~ 0.7333 0.4667 0.8000 0.5333
I 0.8000 0.4667 0.8667 0.5333
B 0.8667 0.4667 0.9333 0.5333
S 0.9333 0.4667 1.0000 0.5333
~ 0.0000 0.5333 0.0667 0.6000
~ 0.0667 0.5333 0.1333 0.6000
~ 0.1333 0.5333 0.2000 0.6000
A 0.2000 0.5333 0.2667 0.6000
~ 0.2667 0.5333 0.3333 0.6000
~ 0.3333 0.5333 0.4000 0.6000
~ 0.4000 0.5333 0.4667 0.6000
~ 0.4667 0.5333 0.5333 0.6000
~ 0.5333 0.5333 0.6000 0.6000
R 0.6000 0.5333 0.6667 0.6000
~ 0.6667 0.5333 0.7333 0.6000
~ 0.7333 0.5333 0.8000 0.6000
~ 0.8000 0.5333 0.8667 0.6000
R 0.8667 0.5333 0.9333 0.6000
~ 0.9333 0.5333 1.0000 0.6000
~ 0.0000 0.6000 0.0667 0.6667
~ 0.0667 0.6000 0.1333 0.6667
E 0.1333 0.6000 0.2000 0.6667
N 0.2000 0.6000 0.2667 0.6667
T 0.2667 0.6000 0.3333 0.6667
R 0.3333 0.6000 0.4000 0.6667
E 0.4000 0.6000 0.4667 0.6667
~ 0.4667 0.6000 0.5333 0.6667
T 0.5333 0.6000 0.6000 0.6667
Y 0.6000 0.6000 0.6667 0.6667
~ 0.6667 0.6000 0.7333 0.6667
~ 0.7333 0.6000 0.8000 0.6667
~ 0.8000 0.6000 0.8667 0.6667
A 0.8667 0.6000 0.9333 0.6667
~ 0.9333 0.6000 1.0000 0.6667
~ 0.0000 0.6667 0.0667 0.7333
~ 0.0667 0.6667 0.1333 0.7333
~ 0.1333 0.6667 0.2000 0.7333
G 0.2000 0.6667 0.2667 0.7333
O 0.2667 0.6667 0.3333 0.7333
~ 0.3333 0.6667 0.4000 0.7333
~ 0.4000 0.6667 0.4667 0.7333
L 0.4667 0.6667 0.5333 0.7333
~ 0.5333 0.6667 0.6000 0.7333
~ 0.6000 0.6667 0.6667 0.7333
~ 0.6667 0.6667 0.7333 0.7333
~ 0.7333 0.6667 0.8000 0.7333
B 0.8000 0.6667 0.8667 0.7333
I 0.8667 0.6667 0.9333 0.7333
~ 0.9333 0.6667 1.0000 0.7333
~ 0.0000 0.7333 0.0667 0.8000
~ 0.0667 0.7333 0.1333 0.8000
~ 0.1333 0.7333 0.2000 0.8000
~ 0.2000 0.7333 0.2667 0.8000
~ 0.2667 0.7333 0.3333 0.8000
~ 0.3333 0.7333 0.4000 0.8000
~ 0.4000 0.7333 0.4667 0.8000
M 0.4667 0.7333 0.5333 0.8000
A 0.5333 0.7333 0.6000 0.8000
F 0.6000 0.7333 0.6667 0.8000
I 0.6667 0.7333 0.7333 0.8000
I 0.7333 0.7333 0.8000 0.8000
A 0.8000 0.7333 0.8667 0.8000
~ 0.8667 0.7333 0.9333 0.8000
~ 0.9333 0.7333 1.0000 0.8000
~ 0.0000 0.8000 0.0667 0.8667
~ 0.0667 0.8000 0.1333 0.8667
~ 0.1333 0.8000 0.2000 0.8667
~ 0.2000 0.8000 0.2667 0.8667
A 0.2667 0.8000 0.3333 0.8667
~ 0.3333 0.8000 0.4000 0.8667
~ 0.4000 0.8000 0.4667 0.8667
N 0.4667 0.8000 0.5333 0.8667
~ 0.5333 0.8000 0.6000 0.8667
~ 0.6000 0.8000 0.6667 0.8667
~ 0.6667 0.8000 0.7333 0.8667
~ 0.7333 0.8000 0.8000 0.8667
~ 0.8000 0.8000 0.8667 0.8667
E 0.8667 0.8000 0.9333 0.8667
~ 0.9333 0.8000 1.0000 0.8667
~ 0.0000 0.8667 0.0667 0.9333
S 0.0667 0.8667 0.1333 0.9333
~ 0.1333 0.8667 0.2000 0.9333
H 0.2000 0.8667 0.2667 0.9333
E 0.2667 0.8667 0.3333 0.9333
X 0.3333 0.8667 0.4000 0.9333
~ 0.4000 0.8667 0.4667 0.9333
E 0.4667 0.8667 0.5333 0.9333
~ 0.5333 0.8667 0.6000 0.9333
~ 0.6000 0.8667 0.6667 0.9333
~ 0.6667 0.8667 0.7333 0.9333
~ 0.7333 0.8667 0.8000 0.9333
I 0.8000 0.8667 0.8667 0.9333
D 0.8667 0.8667 0.9333 0.9333
~ 0.9333 0.8667 1.0000 0.9333
H 0.0000 0.9333 0.0667 1.0000
O 0.0667 0.9333 0.1333 1.0000
L 0.1333 0.9333 0.2000 1.0000
M 0.2000 0.9333 0.2667 1.0000
~ 0.2667 0.9333 0.3333 1.0000
I 0.3333 0.9333 0.4000 1.0000
~ 0.4000 0.9333 0.4667 1.0000
R 0.4667 0.9333 0.5333 1.0000
~ 0.5333 0.9333 0.6000 1.0000
~ 0.6000 0.9333 0.6667 1.0000
~ 0.6667 0.9333 0.7333 1.0000
~ 0.7333 0.9333 0.8000 1.0000
~ 0.8000 0.9333 0.8667 1.0000
~ 0.8667 0.9333 0.9333 1.0000
~ 0.9333 0.9333 1.0000 1.0000
