W 0.0000 0.0000 0.0667 0.0667
~ 0.0667 0.0000 0.1333 0.0667
~ 0.1333 0.0000 0.2000 0.0667
~ 0.2000 0.0000 0.2667 0.0667
~ 0.2667 0.0000 0.3333 0.0667
~ 0.3333 0.0000 0.4000 0.0667
~ 0.4000 0.0000 0.4667 0.0667
J 0.4667 0.0000 0.5333 0.0667
~ 0.5333 0.0000 0.6000 0.0667
~ 0.6000 0.0000 0.6667 0.0667
~ 0.6667 0.0000 0.7333 0.0667
~ 0.7333 0.0000 0.8000 0.0667
~ 0.8000 0.0000 0.8667 0.0667
~ 0.8667 0.0000 0.9333 0.0667
~ 0.9333 0.0000 1.0000 0.0667
O 0.0000 0.0667 0.0667 0.1333
U 0.0667 0.0667 0.1333 0.1333
M 0.1333 0.0667 0.2000 0.1333
A 0.2000 0.0667 0.2667 0.1333
~ 0.2667 0.0667 0.3333 0.1333
~ 0.3333 0.0667 0.4000 0.1333
~ 0.4000 0.0667 0.4667 0.1333
E 0.4667 0.0667 0.5333 0.1333
~ 0.5333 0.0667 0.6000 0.1333
~ 0.6000 0.0667 0.6667 0.1333
~ 0.6667 0.0667 0.7333 0.1333
~ 0.7333 0.0667 0.8000 0.1333
~ 0.8000 0.0667 0.8667 0.1333
~ 0.8667 0.0667 0.9333 0.1333
~ 0.9333 0.0667 1.0000 0.1333
N 0.0000 0.1333 0.0667 0.2000
~ 0.0667 0.1333 0.1333 0.2000
~ 0.1333 0.1333 0.2000 0.2000
~ 0.2000 0.1333 0.2667 0.2000
~ 0.2667 0.1333 0.3333 0.2000
~ 0.3333 0.1333 0.4000 0.2000
P 0.4000 0.1333 0.4667 0.2000
E 0.4667 0.1333 0.5333 0.2000
H 0.5333 0.1333 0.6000 0.2000
~ 0.6000 0.1333 0.6667 0.2000
~ 0.6667 0.1333 0.7333 0.2000
~ 0.7333 0.1333 0.8000 0.2000
~ 0.8000 0.1333 0.8667 0.2000
~ 0.8667 0.1333 0.9333 0.2000
~ 0.9333 0.1333 1.0000 0.2000
D 0.0000 0.2000 0.0667 0.2667
A 0.0667 0.2000 0.1333 0.2667
I 0.1333 0.2000 0.2000 0.2667
D 0.2000 0.2000 0.2667 0.2667
L 0.2667 0.2000 0.3333 0.2667
E 0.3333 0.2000 0.4000 0.2667
~ 0.4000 0.2000 0.4667 0.2667
~ 0.4667 0.2000 0.5333 0.2667
~ 0.5333 0.2000 0.6000 0.2667
~ 0.6000 0.2000 0.6667 0.2667
~ 0.6667 0.2000 0.7333 0.2667
D 0.7333 0.2000 0.8000 0.2667
O 0.8000 0.2000 0.8667 0.2667
G 0.8667 0.2000 0.9333 0.2667
Y 0.9333 0.2000 1.0000 0.2667
E 0.0000 0.2667 0.0667 0.3333
~ 0.0667 0.2667 0.1333 0.3333
~ 0.1333 0.2667 0.2000 0.3333
~ 0.2000 0.2667 0.2667 0.3333
~ 0.2667 0.2667 0.3333 0.3333
N 0.3333 0.2667 0.4000 0.3333
I 0.4000 0.2667 0.4667 0.3333
T 0.4667 0.2667 0.5333 0.3333
R 0.5333 0.2667 0.6000 0.3333
I 0.6000 0.2667 0.6667 0.3333
L 0.6667 0.2667 0.7333 0.3333
E 0.7333 0.2667 0.8000 0.3333
~ 0.8000 0.2667 0.8667 0.3333
~ 0.8667 0.2667 0.9333 0.3333
O 0.9333 0.2667 1.0000 0.3333
R 0.0000 0.3333 0.0667 0.4000
~ 0.0667 0.3333 0.1333 0.4000
G 0.1333 0.3333 0.2000 0.4000
R 0.2000 0.3333 0.2667 0.4000
O 0.2667 0.3333 0.3333 0.4000
G 0.3333 0.3333 0.4000 0.4000
~ 0.4000 0.3333 0.4667 0.4000
~ 0.4667 0.3333 0.5333 0.4000
~ 0.5333 0.3333 0.6000 0.4000
~ 0.6000 0.3333 0.6667 0.4000
~ 0.6667 0.3333 0.7333 0.4000
M 0.7333 0.3333 0.8000 0.4000
O 0.8000 0.3333 0.8667 0.4000
W 0.8667 0.3333 0.9333 0.4000
N 0.9333 0.3333 1.0000 0.4000
~ 0.0000 0.4000 0.0667 0.4667
~ 0.0667 0.4000 0.1333 0.4667
~ 0.1333 0.4000 0.2000 0.4667
~ 0.2000 0.4000 0.2667 0.4667
~ 0.2667 0.4000 0.3333 0.4667
~ 0.3333 0.4000 0.4000 0.4667
~ 0.4000 0.4000 0.4667 0.4667
~ 0.4667 0.4000 0.5333 0.4667
~ 0.5333 0.4000 0.6000 0.4667
C 0.6000 0.4000 0.6667 0.4667
L 0.6667 0.4000 0.7333 0.4667
O 0.7333 0.4000 0.8000 0.4667
N 0.8000 0.4000 0.8667 0.4667
~ 0.8667 0.4000 0.9333 0.4667
D 0.9333 0.4000 1.0000 0.4667
~ 0.0000 0.4667 0.0667 0.5333
~ 0.0667 0.4667 0.1333 0.5333
~ 0.1333 0.4667 0.2000 0.5333
~ 0.2000 0.4667 0.2667 0.5333
~ 0.2667 0.4667 0.3333 0.5333
~ 0.3333 0.4667 0.4000 0.5333
K 0.4000 0.4667 0.4667 0.5333
Y 0.4667 0.4667 0.5333 0.5333
~ 0.5333 0.4667 0.6000 0.5333
A 0.6000 0.4667 0.6667 0.5333
~ 0.6667 0.4667 0.7333 0.5333
~ 0.7333 0.4667 0.8000 0.5333
~ 0.8000 0.4667 0.8667 0.5333
~ 0.8667 0.4667 0.9333 0.5333
E 0.9333 0.4667 1.0000 0.5333
~ 0.0000 0.5333 0.0667 0.6000
~ 0.0667 0.5333 0.1333 0.6000
~ 0.1333 0.5333 0.2000 0.6000
~ 0.2000 0.5333 0.2667 0.6000
~ 0.2667 0.5333 0.3333 0.6000
A 0.3333 0.5333 0.4000 0.6000
I 0.4000 0.5333 0.4667 0.6000
A 0.4667 0.5333 0.5333 0.6000
~ 0.5333 0.5333 0.6000 0.6000
V 0.6000 0.5333 0.6667 0.6000
~ 0.6667 0.5333 0.7333 0.6000
~ 0.7333 0.5333 0.8000 0.6000
B 0.8000 0.5333 0.8667 0.6000
~ 0.8667 0.5333 0.9333 0.6000
R 0.9333 0.5333 1.0000 0.6000
~ 0.0000 0.6000 0.0667 0.6667
~ 0.0667 0.6000 0.1333 0.6667
~ 0.1333 0.6000 0.2000 0.6667
F 0.2000 0.6000 0.2667 0.6667
I 0.2667 0.6000 0.3333 0.6667
X 0.3333 0.6000 0.4000 0.6667
~ 0.4000 0.6000 0.4667 0.6667
~ 0.4667 0.6000 0.5333 0.6667
Q 0.5333 0.6000 0.6000 0.6667
I 0.6000 0.6000 0.6667 0.6667
~ 0.6667 0.6000 0.7333 0.6667
~ 0.7333 0.6000 0.8000 0.6667
R 0.8000 0.6000 0.8667 0.6667
~ 0.8667 0.6000 0.9333 0.6667
~ 0.9333 0.6000 1.0000 0.6667
~ 0.0000 0.6667 0.0667 0.7333
~ 0.0667 0.6667 0.1333 0.7333
~ 0.1333 0.6667 0.2000 0.7333
~ 0.2000 0.6667 0.2667 0.7333
F 0.2667 0.6667 0.3333 0.7333
E 0.3333 0.6667 0.4000 0.7333
~ 0.4000 0.6667 0.4667 0.7333
~ 0.4667 0.6667 0.5333 0.7333
A 0.5333 0.6667 0.6000 0.7333
T 0.6000 0.6667 0.6667 0.7333
~ 0.6667 0.6667 0.7333 0.7333
~ 0.7333 0.6667 0.8000 0.7333
A 0.8000 0.6667 0.8667 0.7333
~ 0.8667 0.6667 0.9333 0.7333
~ 0.9333 0.6667 1.0000 0.7333
V 0.0000 0.7333 0.0667 0.8000
E 0.0667 0.7333 0.1333 0.8000
T 0.1333 0.7333 0.2000 0.8000
O 0.2000 0.7333 0.2667 0.8000
~ 0.2667 0.7333 0.3333 0.8000
L 0.3333 0.7333 0.4000 0.8000
E 0.4000 0.7333 0.4667 0.8000
N 0.4667 0.7333 0.5333 0.8000
T 0.5333 0.7333 0.6000 0.8000
I 0.6000 0.7333 0.6667 0.8000
S 0.6667 0.7333 0.7333 0.8000
C 0.7333 0.7333 0.8000 0.8000
S 0.8000 0.7333 0.8667 0.8000
~ 0.8667 0.7333 0.9333 0.8000
~ 0.9333 0.7333 1.0000 0.8000
~ 0.0000 0.8000 0.0667 0.8667
R 0.0667 0.8000 0.1333 0.8667
I 0.1333 0.8000 0.2000 0.8667
P 0.2000 0.8000 0.2667 0.8667
O 0.2667 0.8000 0.3333 0.8667
S 0.3333 0.8000 0.4000 0.8667
T 0.4000 0.8000 0.4667 0.8667
E 0.4667 0.8000 0.5333 0.8667
~ 0.5333 0.8000 0.6000 0.8667
~ 0.6000 0.8000 0.6667 0.8667
~ 0.6667 0.8000 0.7333 0.8667
~ 0.7333 0.8000 0.8000 0.8667
T 0.8000 0.8000 0.8667 0.8667
~ 0.8667 0.8000 0.9333 0.8667
~ 0.9333 0.8000 1.0000 0.8667
~ 0.0000 0.8667 0.0667 0.9333
A 0.0667 0.8667 0.1333 0.9333
Z 0.1333 0.8667 0.2000 0.9333
A 0.2000 0.8667 0.2667 0.9333
N 0.2667 0.8667 0.3333 0.9333
~ 0.3333 0.8667 0.4000 0.9333
~ 0.4000 0.8667 0.4667 0.9333
~ 0.4667 0.8667 0.5333 0.9333
~ 0.5333 0.8667 0.6000 0.9333
S 0.6000 0.8667 0.6667 0.9333
~ 0.6667 0.8667 0.7333 0.9333
~ 0.7333 0.8667 0.8000 0.9333
~ 0.8000 0.8667 0.8667 0.9333
~ 0.8667 0.8667 0.9333 0.9333
~ 0.9333 0.8667 1.0000 0.9333
~ 0.0000 0.9333 0.0667 1.0000
~ 0.0667 0.9333 0.1333 1.0000
~ 0.1333 0.9333 0.2000 1.0000
H 0.2000 0.9333 0.2667 1.0000
E 0.2667 0.9333 0.3333 1.0000
~ 0.3333 0.9333 0.4000 1.0000
~ 0.4000 0.9333 0.4667 1.0000
~ 0.4667 0.9333 0.5333 1.0000
~ 0.5333 0.9333 0.6000 1.0000
~ 0.6000 0.9333 0.6667 1.0000
~ 0.6667 0.9333 0.7333 1.0000
~ 0.7333 0.9333 0.8000 1.0000
~ 0.8000 0.9333 0.8667 1.0000
~ 0.8667 0.9333 0.9333 1.0000
~ 0.9333 0.9333 1.0000 1.0000
