~ 0.0000 0.0000 0.0667 0.0667
~ 0.0667 0.0000 0.1333 0.0667
~ 0.1333 0.0000 0.2000 0.0667
~ 0.2000 0.0000 0.2667 0.0667
~ 0.2667 0.0000 0.3333 0.0667
O 0.3333 0.0000 0.4000 0.0667
I 0.4000 0.0000 0.4667 0.0667
C 0.4667 0.0000 0.5333 0.0667
U 0.5333 0.0000 0.6000 0.0667
U 0.6000 0.0000 0.6667 0.0667
~ 0.6667 0.0000 0.7333 0.0667
~ 0.7333 0.0000 0.8000 0.0667
Z 0.8000 0.0000 0.8667 0.0667
~ 0.8667 0.0000 0.9333 0.0667
Q 0.9333 0.0000 1.0000 0.0667
A 0.0000 0.0667 0.0667 0.1333
D 0.0667 0.0667 0.1333 0.1333
~ 0.1333 0.0667 0.2000 0.1333
~ 0.2000 0.0667 0.2667 0.1333
~ 0.2667 0.0667 0.3333 0.1333
V 0.3333 0.0667 0.4000 0.1333
~ 0.4000 0.0667 0.4667 0.1333
O 0.4667 0.0667 0.5333 0.1333
~ 0.5333 0.0667 0.6000 0.1333
~ 0.6000 0.0667 0.6667 0.1333
~ 0.6667 0.0667 0.7333 0.1333
~ 0.7333 0.0667 0.8000 0.1333
E 0.8000 0.0667 0.8667 0.1333
~ 0.8667 0.0667 0.9333 0.1333
A 0.9333 0.0667 1.0000 0.1333
L 0.0000 0.1333 0.0667 0.2000
E 0.0667 0.1333 0.1333 0.2000
X 0.1333 0.1333 0.2000 0.2000
~ 0.2000 0.1333 0.2667 0.2000
P 0.2667 0.1333 0.3333 0.2000
A 0.3333 0.1333 0.4000 0.2000
N 0.4000 0.1333 0.4667 0.2000
I 0.4667 0.1333 0.5333 0.2000
E 0.5333 0.1333 0.6000 0.2000
R 0.6000 0.1333 0.6667 0.2000
~ 0.6667 0.1333 0.7333 0.2000
~ 0.7333 0.1333 0.8000 0.2000
P 0.8000 0.1333 0.8667 0.2000
S 0.8667 0.1333 0.9333 0.2000
I 0.9333 0.1333 1.0000 0.2000
~ 0.0000 0.2000 0.0667 0.2667
F 0.0667 0.2000 0.1333 0.2667
U 0.1333 0.2000 0.2000 0.2667
M 0.2000 0.2000 0.2667 0.2667
E 0.2667 0.2000 0.3333 0.2667
~ 0.3333 0.2000 0.4000 0.2667
~ 0.4000 0.2000 0.4667 0.2667
R 0.4667 0.2000 0.5333 0.2667
~ 0.5333 0.2000 0.6000 0.2667
~ 0.6000 0.2000 0.6667 0.2667
~ 0.6667 0.2000 0.7333 0.2667
C 0.7333 0.2000 0.8000 0.2667
~ 0.8000 0.2000 0.8667 0.2667
A 0.8667 0.2000 0.9333 0.2667
T 0.9333 0.2000 1.0000 0.2667
~ 0.0000 0.2667 0.0667 0.3333
~ 0.0667 0.2667 0.1333 0.3333
~ 0.1333 0.2667 0.2000 0.3333
~ 0.2000 0.2667 0.2667 0.3333
H 0.2667 0.2667 0.3333 0.3333
O 0.3333 0.2667 0.4000 0.3333
G 0.4000 0.2667 0.4667 0.3333
~ 0.4667 0.2667 0.5333 0.3333
~ 0.5333 0.2667 0.6000 0.3333
~ 0.6000 0.2667 0.6667 0.3333
W 0.6667 0.2667 0.7333 0.3333
O 0.7333 0.2667 0.8000 0.3333
O 0.8000 0.2667 0.8667 0.3333
L 0.8667 0.2667 0.9333 0.3333
~ 0.9333 0.2667 1.0000 0.3333
~ 0.0000 0.3333 0.0667 0.4000
~ 0.0667 0.3333 0.1333 0.4000
~ 0.1333 0.3333 0.2000 0.4000
~ 0.2000 0.3333 0.2667 0.4000
~ 0.2667 0.3333 0.3333 0.4000
F 0.3333 0.3333 0.4000 0.4000
O 0.4000 0.3333 0.4667 0.4000
G 0.4667 0.3333 0.5333 0.4000
~ 0.5333 0.3333 0.6000 0.4000
~ 0.6000 0.3333 0.6667 0.4000
E 0.6667 0.3333 0.7333 0.4000
N 0.7333 0.3333 0.8000 0.4000
~ 0.8000 0.3333 0.8667 0.4000
T 0.8667 0.3333 0.9333 0.4000
~ 0.9333 0.3333 1.0000 0.4000
~ 0.0000 0.4000 0.0667 0.4667
~ 0.0667 0.4000 0.1333 0.4667
~ 0.1333 0.4000 0.2000 0.4667
~ 0.2000 0.4000 0.2667 0.4667
~ 0.2667 0.4000 0.3333 0.4667
~ 0.3333 0.4000 0.4000 0.4667
~ 0.4000 0.4000 0.4667 0.4667
H 0.4667 0.4000 0.5333 0.4667
A 0.5333 0.4000 0.6000 0.4667
J 0.6000 0.4000 0.6667 0.4667
I 0.6667 0.4000 0.7333 0.4667
S 0.7333 0.4000 0.8000 0.4667
~ 0.8000 0.4000 0.8667 0.4667
E 0.8667 0.4000 0.9333 0.4667
~ 0.9333 0.4000 1.0000 0.4667
~ 0.0000 0.4667 0.0667 0.5333
~ 0.0667 0.4667 0.1333 0.5333
~ 0.1333 0.4667 0.2000 0.5333
~ 0.2000 0.4667 0.2667 0.5333
~ 0.2667 0.4667 0.3333 0.5333
T 0.3333 0.4667 0.4000 0.5333
R 0.4000 0.4667 0.4667 0.5333
I 0.4667 0.4667 0.5333 0.5333
G 0.5333 0.4667 0.6000 0.5333
~ 0.6000 0.4667 0.6667 0.5333
R 0.6667 0.4667 0.7333 0.5333
~ 0.7333 0.4667 0.8000 0.5333
D 0.8000 0.4667 0.8667 0.5333
R 0.8667 0.4667 0.9333 0.5333
Y 0.9333 0.4667 1.0000 0.5333
~ 0.0000 0.5333 0.0667 0.6000
~ 0.0667 0.5333 0.1333 0.6000
~ 0.1333 0.5333 0.2000 0.6000
~ 0.2000 0.5333 0.2667 0.6000
~ 0.2667 0.5333 0.3333 0.6000
O 0.3333 0.5333 0.4000 0.6000
~ 0.4000 0.5333 0.4667 0.6000
S 0.4667 0.5333 0.5333 0.6000
O 0.5333 0.5333 0.6000 0.6000
N 0.6000 0.5333 0.6667 0.6000
~ 0.6667 0.5333 0.7333 0.6000
~ 0.7333 0.5333 0.8000 0.6000
~ 0.8000 0.5333 0.8667 0.6000
N 0.8667 0.5333 0.9333 0.6000
E 0.9333 0.5333 1.0000 0.6000
~ 0.0000 0.6000 0.0667 0.6667
~ 0.0667 0.6000 0.1333 0.6667
~ 0.1333 0.6000 0.2000 0.6667
~ 0.2000 0.6000 0.2667 0.6667
~ 0.2667 0.6000 0.3333 0.6667
R 0.3333 0.6000 0.4000 0.6667
~ 0.4000 0.6000 0.4667 0.6667
~ 0.4667 0.6000 0.5333 0.6667
N 0.5333 0.6000 0.6000 0.6667
A 0.6000 0.6000 0.6667 0.6667
K 0.6667 0.6000 0.7333 0.6667
E 0.7333 0.6000 0.8000 0.6667
D 0.8000 0.6000 0.8667 0.6667
~ 0.8667 0.6000 0.9333 0.6667
T 0.9333 0.6000 1.0000 0.6667
E 0.0000 0.6667 0.0667 0.7333
~ 0.0667 0.6667 0.1333 0.7333
~ 0.1333 0.6667 0.2000 0.7333
E 0.2000 0.6667 0.2667 0.7333
N 0.2667 0.6667 0.3333 0.7333
~ 0.3333 0.6667 0.4000 0.7333
~ 0.4000 0.6667 0.4667 0.7333
B 0.4667 0.6667 0.5333 0.7333
~ 0.5333 0.6667 0.6000 0.7333
B 0.6000 0.6667 0.6667 0.7333
A 0.6667 0.6667 0.7333 0.7333
N 0.7333 0.6667 0.8000 0.7333
~ 0.8000 0.6667 0.8667 0.7333
Q 0.8667 0.6667 0.9333 0.7333
I 0.9333 0.6667 1.0000 0.7333
~ 0.0000 0.7333 0.0667 0.8000
~ 0.0667 0.7333 0.1333 0.8000
~ 0.1333 0.7333 0.2000 0.8000
~ 0.2000 0.7333 0.2667 0.8000
E 0.2667 0.7333 0.3333 0.8000
A 0.3333 0.7333 0.4000 0.8000
D 0.4000 0.7333 0.4667 0.8000
I 0.4667 0.7333 0.5333 0.8000
E 0.5333 0.7333 0.6000 0.8000
S 0.6000 0.7333 0.6667 0.8000
~ 0.6667 0.7333 0.7333 0.8000
E 0.7333 0.7333 0.8000 0.8000
A 0.8000 0.7333 0.8667 0.8000
U 0.8667 0.7333 0.9333 0.8000
~ 0.9333 0.7333 1.0000 0.8000
~ 0.0000 0.8000 0.0667 0.8667
~ 0.0667 0.8000 0.1333 0.8667
~ 0.1333 0.8000 0.2000 0.8667
~ 0.2000 0.8000 0.2667 0.8667
~ 0.2667 0.8000 0.3333 0.8667
~ 0.3333 0.8000 0.4000 0.8667
~ 0.4000 0.8000 0.4667 0.8667
T 0.4667 0.8000 0.5333 0.8667
~ 0.5333 0.8000 0.6000 0.8667
~ 0.6000 0.8000 0.6667 0.8667
~ 0.6667 0.8000 0.7333 0.8667
~ 0.7333 0.8000 0.8000 0.8667
~ 0.8000 0.8000 0.8667 0.8667
I 0.8667 0.8000 0.9333 0.8667
~ 0.9333 0.8000 1.0000 0.8667
~ 0.0000 0.8667 0.0667 0.9333
~ 0.0667 0.8667 0.1333 0.9333
~ 0.1333 0.8667 0.2000 0.9333
~ 0.2000 0.8667 0.2667 0.9333
~ 0.2667 0.8667 0.3333 0.9333
~ 0.3333 0.8667 0.4000 0.9333
~ 0.4000 0.8667 0.4667 0.9333
T 0.4667 0.8667 0.5333 0.9333
~ 0.5333 0.8667 0.6000 0.9333
~ 0.6000 0.8667 0.6667 0.9333
~ 0.6667 0.8667 0.7333 0.9333
~ 0.7333 0.8667 0.8000 0.9333
~ 0.8000 0.8667 0.8667 0.9333
L 0.8667 0.8667 0.9333 0.9333
~ 0.9333 0.8667 1.0000 0.9333
~ 0.0000 0.9333 0.0667 1.0000
~ 0.0667 0.9333 0.1333 1.0000
~ 0.1333 0.9333 0.2000 1.0000
~ 0.2000 0.9333 0.2667 1.0000
~ 0.2667 0.9333 0.3333 1.0000
I 0.3333 0.9333 0.4000 1.0000
V 0.4000 0.9333 0.4667 1.0000
Y 0.4667 0.9333 0.5333 1.0000
~ 0.5333 0.9333 0.6000 1.0000
~ 0.6000 0.9333 0.6667 1.0000
~ 0.6667 0.9333 0.7333 1.0000
~ 0.7333 0.9333 0.8000 1.0000
~ 0.8000 0.9333 0.8667 1.0000
L 0.8667 0.9333 0.9333 1.0000
~ 0.9333 0.9333 1.0000 1.0000
