C 0.0000 0.0000 0.0667 0.0667
A 0.0667 0.0000 0.1333 0.0667
M 0.1333 0.0000 0.2000 0.0667
P 0.2000 0.0000 0.2667 0.0667
~ 0.2667 0.0000 0.3333 0.0667
~ 0.3333 0.0000 0.4000 0.0667
U 0.4000 0.0000 0.4667 0.0667
O 0.4667 0.0000 0.5333 0.0667
S 0.5333 0.0000 0.6000 0.0667
~ 0.6000 0.0000 0.6667 0.0667
F 0.6667 0.0000 0.7333 0.0667
E 0.7333 0.0000 0.8000 0.0667
L 0.8000 0.0000 0.8667 0.0667
O 0.8667 0.0000 0.9333 0.0667
N 0.9333 0.0000 1.0000 0.0667
~ 0.0000 0.0667 0.0667 0.1333
~ 0.0667 0.0667 0.1333 0.1333
U 0.1333 0.0667 0.2000 0.1333
~ 0.2000 0.0667 0.2667 0.1333
~ 0.2667 0.0667 0.3333 0.1333
~ 0.3333 0.0667 0.4000 0.1333
~ 0.4000 0.0667 0.4667 0.1333
~ 0.4667 0.0667 0.5333 0.1333
K 0.5333 0.0667 0.6000 0.1333
Y 0.6000 0.0667 0.6667 0.1333
E 0.6667 0.0667 0.7333 0.1333
~ 0.7333 0.0667 0.8000 0.1333
~ 0.8000 0.0667 0.8667 0.1333
~ 0.8667 0.0667 0.9333 0.1333
~ 0.9333 0.0667 1.0000 0.1333
V 0.0000 0.1333 0.0667 0.2000
~ 0.0667 0.1333 0.1333 0.2000
R 0.1333 0.1333 0.2000 0.2000
~ 0.2000 0.1333 0.2667 0.2000
H 0.2667 0.1333 0.3333 0.2000
A 0.3333 0.1333 0.4000 0.2000
R 0.4000 0.1333 0.4667 0.2000
D 0.4667 0.1333 0.5333 0.2000
~ 0.5333 0.1333 0.6000 0.2000
E 0.6000 0.1333 0.6667 0.2000
R 0.6667 0.1333 0.7333 0.2000
~ 0.7333 0.1333 0.8000 0.2000
~ 0.8000 0.1333 0.8667 0.2000
~ 0.8667 0.1333 0.9333 0.2000
~ 0.9333 0.1333 1.0000 0.2000
O 0.0000 0.2000 0.0667 0.2667
~ 0.0667 0.2000 0.1333 0.2667
R 0.1333 0.2000 0.2000 0.2667
~ 0.2000 0.2000 0.2667 0.2667
~ 0.2667 0.2000 0.3333 0.2667
G 0.3333 0.2000 0.4000 0.2667
~ 0.4000 0.2000 0.4667 0.2667
~ 0.4667 0.2000 0.5333 0.2667
~ 0.5333 0.2000 0.6000 0.2667
~ 0.6000 0.2000 0.6667 0.2667
N 0.6667 0.2000 0.7333 0.2667
O 0.7333 0.2000 0.8000 0.2667
T 0.8000 0.2000 0.8667 0.2667
E 0.8667 0.2000 0.9333 0.2667
D 0.9333 0.2000 1.0000 0.2667
L 0.0000 0.2667 0.0667 0.3333
~ 0.0667 0.2667 0.1333 0.3333
A 0.1333 0.2667 0.2000 0.3333
~ 0.2000 0.2667 0.2667 0.3333
J 0.2667 0.2667 0.3333 0.3333
O 0.3333 0.2667 0.4000 0.3333
~ 0.4000 0.2667 0.4667 0.3333
~ 0.4667 0.2667 0.5333 0.3333
Q 0.5333 0.2667 0.6000 0.3333
I 0.6000 0.2667 0.6667 0.3333
~ 0.6667 0.2667 0.7333 0.3333
~ 0.7333 0.2667 0.8000 0.3333
~ 0.8000 0.2667 0.8667 0.3333
~ 0.8667 0.2667 0.9333 0.3333
~ 0.9333 0.2667 1.0000 0.3333
U 0.0000 0.3333 0.0667 0.4000
~ 0.0667 0.3333 0.1333 0.4000
I 0.1333 0.3333 0.2000 0.4000
~ 0.2000 0.3333 0.2667 0.4000
A 0.2667 0.3333 0.3333 0.4000
~ 0.3333 0.3333 0.4000 0.4000
W 0.4000 0.3333 0.4667 0.4000
~ 0.4667 0.3333 0.5333 0.4000
U 0.5333 0.3333 0.6000 0.4000
T 0.6000 0.3333 0.6667 0.4000
~ 0.6667 0.3333 0.7333 0.4000
~ 0.7333 0.3333 0.8000 0.4000
~ 0.8000 0.3333 0.8667 0.4000
~ 0.8667 0.3333 0.9333 0.4000
~ 0.9333 0.3333 1.0000 0.4000
T 0.0000 0.4000 0.0667 0.4667
E 0.0667 0.4000 0.1333 0.4667
N 0.1333 0.4000 0.2000 0.4667
A 0.2000 0.4000 0.2667 0.4667
B 0.2667 0.4000 0.3333 0.4667
L 0.3333 0.4000 0.4000 0.4667
E 0.4000 0.4000 0.4667 0.4667
~ 0.4667 0.4000 0.5333 0.4667
A 0.5333 0.4000 0.6000 0.4667
~ 0.6000 0.4000 0.6667 0.4667
~ 0.6667 0.4000 0.7333 0.4667
~ 0.7333 0.4000 0.8000 0.4667
~ 0.8000 0.4000 0.8667 0.4667
~ 0.8667 0.4000 0.9333 0.4667
~ 0.9333 0.4000 1.0000 0.4667
E 0.0000 0.4667 0.0667 0.5333
~ 0.0667 0.4667 0.1333 0.5333
S 0.1333 0.4667 0.2000 0.5333
~ 0.2000 0.4667 0.2667 0.5333
~ 0.2667 0.4667 0.3333 0.5333
~ 0.3333 0.4667 0.4000 0.5333
F 0.4000 0.4667 0.4667 0.5333
I 0.4667 0.4667 0.5333 0.5333
G 0.5333 0.4667 0.6000 0.5333
~ 0.6000 0.4667 0.6667 0.5333
~ 0.6667 0.4667 0.7333 0.5333
~ 0.7333 0.4667 0.8000 0.5333
~ 0.8000 0.4667 0.8667 0.5333
~ 0.8667 0.4667 0.9333 0.5333
~ 0.9333 0.4667 1.0000 0.5333
~ 0.0000 0.5333 0.0667 0.6000
~ 0.0667 0.5333 0.1333 0.6000
~ 0.1333 0.5333 0.2000 0.6000
~ 0.2000 0.5333 0.2667 0.6000
~ 0.2667 0.5333 0.3333 0.6000
A 0.3333 0.5333 0.4000 0.6000
T 0.4000 0.5333 0.4667 0.6000
~ 0.4667 0.5333 0.5333 0.6000
~ 0.5333 0.5333 0.6000 0.6000
~ 0.6000 0.5333 0.6667 0.6000
~ 0.6667 0.5333 0.7333 0.6000
~ 0.7333 0.5333 0.8000 0.6000
~ 0.8000 0.5333 0.8667 0.6000
~ 0.8667 0.5333 0.9333 0.6000
~ 0.9333 0.5333 1.0000 0.6000
~ 0.0000 0.6000 0.0667 0.6667
~ 0.0667 0.6000 0.1333 0.6667
~ 0.1333 0.6000 0.2000 0.6667
~ 0.2000 0.6000 0.2667 0.6667
~ 0.2667 0.6000 0.3333 0.6667
B 0.3333 0.6000 0.4000 0.6667
~ 0.4000 0.6000 0.4667 0.6667
~ 0.4667 0.6000 0.5333 0.6667
~ 0.5333 0.6000 0.6000 0.6667
~ 0.6000 0.6000 0.6667 0.6667
~ 0.6667 0.6000 0.7333 0.6667
~ 0.7333 0.6000 0.8000 0.6667
~ 0.8000 0.6000 0.8667 0.6667
~ 0.8667 0.6000 0.9333 0.6667
~ 0.9333 0.6000 1.0000 0.6667
~ 0.0000 0.6667 0.0667 0.7333
~ 0.0667 0.6667 0.1333 0.7333
~ 0.1333 0.6667 0.2000 0.7333
W 0.2000 0.6667 0.2667 0.7333
I 0.2667 0.6667 0.3333 0.7333
R 0.3333 0.6667 0.4000 0.7333
I 0.4000 0.6667 0.4667 0.7333
L 0.4667 0.6667 0.5333 0.7333
Y 0.5333 0.6667 0.6000 0.7333
~ 0.6000 0.6667 0.6667 0.7333
Z 0.6667 0.6667 0.7333 0.7333
~ 0.7333 0.6667 0.8000 0.7333
~ 0.8000 0.6667 0.8667 0.7333
~ 0.8667 0.6667 0.9333 0.7333
~ 0.9333 0.6667 1.0000 0.7333
~ 0.0000 0.7333 0.0667 0.8000
M 0.0667 0.7333 0.1333 0.8000
O 0.1333 0.7333 0.2000 0.8000
O 0.2000 0.7333 0.2667 0.8000
~ 0.2667 0.7333 0.3333 0.8000
I 0.3333 0.7333 0.4000 0.8000
~ 0.4000 0.7333 0.4667 0.8000
~ 0.4667 0.7333 0.5333 0.8000
A 0.5333 0.7333 0.6000 0.8000
N 0.6000 0.7333 0.6667 0.8000
E 0.6667 0.7333 0.7333 0.8000
R 0.7333 0.7333 0.8000 0.8000
G 0.8000 0.7333 0.8667 0.8000
I 0.8667 0.7333 0.9333 0.8000
C 0.9333 0.7333 1.0000 0.8000
N 0.0000 0.8000 0.0667 0.8667
E 0.0667 0.8000 0.1333 0.8667
X 0.1333 0.8000 0.2000 0.8667
T 0.2000 0.8000 0.2667 0.8667
~ 0.2667 0.8000 0.3333 0.8667
~ 0.3333 0.8000 0.4000 0.8667
~ 0.4000 0.8000 0.4667 0.8667
~ 0.4667 0.8000 0.5333 0.8667
~ 0.5333 0.8000 0.6000 0.8667
~ 0.6000 0.8000 0.6667 0.8667
~ 0.6667 0.8000 0.7333 0.8667
~ 0.7333 0.8000 0.8000 0.8667
~ 0.8000 0.8000 0.8667 0.8667
~ 0.8667 0.8000 0.9333 0.8667
H 0.9333 0.8000 1.0000 0.8667
~ 0.0000 0.8667 0.0667 0.9333
N 0.0667 0.8667 0.1333 0.9333
O 0.1333 0.8667 0.2000 0.9333
S 0.2000 0.8667 0.2667 0.9333
E 0.2667 0.8667 0.3333 0.9333
~ 0.3333 0.8667 0.4000 0.9333
~ 0.4000 0.8667 0.4667 0.9333
~ 0.4667 0.8667 0.5333 0.9333
~ 0.5333 0.8667 0.6000 0.9333
~ 0.6000 0.8667 0.6667 0.9333
~ 0.6667 0.8667 0.7333 0.9333
~ 0.7333 0.8667 0.8000 0.9333
~ 0.8000 0.8667 0.8667 0.9333
~ 0.8667 0.8667 0.9333 0.9333
I 0.9333 0.8667 1.0000 0.9333
~ 0.0000 0.9333 0.0667 1.0000
~ 0.0667 0.9333 0.1333 1.0000
~ 0.1333 0.9333 0.2000 1.0000
~ 0.2000 0.9333 0.2667 1.0000
~ 0.2667 0.9333 0.3333 1.0000
~ 0.3333 0.9333 0.4000 1.0000
~ 0.4000 0.9333 0.4667 1.0000
S 0.4667 0.9333 0.5333 1.0000
P 0.5333 0.9333 0.6000 1.0000
I 0.6000 0.9333 0.6667 1.0000
~ 0.6667 0.9333 0.7333 1.0000
A 0.7333 0.9333 0.8000 1.0000
T 0.8000 0.9333 0.8667 1.0000
E 0.8667 0.9333 0.9333 1.0000
D 0.9333 0.9333 1.0000 1.0000
