W 0.0000 0.0000 0.0667 0.0667
O 0.0667 0.0000 0.1333 0.0667
M 0.1333 0.0000 0.2000 0.0667
B 0.2000 0.0000 0.2667 0.0667
~ 0.2667 0.0000 0.3333 0.0667
~ 0.3333 0.0000 0.4000 0.0667
~ 0.4000 0.0000 0.4667 0.0667
A 0.4667 0.0000 0.5333 0.0667
~ 0.5333 0.0000 0.6000 0.0667
A 0.6000 0.0000 0.6667 0.0667
~ 0.6667 0.0000 0.7333 0.0667
A 0.7333 0.0000 0.8000 0.0667
S 0.8000 0.0000 0.8667 0.0667
I 0.8667 0.0000 0.9333 0.0667
S 0.9333 0.0000 1.0000 0.0667
~ 0.0000 0.0667 0.0667 0.1333
D 0.0667 0.0667 0.1333 0.1333
I 0.1333 0.0667 0.2000 0.1333
E 0.2000 0.0667 0.2667 0.1333
T 0.2667 0.0667 0.3333 0.1333
H 0.3333 0.0667 0.4000 0.1333
E 0.4000 0.0667 0.4667 0.1333
R 0.4667 0.0667 0.5333 0.1333
~ 0.5333 0.0667 0.6000 0.1333
R 0.6000 0.0667 0.6667 0.1333
O 0.6667 0.0667 0.7333 0.1333
W 0.7333 0.0667 0.8000 0.1333
~ 0.8000 0.0667 0.8667 0.1333
~ 0.8667 0.0667 0.9333 0.1333
~ 0.9333 0.0667 1.0000 0.1333
P 0.0000 0.1333 0.0667 0.2000
A 0.0667 0.1333 0.1333 0.2000
R 0.1333 0.1333 0.2000 0.2000
E 0.2000 0.1333 0.2667 0.2000
O 0.2667 0.1333 0.3333 0.2000
~ 0.3333 0.1333 0.4000 0.2000
F 0.4000 0.1333 0.4667 0.2000
R 0.4667 0.1333 0.5333 0.2000
I 0.5333 0.1333 0.6000 0.2000
T 0.6000 0.1333 0.6667 0.2000
~ 0.6667 0.1333 0.7333 0.2000
~ 0.7333 0.1333 0.8000 0.2000
~ 0.8000 0.1333 0.8667 0.2000
~ 0.8667 0.1333 0.9333 0.2000
U 0.9333 0.1333 1.0000 0.2000
~ 0.0000 0.2000 0.0667 0.2667
L 0.0667 0.2000 0.1333 0.2667
I 0.1333 0.2000 0.2000 0.2667
N 0.2000 0.2000 0.2667 0.2667
Y 0.2667 0.2000 0.3333 0.2667
~ 0.3333 0.2000 0.4000 0.2667
~ 0.4000 0.2000 0.4667 0.2667
E 0.4667 0.2000 0.5333 0.2667
~ 0.5333 0.2000 0.6000 0.2667
~ 0.6000 0.2000 0.6667 0.2667
~ 0.6667 0.2000 0.7333 0.2667
~ 0.7333 0.2000 0.8000 0.2667
~ 0.8000 0.2000 0.8667 0.2667
~ 0.8667 0.2000 0.9333 0.2667
N 0.9333 0.2000 1.0000 0.2667
~ 0.0000 0.2667 0.0667 0.3333
~ 0.0667 0.2667 0.1333 0.3333
~ 0.1333 0.2667 0.2000 0.3333
~ 0.2000 0.2667 0.2667 0.3333
~ 0.2667 0.2667 0.3333 0.3333
~ 0.3333 0.2667 0.4000 0.3333
~ 0.4000 0.2667 0.4667 0.3333
S 0.4667 0.2667 0.5333 0.3333
~ 0.5333 0.2667 0.6000 0.3333
~ 0.6000 0.2667 0.6667 0.3333
~ 0.6667 0.2667 0.7333 0.3333
~ 0.7333 0.2667 0.8000 0.3333
~ 0.8000 0.2667 0.8667 0.3333
~ 0.8667 0.2667 0.9333 0.3333
L 0.9333 0.2667 1.0000 0.3333
~ 0.0000 0.3333 0.0667 0.4000
~ 0.0667 0.3333 0.1333 0.4000
F 0.1333 0.3333 0.2000 0.4000
L 0.2000 0.3333 0.2667 0.4000
A 0.2667 0.3333 0.3333 0.4000
U 0.3333 0.3333 0.4000 0.4000
N 0.4000 0.3333 0.4667 0.4000
T 0.4667 0.3333 0.5333 0.4000
E 0.5333 0.3333 0.6000 0.4000
D 0.6000 0.3333 0.6667 0.4000
~ 0.6667 0.3333 0.7333 0.4000
~ 0.7333 0.3333 0.8000 0.4000
~ 0.8000 0.3333 0.8667 0.4000
~ 0.8667 0.3333 0.9333 0.4000
I 0.9333 0.3333 1.0000 0.4000
~ 0.0000 0.4000 0.0667 0.4667
~ 0.0667 0.4000 0.1333 0.4667
~ 0.1333 0.4000 0.2000 0.4667
~ 0.2000 0.4000 0.2667 0.4667
~ 0.2667 0.4000 0.3333 0.4667
P 0.3333 0.4000 0.4000 0.4667
E 0.4000 0.4000 0.4667 0.4667
E 0.4667 0.4000 0.5333 0.4667
N 0.5333 0.4000 0.6000 0.4667
~ 0.6000 0.4000 0.6667 0.4667
~ 0.6667 0.4000 0.7333 0.4667
~ 0.7333 0.4000 0.8000 0.4667
~ 0.8000 0.4000 0.8667 0.4667
~ 0.8667 0.4000 0.9333 0.4667
V 0.9333 0.4000 1.0000 0.4667
~ 0.0000 0.4667 0.0667 0.5333
~ 0.0667 0.4667 0.1333 0.5333
~ 0.1333 0.4667 0.2000 0.5333
A 0.2000 0.4667 0.2667 0.5333
G 0.2667 0.4667 0.3333 0.5333
O 0.3333 0.4667 0.4000 0.5333
G 0.4000 0.4667 0.4667 0.5333
E 0.4667 0.4667 0.5333 0.5333
~ 0.5333 0.4667 0.6000 0.5333
~ 0.6000 0.4667 0.6667 0.5333
C 0.6667 0.4667 0.7333 0.5333
H 0.7333 0.4667 0.8000 0.5333
U 0.8000 0.4667 0.8667 0.5333
T 0.8667 0.4667 0.9333 0.5333
E 0.9333 0.4667 1.0000 0.5333
~ 0.0000 0.5333 0.0667 0.6000
~ 0.0667 0.5333 0.1333 0.6000
~ 0.1333 0.5333 0.2000 0.6000
~ 0.2000 0.5333 0.2667 0.6000
L 0.2667 0.5333 0.3333 0.6000
~ 0.3333 0.5333 0.4000 0.6000
~ 0.4000 0.5333 0.4667 0.6000
~ 0.4667 0.5333 0.5333 0.6000
~ 0.5333 0.5333 0.6000 0.6000
~ 0.6000 0.5333 0.6667 0.6000
O 0.6667 0.5333 0.7333 0.6000
~ 0.7333 0.5333 0.8000 0.6000
~ 0.8000 0.5333 0.8667 0.6000
~ 0.8667 0.5333 0.9333 0.6000
D 0.9333 0.5333 1.0000 0.6000
~ 0.0000 0.6000 0.0667 0.6667
~ 0.0667 0.6000 0.1333 0.6667
T 0.1333 0.6000 0.2000 0.6667
R 0.2000 0.6000 0.2667 0.6667
A 0.2667 0.6000 0.3333 0.6667
C 0.3333 0.6000 0.4000 0.6667
K 0.4000 0.6000 0.4667 0.6667
~ 0.4667 0.6000 0.5333 0.6667
~ 0.5333 0.6000 0.6000 0.6667
~ 0.6000 0.6000 0.6667 0.6667
B 0.6667 0.6000 0.7333 0.6667
~ 0.7333 0.6000 0.8000 0.6667
~ 0.8000 0.6000 0.8667 0.6667
~ 0.8667 0.6000 0.9333 0.6667
~ 0.9333 0.6000 1.0000 0.6667
~ 0.0000 0.6667 0.0667 0.7333
~ 0.0667 0.6667 0.1333 0.7333
~ 0.1333 0.6667 0.2000 0.7333
~ 0.2000 0.6667 0.2667 0.7333
Z 0.2667 0.6667 0.3333 0.7333
~ 0.3333 0.6667 0.4000 0.7333
~ 0.4000 0.6667 0.4667 0.7333
~ 0.4667 0.6667 0.5333 0.7333
~ 0.5333 0.6667 0.6000 0.7333
~ 0.6000 0.6667 0.6667 0.7333
I 0.6667 0.6667 0.7333 0.7333
~ 0.7333 0.6667 0.8000 0.7333
~ 0.8000 0.6667 0.8667 0.7333
~ 0.8667 0.6667 0.9333 0.7333
~ 0.9333 0.6667 1.0000 0.7333
~ 0.0000 0.7333 0.0667 0.8000
~ 0.0667 0.7333 0.1333 0.8000
Q 0.1333 0.7333 0.2000 0.8000
U 0.2000 0.7333 0.2667 0.8000
Y 0.2667 0.7333 0.3333 0.8000
T 0.3333 0.7333 0.4000 0.8000
E 0.4000 0.7333 0.4667 0.8000
~ 0.4667 0.7333 0.5333 0.8000
J 0.5333 0.7333 0.6000 0.8000
E 0.6000 0.7333 0.6667 0.8000
A 0.6667 0.7333 0.7333 0.8000
N 0.7333 0.7333 0.8000 0.8000
~ 0.8000 0.7333 0.8667 0.8000
~ 0.8667 0.7333 0.9333 0.8000
~ 0.9333 0.7333 1.0000 0.8000
~ 0.0000 0.8000 0.0667 0.8667
D 0.0667 0.8000 0.1333 0.8667
I 0.1333 0.8000 0.2000 0.8667
~ 0.2000 0.8000 0.2667 0.8667
~ 0.2667 0.8000 0.3333 0.8667
A 0.3333 0.8000 0.4000 0.8667
X 0.4000 0.8000 0.4667 0.8667
I 0.4667 0.8000 0.5333 0.8667
O 0.5333 0.8000 0.6000 0.8667
M 0.6000 0.8000 0.6667 0.8667
S 0.6667 0.8000 0.7333 0.8667
~ 0.7333 0.8000 0.8000 0.8667
~ 0.8000 0.8000 0.8667 0.8667
~ 0.8667 0.8000 0.9333 0.8667
~ 0.9333 0.8000 1.0000 0.8667
~ 0.0000 0.8667 0.0667 0.9333
~ 0.0667 0.8667 0.1333 0.9333
~ 0.1333 0.8667 0.2000 0.9333
V 0.2000 0.8667 0.2667 0.9333
E 0.2667 0.8667 0.3333 0.9333
G 0.3333 0.8667 0.4000 0.9333
O 0.4000 0.8667 0.4667 0.9333
~ 0.4667 0.8667 0.5333 0.9333
~ 0.5333 0.8667 0.6000 0.9333
~ 0.6000 0.8667 0.6667 0.9333
~ 0.6667 0.8667 0.7333 0.9333
~ 0.7333 0.8667 0.8000 0.9333
~ 0.8000 0.8667 0.8667 0.9333
~ 0.8667 0.8667 0.9333 0.9333
~ 0.9333 0.8667 1.0000 0.9333
~ 0.0000 0.9333 0.0667 1.0000
~ 0.0667 0.9333 0.1333 1.0000
~ 0.1333 0.9333 0.2000 1.0000
~ 0.2000 0.9333 0.2667 1.0000
~ 0.2667 0.9333 0.3333 1.0000
~ 0.3333 0.9333 0.4000 1.0000
~ 0.4000 0.9333 0.4667 1.0000
~ 0.4667 0.9333 0.5333 1.0000
~ 0.5333 0.9333 0.6000 1.0000
~ 0.6000 0.9333 0.6667 1.0000
~ 0.6667 0.9333 0.7333 1.0000
~ 0.7333 0.9333 0.8000 1.0000
~ 0.8000 0.9333 0.8667 1.0000
~ 0.8667 0.9333 0.9333 1.0000
~ 0.9333 0.9333 1.0000 1.0000
