~ 0.0000 0.0000 0.0667 0.0667
~ 0.0667 0.0000 0.1333 0.0667
~ 0.1333 0.0000 0.2000 0.0667
~ 0.2000 0.0000 0.2667 0.0667
~ 0.2667 0.0000 0.3333 0.0667
~ 0.3333 0.0000 0.4000 0.0667
~ 0.4000 0.0000 0.4667 0.0667
T 0.4667 0.0000 0.5333 0.0667
R 0.5333 0.0000 0.6000 0.0667
I 0.6000 0.0000 0.6667 0.0667
A 0.6667 0.0000 0.7333 0.0667
G 0.7333 0.0000 0.8000 0.0667
E 0.8000 0.0000 0.8667 0.0667
~ 0.8667 0.0000 0.9333 0.0667
~ 0.9333 0.0000 1.0000 0.0667
~ 0.0000 0.0667 0.0667 0.1333
V 0.0667 0.0667 0.1333 0.1333
~ 0.1333 0.0667 0.2000 0.1333
G 0.2000 0.0667 0.2667 0.1333
L 0.2667 0.0667 0.3333 0.1333
O 0.3333 0.0667 0.4000 0.1333
R 0.4000 0.0667 0.4667 0.1333
I 0.4667 0.0667 0.5333 0.1333
E 0.5333 0.0667 0.6000 0.1333
D 0.6000 0.0667 0.6667 0.1333
~ 0.6667 0.0667 0.7333 0.1333
~ 0.7333 0.0667 0.8000 0.1333
~ 0.8000 0.0667 0.8667 0.1333
T 0.8667 0.0667 0.9333 0.1333
~ 0.9333 0.0667 1.0000 0.1333
~ 0.0000 0.1333 0.0667 0.2000
I 0.0667 0.1333 0.1333 0.2000
~ 0.1333 0.1333 0.2000 0.2000
~ 0.2000 0.1333 0.2667 0.2000
~ 0.2667 0.1333 0.3333 0.2000
~ 0.3333 0.1333 0.4000 0.2000
~ 0.4000 0.1333 0.4667 0.2000
~ 0.4667 0.1333 0.5333 0.2000
~ 0.5333 0.1333 0.6000 0.2000
~ 0.6000 0.1333 0.6667 0.2000
~ 0.6667 0.1333 0.7333 0.2000
~ 0.7333 0.1333 0.8000 0.2000
K 0.8000 0.1333 0.8667 0.2000
A 0.8667 0.1333 0.9333 0.2000
~ 0.9333 0.1333 1.0000 0.2000
Z 0.0000 0.2000 0.0667 0.2667
A 0.0667 0.2000 0.1333 0.2667
~ 0.1333 0.2000 0.2000 0.2667
~ 0.2000 0.2000 0.2667 0.2667
~ 0.2667 0.2000 0.3333 0.2667
~ 0.3333 0.2000 0.4000 0.2667
~ 0.4000 0.2000 0.4667 0.2667
~ 0.4667 0.2000 0.5333 0.2667
~ 0.5333 0.2000 0.6000 0.2667
~ 0.6000 0.2000 0.6667 0.2667
~ 0.6667 0.2000 0.7333 0.2667
M 0.7333 0.2000 0.8000 0.2667
E 0.8000 0.2000 0.8667 0.2667
W 0.8667 0.2000 0.9333 0.2667
~ 0.9333 0.2000 1.0000 0.2667
O 0.0000 0.2667 0.0667 0.3333
~ 0.0667 0.2667 0.1333 0.3333
~ 0.1333 0.2667 0.2000 0.3333
B 0.2000 0.2667 0.2667 0.3333
E 0.2667 0.2667 0.3333 0.3333
G 0.3333 0.2667 0.4000 0.3333
~ 0.4000 0.2667 0.4667 0.3333
~ 0.4667 0.2667 0.5333 0.3333
~ 0.5333 0.2667 0.6000 0.3333
F 0.6000 0.2667 0.6667 0.3333
O 0.6667 0.2667 0.7333 0.3333
U 0.7333 0.2667 0.8000 0.3333
L 0.8000 0.2667 0.8667 0.3333
~ 0.8667 0.2667 0.9333 0.3333
~ 0.9333 0.2667 1.0000 0.3333
U 0.0000 0.3333 0.0667 0.4000
N 0.0667 0.3333 0.1333 0.4000
B 0.1333 0.3333 0.2000 0.4000
O 0.2000 0.3333 0.2667 0.4000
N 0.2667 0.3333 0.3333 0.4000
E 0.3333 0.3333 0.4000 0.4000
D 0.4000 0.3333 0.4667 0.4000
~ 0.4667 0.3333 0.5333 0.4000
H 0.5333 0.3333 0.6000 0.4000
I 0.6000 0.3333 0.6667 0.4000
P 0.6667 0.3333 0.7333 0.4000
~ 0.7333 0.3333 0.8000 0.4000
L 0.8000 0.3333 0.8667 0.4000
~ 0.8667 0.3333 0.9333 0.4000
~ 0.9333 0.3333 1.0000 0.4000
A 0.0000 0.4000 0.0667 0.4667
~ 0.0667 0.4000 0.1333 0.4667
~ 0.1333 0.4000 0.2000 0.4667
~ 0.2000 0.4000 0.2667 0.4667
~ 0.2667 0.4000 0.3333 0.4667
D 0.3333 0.4000 0.4000 0.4667
O 0.4000 0.4000 0.4667 0.4667
N 0.4667 0.4000 0.5333 0.4667
U 0.5333 0.4000 0.6000 0.4667
T 0.6000 0.4000 0.6667 0.4667
~ 0.6667 0.4000 0.7333 0.4667
~ 0.7333 0.4000 0.8000 0.4667
Y 0.8000 0.4000 0.8667 0.4667
~ 0.8667 0.4000 0.9333 0.4667
~ 0.9333 0.4000 1.0000 0.4667
V 0.0000 0.4667 0.0667 0.5333
~ 0.0667 0.4667 0.1333 0.5333
~ 0.1333 0.4667 0.2000 0.5333
~ 0.2000 0.4667 0.2667 0.5333
~ 0.2667 0.4667 0.3333 0.5333
~ 0.3333 0.4667 0.4000 0.5333
R 0.4000 0.4667 0.4667 0.5333
A 0.4667 0.4667 0.5333 0.5333
H 0.5333 0.4667 0.6000 0.5333
~ 0.6000 0.4667 0.6667 0.5333
~ 0.6667 0.4667 0.7333 0.5333
E 0.7333 0.4667 0.8000 0.5333
~ 0.8000 0.4667 0.8667 0.5333
~ 0.8667 0.4667 0.9333 0.5333
~ 0.9333 0.4667 1.0000 0.5333
E 0.0000 0.5333 0.0667 0.6000
~ 0.0667 0.5333 0.1333 0.6000
~ 0.1333 0.5333 0.2000 0.6000
~ 0.2000 0.5333 0.2667 0.6000
~ 0.2667 0.5333 0.3333 0.6000
~ 0.3333 0.5333 0.4000 0.6000
~ 0.4000 0.5333 0.4667 0.6000
~ 0.4667 0.5333 0.5333 0.6000
~ 0.5333 0.5333 0.6000 0.6000
~ 0.6000 0.5333 0.6667 0.6000
~ 0.6667 0.5333 0.7333 0.6000
N 0.7333 0.5333 0.8000 0.6000
~ 0.8000 0.5333 0.8667 0.6000
~ 0.8667 0.5333 0.9333 0.6000
~ 0.9333 0.5333 1.0000 0.6000
S 0.0000 0.6000 0.0667 0.6667
E 0.0667 0.6000 0.1333 0.6667
C 0.1333 0.6000 0.2000 0.6667
R 0.2000 0.6000 0.2667 0.6667
E 0.2667 0.6000 0.3333 0.6667
T 0.3333 0.6000 0.4000 0.6667
~ 0.4000 0.6000 0.4667 0.6667
~ 0.4667 0.6000 0.5333 0.6667
~ 0.5333 0.6000 0.6000 0.6667
~ 0.6000 0.6000 0.6667 0.6667
~ 0.6667 0.6000 0.7333 0.6667
A 0.7333 0.6000 0.8000 0.6667
~ 0.8000 0.6000 0.8667 0.6667
~ 0.8667 0.6000 0.9333 0.6667
~ 0.9333 0.6000 1.0000 0.6667
~ 0.0000 0.6667 0.0667 0.7333
~ 0.0667 0.6667 0.1333 0.7333
~ 0.1333 0.6667 0.2000 0.7333
E 0.2000 0.6667 0.2667 0.7333
X 0.2667 0.6667 0.3333 0.7333
A 0.3333 0.6667 0.4000 0.7333
M 0.4000 0.6667 0.4667 0.7333
~ 0.4667 0.6667 0.5333 0.7333
~ 0.5333 0.6667 0.6000 0.7333
A 0.6000 0.6667 0.6667 0.7333
R 0.6667 0.6667 0.7333 0.7333
C 0.7333 0.6667 0.8000 0.7333
~ 0.8000 0.6667 0.8667 0.7333
~ 0.8667 0.6667 0.9333 0.7333
~ 0.9333 0.6667 1.0000 0.7333
~ 0.0000 0.7333 0.0667 0.8000
Q 0.0667 0.7333 0.1333 0.8000
I 0.1333 0.7333 0.2000 0.8000
S 0.2000 0.7333 0.2667 0.8000
~ 0.2667 0.7333 0.3333 0.8000
~ 0.3333 0.7333 0.4000 0.8000
~ 0.4000 0.7333 0.4667 0.8000
J 0.4667 0.7333 0.5333 0.8000
~ 0.5333 0.7333 0.6000 0.8000
~ 0.6000 0.7333 0.6667 0.8000
~ 0.6667 0.7333 0.7333 0.8000
E 0.7333 0.7333 0.8000 0.8000
~ 0.8000 0.7333 0.8667 0.8000
~ 0.8667 0.7333 0.9333 0.8000
~ 0.9333 0.7333 1.0000 0.8000
D 0.0000 0.8000 0.0667 0.8667
I 0.0667 0.8000 0.1333 0.8667
N 0.1333 0.8000 0.2000 0.8667
T 0.2000 0.8000 0.2667 0.8667
~ 0.2667 0.8000 0.3333 0.8667
W 0.3333 0.8000 0.4000 0.8667
O 0.4000 0.8000 0.4667 0.8667
O 0.4667 0.8000 0.5333 0.8667
L 0.5333 0.8000 0.6000 0.8667
I 0.6000 0.8000 0.6667 0.8667
E 0.6667 0.8000 0.7333 0.8667
S 0.7333 0.8000 0.8000 0.8667
T 0.8000 0.8000 0.8667 0.8667
~ 0.8667 0.8000 0.9333 0.8667
~ 0.9333 0.8000 1.0000 0.8667
I 0.0000 0.8667 0.0667 0.9333
~ 0.0667 0.8667 0.1333 0.9333
~ 0.1333 0.8667 0.2000 0.9333
~ 0.2000 0.8667 0.2667 0.9333
~ 0.2667 0.8667 0.3333 0.9333
~ 0.3333 0.8667 0.4000 0.9333
~ 0.4000 0.8667 0.4667 0.9333
Y 0.4667 0.8667 0.5333 0.9333
~ 0.5333 0.8667 0.6000 0.9333
~ 0.6000 0.8667 0.6667 0.9333
~ 0.6667 0.8667 0.7333 0.9333
~ 0.7333 0.8667 0.8000 0.9333
~ 0.8000 0.8667 0.8667 0.9333
~ 0.8667 0.8667 0.9333 0.9333
~ 0.9333 0.8667 1.0000 0.9333
P 0.0000 0.9333 0.0667 1.0000
~ 0.0667 0.9333 0.1333 1.0000
~ 0.1333 0.9333 0.2000 1.0000
R 0.2000 0.9333 0.2667 1.0000
A 0.2667 0.9333 0.3333 1.0000
I 0.3333 0.9333 0.4000 1.0000
N 0.4000 0.9333 0.4667 1.0000
S 0.4667 0.9333 0.5333 1.0000
~ 0.5333 0.9333 0.6000 1.0000
~ 0.6000 0.9333 0.6667 1.0000
~ 0.6667 0.9333 0.7333 1.0000
~ 0.7333 0.9333 0.8000 1.0000
~ 0.8000 0.9333 0.8667 1.0000
~ 0.8667 0.9333 0.9333 1.0000
~ 0.9333 0.9333 1.0000 1.0000
