~ 0.0000 0.0000 0.0667 0.0667
~ 0.0667 0.0000 0.1333 0.0667
~ 0.1333 0.0000 0.2000 0.0667
~ 0.2000 0.0000 0.2667 0.0667
~ 0.2667 0.0000 0.3333 0.0667
~ 0.3333 0.0000 0.4000 0.0667
~ 0.4000 0.0000 0.4667 0.0667
~ 0.4667 0.0000 0.5333 0.0667
~ 0.5333 0.0000 0.6000 0.0667
~ 0.6000 0.0000 0.6667 0.0667
~ 0.6667 0.0000 0.7333 0.0667
~ 0.7333 0.0000 0.8000 0.0667
E 0.8000 0.0000 0.8667 0.0667
C 0.8667 0.0000 0.9333 0.0667
U 0.9333 0.0000 1.0000 0.0667
~ 0.0000 0.0667 0.0667 0.1333
~ 0.0667 0.0667 0.1333 0.1333
~ 0.1333 0.0667 0.2000 0.1333
~ 0.2000 0.0667 0.2667 0.1333
~ 0.2667 0.0667 0.3333 0.1333
~ 0.3333 0.0667 0.4000 0.1333
~ 0.4000 0.0667 0.4667 0.1333
~ 0.4667 0.0667 0.5333 0.1333
~ 0.5333 0.0667 0.6000 0.1333
J 0.6000 0.0667 0.6667 0.1333
~ 0.6667 0.0667 0.7333 0.1333
~ 0.7333 0.0667 0.8000 0.1333
~ 0.8000 0.0667 0.8667 0.1333
O 0.8667 0.0667 0.9333 0.1333
~ 0.9333 0.0667 1.0000 0.1333
~ 0.0000 0.1333 0.0667 0.2000
~ 0.0667 0.1333 0.1333 0.2000
I 0.1333 0.1333 0.2000 0.2000
~ 0.2000 0.1333 0.2667 0.2000
~ 0.2667 0.1333 0.3333 0.2000
M 0.3333 0.1333 0.4000 0.2000
O 0.4000 0.1333 0.4667 0.2000
C 0.4667 0.1333 0.5333 0.2000
H 0.5333 0.1333 0.6000 0.2000
A 0.6000 0.1333 0.6667 0.2000
~ 0.6667 0.1333 0.7333 0.2000
~ 0.7333 0.1333 0.8000 0.2000
T 0.8000 0.1333 0.8667 0.2000
A 0.8667 0.1333 0.9333 0.2000
D 0.9333 0.1333 1.0000 0.2000
~ 0.0000 0.2000 0.0667 0.2667
D 0.0667 0.2000 0.1333 0.2667
~ 0.1333 0.2000 0.2000 0.2667
~ 0.2000 0.2000 0.2667 0.2667
~ 0.2667 0.2000 0.3333 0.2667
~ 0.3333 0.2000 0.4000 0.2667
~ 0.4000 0.2000 0.4667 0.2667
~ 0.4667 0.2000 0.5333 0.2667
~ 0.5333 0.2000 0.6000 0.2667
G 0.6000 0.2000 0.6667 0.2667
A 0.6667 0.2000 0.7333 0.2667
P 0.7333 0.2000 0.8000 0.2667
~ 0.8000 0.2000 0.8667 0.2667
R 0.8667 0.2000 0.9333 0.2667
~ 0.9333 0.2000 1.0000 0.2667
~ 0.0000 0.2667 0.0667 0.3333
~ 0.0667 0.2667 0.1333 0.3333
~ 0.1333 0.2667 0.2000 0.3333
~ 0.2000 0.2667 0.2667 0.3333
~ 0.2667 0.2667 0.3333 0.3333
~ 0.3333 0.2667 0.4000 0.3333
~ 0.4000 0.2667 0.4667 0.3333
~ 0.4667 0.2667 0.5333 0.3333
~ 0.5333 0.2667 0.6000 0.3333
~ 0.6000 0.2667 0.6667 0.3333
B 0.6667 0.2667 0.7333 0.3333
O 0.7333 0.2667 0.8000 0.3333
B 0.8000 0.2667 0.8667 0.3333
S 0.8667 0.2667 0.9333 0.3333
~ 0.9333 0.2667 1.0000 0.3333
~ 0.0000 0.3333 0.0667 0.4000
~ 0.0667 0.3333 0.1333 0.4000
~ 0.1333 0.3333 0.2000 0.4000
~ 0.2000 0.3333 0.2667 0.4000
~ 0.2667 0.3333 0.3333 0.4000
~ 0.3333 0.3333 0.4000 0.4000
~ 0.4000 0.3333 0.4667 0.4000
F 0.4667 0.3333 0.5333 0.4000
~ 0.5333 0.3333 0.6000 0.4000
F 0.6000 0.3333 0.6667 0.4000
O 0.6667 0.3333 0.7333 0.4000
P 0.7333 0.3333 0.8000 0.4000
~ 0.8000 0.3333 0.8667 0.4000
E 0.8667 0.3333 0.9333 0.4000
~ 0.9333 0.3333 1.0000 0.4000
~ 0.0000 0.4000 0.0667 0.4667
~ 0.0667 0.4000 0.1333 0.4667
~ 0.1333 0.4000 0.2000 0.4667
~ 0.2000 0.4000 0.2667 0.4667
~ 0.2667 0.4000 0.3333 0.4667
G 0.3333 0.4000 0.4000 0.4667
E 0.4000 0.4000 0.4667 0.4667
E 0.4667 0.4000 0.5333 0.4667
K 0.5333 0.4000 0.6000 0.4667
Y 0.6000 0.4000 0.6667 0.4667
~ 0.6667 0.4000 0.7333 0.4667
~ 0.7333 0.4000 0.8000 0.4667
A 0.8000 0.4000 0.8667 0.4667
N 0.8667 0.4000 0.9333 0.4667
A 0.9333 0.4000 1.0000 0.4667
~ 0.0000 0.4667 0.0667 0.5333
~ 0.0667 0.4667 0.1333 0.5333
~ 0.1333 0.4667 0.2000 0.5333
V 0.2000 0.4667 0.2667 0.5333
O 0.2667 0.4667 0.3333 0.5333
U 0.3333 0.4667 0.4000 0.5333
L 0.4000 0.4667 0.4667 0.5333
E 0.4667 0.4667 0.5333 0.5333
~ 0.5333 0.4667 0.6000 0.5333
~ 0.6000 0.4667 0.6667 0.5333
~ 0.6667 0.4667 0.7333 0.5333
~ 0.7333 0.4667 0.8000 0.5333
E 0.8000 0.4667 0.8667 0.5333
~ 0.8667 0.4667 0.9333 0.5333
W 0.9333 0.4667 1.0000 0.5333
~ 0.0000 0.5333 0.0667 0.6000
~ 0.0667 0.5333 0.1333 0.6000
~ 0.1333 0.5333 0.2000 0.6000
I 0.2000 0.5333 0.2667 0.6000
~ 0.2667 0.5333 0.3333 0.6000
~ 0.3333 0.5333 0.4000 0.6000
~ 0.4000 0.5333 0.4667 0.6000
L 0.4667 0.5333 0.5333 0.6000
O 0.5333 0.5333 0.6000 0.6000
G 0.6000 0.5333 0.6667 0.6000
I 0.6667 0.5333 0.7333 0.6000
E 0.7333 0.5333 0.8000 0.6000
R 0.8000 0.5333 0.8667 0.6000
~ 0.8667 0.5333 0.9333 0.6000
A 0.9333 0.5333 1.0000 0.6000
L 0.0000 0.6000 0.0667 0.6667
~ 0.0667 0.6000 0.1333 0.6667
~ 0.1333 0.6000 0.2000 0.6667
Z 0.2000 0.6000 0.2667 0.6667
A 0.2667 0.6000 0.3333 0.6667
X 0.3333 0.6000 0.4000 0.6667
~ 0.4000 0.6000 0.4667 0.6667
~ 0.4667 0.6000 0.5333 0.6667
~ 0.5333 0.6000 0.6000 0.6667
~ 0.6000 0.6000 0.6667 0.6667
~ 0.6667 0.6000 0.7333 0.6667
~ 0.7333 0.6000 0.8000 0.6667
~ 0.8000 0.6000 0.8667 0.6667
H 0.8667 0.6000 0.9333 0.6667
~ 0.9333 0.6000 1.0000 0.6667
O 0.0000 0.6667 0.0667 0.7333
~ 0.0667 0.6667 0.1333 0.7333
~ 0.1333 0.6667 0.2000 0.7333
O 0.2000 0.6667 0.2667 0.7333
I 0.2667 0.6667 0.3333 0.7333
~ 0.3333 0.6667 0.4000 0.7333
D 0.4000 0.6667 0.4667 0.7333
E 0.4667 0.6667 0.5333 0.7333
N 0.5333 0.6667 0.6000 0.7333
D 0.6000 0.6667 0.6667 0.7333
R 0.6667 0.6667 0.7333 0.7333
I 0.7333 0.6667 0.8000 0.7333
~ 0.8000 0.6667 0.8667 0.7333
E 0.8667 0.6667 0.9333 0.7333
~ 0.9333 0.6667 1.0000 0.7333
Q 0.0000 0.7333 0.0667 0.8000
U 0.0667 0.7333 0.1333 0.8000
A 0.1333 0.7333 0.2000 0.8000
R 0.2000 0.7333 0.2667 0.8000
T 0.2667 0.7333 0.3333 0.8000
~ 0.3333 0.7333 0.4000 0.8000
~ 0.4000 0.7333 0.4667 0.8000
V 0.4667 0.7333 0.5333 0.8000
~ 0.5333 0.7333 0.6000 0.8000
~ 0.6000 0.7333 0.6667 0.8000
~ 0.6667 0.7333 0.7333 0.8000
~ 0.7333 0.7333 0.8000 0.8000
E 0.8000 0.7333 0.8667 0.8000
R 0.8667 0.7333 0.9333 0.8000
~ 0.9333 0.7333 1.0000 0.8000
U 0.0000 0.8000 0.0667 0.8667
N 0.0667 0.8000 0.1333 0.8667
I 0.1333 0.8000 0.2000 0.8667
S 0.2000 0.8000 0.2667 0.8667
~ 0.2667 0.8000 0.3333 0.8667
~ 0.3333 0.8000 0.4000 0.8667
Y 0.4000 0.8000 0.4667 0.8667
E 0.4667 0.8000 0.5333 0.8667
W 0.5333 0.8000 0.6000 0.8667
~ 0.6000 0.8000 0.6667 0.8667
~ 0.6667 0.8000 0.7333 0.8667
~ 0.7333 0.8000 0.8000 0.8667
S 0.8000 0.8000 0.8667 0.8667
I 0.8667 0.8000 0.9333 0.8667
~ 0.9333 0.8000 1.0000 0.8667
T 0.0000 0.8667 0.0667 0.9333
~ 0.0667 0.8667 0.1333 0.9333
~ 0.1333 0.8667 0.2000 0.9333
~ 0.2000 0.8667 0.2667 0.9333
~ 0.2667 0.8667 0.3333 0.9333
~ 0.3333 0.8667 0.4000 0.9333
~ 0.4000 0.8667 0.4667 0.9333
N 0.4667 0.8667 0.5333 0.9333
~ 0.5333 0.8667 0.6000 0.9333
~ 0.6000 0.8667 0.6667 0.9333
~ 0.6667 0.8667 0.7333 0.9333
~ 0.7333 0.8667 0.8000 0.9333
~ 0.8000 0.8667 0.8667 0.9333
T 0.8667 0.8667 0.9333 0.9333
~ 0.9333 0.8667 1.0000 0.9333
A 0.0000 0.9333 0.0667 1.0000
~ 0.0667 0.9333 0.1333 1.0000
L 0.1333 0.9333 0.2000 1.0000
I 0.2000 0.9333 0.2667 1.0000
N 0.2667 0.9333 0.3333 1.0000
N 0.3333 0.9333 0.4000 1.0000
E 0.4000 0.9333 0.4667 1.0000
T 0.4667 0.9333 0.5333 1.0000
~ 0.5333 0.9333 0.6000 1.0000
~ 0.6000 0.9333 0.6667 1.0000
~ 0.6667 0.9333 0.7333 1.0000
R 0.7333 0.9333 0.8000 1.0000
U 0.8000 0.9333 0.8667 1.0000
S 0.8667 0.9333 0.9333 1.0000
T 0.9333 0.9333 1.0000 1.0000
