C 0.0000 0.0000 0.0667 0.0667
R 0.0667 0.0000 0.1333 0.0667
I 0.1333 0.0000 0.2000 0.0667
B 0.2000 0.0000 0.2667 0.0667
~ 0.2667 0.0000 0.3333 0.0667
~ 0.3333 0.0000 0.4000 0.0667
~ 0.4000 0.0000 0.4667 0.0667
~ 0.4667 0.0000 0.5333 0.0667
~ 0.5333 0.0000 0.6000 0.0667
~ 0.6000 0.0000 0.6667 0.0667
~ 0.6667 0.0000 0.7333 0.0667
~ 0.7333 0.0000 0.8000 0.0667
~ 0.8000 0.0000 0.8667 0.0667
~ 0.8667 0.0000 0.9333 0.0667
~ 0.9333 0.0000 1.0000 0.0667
~ 0.0000 0.0667 0.0667 0.1333
~ 0.0667 0.0667 0.1333 0.1333
D 0.1333 0.0667 0.2000 0.1333
E 0.2000 0.0667 0.2667 0.1333
L 0.2667 0.0667 0.3333 0.1333
I 0.3333 0.0667 0.4000 0.1333
S 0.4000 0.0667 0.4667 0.1333
T 0.4667 0.0667 0.5333 0.1333
E 0.5333 0.0667 0.6000 0.1333
D 0.6000 0.0667 0.6667 0.1333
~ 0.6667 0.0667 0.7333 0.1333
~ 0.7333 0.0667 0.8000 0.1333
~ 0.8000 0.0667 0.8667 0.1333
~ 0.8667 0.0667 0.9333 0.1333
~ 0.9333 0.0667 1.0000 0.1333
~ 0.0000 0.1333 0.0667 0.2000
~ 0.0667 0.1333 0.1333 0.2000
~ 0.1333 0.1333 0.2000 0.2000
~ 0.2000 0.1333 0.2667 0.2000
~ 0.2667 0.1333 0.3333 0.2000
~ 0.3333 0.1333 0.4000 0.2000
~ 0.4000 0.1333 0.4667 0.2000
~ 0.4667 0.1333 0.5333 0.2000
~ 0.5333 0.1333 0.6000 0.2000
E 0.6000 0.1333 0.6667 0.2000
M 0.6667 0.1333 0.7333 0.2000
~ 0.7333 0.1333 0.8000 0.2000
~ 0.8000 0.1333 0.8667 0.2000
F 0.8667 0.1333 0.9333 0.2000
~ 0.9333 0.1333 1.0000 0.2000
~ 0.0000 0.2000 0.0667 0.2667
~ 0.0667 0.2000 0.1333 0.2667
~ 0.1333 0.2000 0.2000 0.2667
~ 0.2000 0.2000 0.2667 0.2667
~ 0.2667 0.2000 0.3333 0.2667
~ 0.3333 0.2000 0.4000 0.2667
~ 0.4000 0.2000 0.4667 0.2667
~ 0.4667 0.2000 0.5333 0.2667
~ 0.5333 0.2000 0.6000 0.2667
~ 0.6000 0.2000 0.6667 0.2667
O 0.6667 0.2000 0.7333 0.2667
~ 0.7333 0.2000 0.8000 0.2667
~ 0.8000 0.2000 0.8667 0.2667
L 0.8667 0.2000 0.9333 0.2667
~ 0.9333 0.2000 1.0000 0.2667
~ 0.0000 0.2667 0.0667 0.3333
~ 0.0667 0.2667 0.1333 0.3333
~ 0.1333 0.2667 0.2000 0.3333
~ 0.2000 0.2667 0.2667 0.3333
~ 0.2667 0.2667 0.3333 0.3333
~ 0.3333 0.2667 0.4000 0.3333
~ 0.4000 0.2667 0.4667 0.3333
~ 0.4667 0.2667 0.5333 0.3333
~ 0.5333 0.2667 0.6000 0.3333
O 0.6000 0.2667 0.6667 0.3333
U 0.6667 0.2667 0.7333 0.3333
T 0.7333 0.2667 0.8000 0.3333
~ 0.8000 0.2667 0.8667 0.3333
~ 0.8667 0.2667 0.9333 0.3333
~ 0.9333 0.2667 1.0000 0.3333
~ 0.0000 0.3333 0.0667 0.4000
~ 0.0667 0.3333 0.1333 0.4000
~ 0.1333 0.3333 0.2000 0.4000
C 0.2000 0.3333 0.2667 0.4000
~ 0.2667 0.3333 0.3333 0.4000
P 0.3333 0.3333 0.4000 0.4000
~ 0.4000 0.3333 0.4667 0.4000
~ 0.4667 0.3333 0.5333 0.4000
~ 0.5333 0.3333 0.6000 0.4000
N 0.6000 0.3333 0.6667 0.4000
~ 0.6667 0.3333 0.7333 0.4000
I 0.7333 0.3333 0.8000 0.4000
~ 0.8000 0.3333 0.8667 0.4000
U 0.8667 0.3333 0.9333 0.4000
~ 0.9333 0.3333 1.0000 0.4000
~ 0.0000 0.4000 0.0667 0.4667
~ 0.0667 0.4000 0.1333 0.4667
J 0.1333 0.4000 0.2000 0.4667
O 0.2000 0.4000 0.2667 0.4667
L 0.2667 0.4000 0.3333 0.4667
E 0.3333 0.4000 0.4000 0.4667
~ 0.4000 0.4000 0.4667 0.4667
V 0.4667 0.4000 0.5333 0.4667
~ 0.5333 0.4000 0.6000 0.4667
E 0.6000 0.4000 0.6667 0.4667
~ 0.6667 0.4000 0.7333 0.4667
V 0.7333 0.4000 0.8000 0.4667
~ 0.8000 0.4000 0.8667 0.4667
R 0.8667 0.4000 0.9333 0.4667
~ 0.9333 0.4000 1.0000 0.4667
~ 0.0000 0.4667 0.0667 0.5333
~ 0.0667 0.4667 0.1333 0.5333
~ 0.1333 0.4667 0.2000 0.5333
F 0.2000 0.4667 0.2667 0.5333
A 0.2667 0.4667 0.3333 0.5333
E 0.3333 0.4667 0.4000 0.5333
R 0.4000 0.4667 0.4667 0.5333
I 0.4667 0.4667 0.5333 0.5333
E 0.5333 0.4667 0.6000 0.5333
S 0.6000 0.4667 0.6667 0.5333
~ 0.6667 0.4667 0.7333 0.5333
Y 0.7333 0.4667 0.8000 0.5333
~ 0.8000 0.4667 0.8667 0.5333
Y 0.8667 0.4667 0.9333 0.5333
A 0.9333 0.4667 1.0000 0.5333
~ 0.0000 0.5333 0.0667 0.6000
~ 0.0667 0.5333 0.1333 0.6000
A 0.1333 0.5333 0.2000 0.6000
T 0.2000 0.5333 0.2667 0.6000
~ 0.2667 0.5333 0.3333 0.6000
N 0.3333 0.5333 0.4000 0.6000
~ 0.4000 0.5333 0.4667 0.6000
M 0.4667 0.5333 0.5333 0.6000
~ 0.5333 0.5333 0.6000 0.6000
~ 0.6000 0.5333 0.6667 0.6000
~ 0.6667 0.5333 0.7333 0.6000
~ 0.7333 0.5333 0.8000 0.6000
~ 0.8000 0.5333 0.8667 0.6000
~ 0.8667 0.5333 0.9333 0.6000
L 0.9333 0.5333 1.0000 0.6000
~ 0.0000 0.6000 0.0667 0.6667
W 0.0667 0.6000 0.1333 0.6667
E 0.1333 0.6000 0.2000 0.6667
~ 0.2000 0.6000 0.2667 0.6667
~ 0.2667 0.6000 0.3333 0.6667
~ 0.3333 0.6000 0.4000 0.6667
P 0.4000 0.6000 0.4667 0.6667
E 0.4667 0.6000 0.5333 0.6667
H 0.5333 0.6000 0.6000 0.6667
~ 0.6000 0.6000 0.6667 0.6667
~ 0.6667 0.6000 0.7333 0.6667
~ 0.7333 0.6000 0.8000 0.6667
~ 0.8000 0.6000 0.8667 0.6667
Z 0.8667 0.6000 0.9333 0.6667
O 0.9333 0.6000 1.0000 0.6667
A 0.0000 0.6667 0.0667 0.7333
A 0.0667 0.6667 0.1333 0.7333
~ 0.1333 0.6667 0.2000 0.7333
~ 0.2000 0.6667 0.2667 0.7333
~ 0.2667 0.6667 0.3333 0.7333
~ 0.3333 0.6667 0.4000 0.7333
O 0.4000 0.6667 0.4667 0.7333
N 0.4667 0.6667 0.5333 0.7333
O 0.5333 0.6667 0.6000 0.7333
~ 0.6000 0.6667 0.6667 0.7333
~ 0.6667 0.6667 0.7333 0.7333
~ 0.7333 0.6667 0.8000 0.7333
~ 0.8000 0.6667 0.8667 0.7333
O 0.8667 0.6667 0.9333 0.7333
O 0.9333 0.6667 1.0000 0.7333
X 0.0000 0.7333 0.0667 0.8000
I 0.0667 0.7333 0.1333 0.8000
~ 0.1333 0.7333 0.2000 0.8000
~ 0.2000 0.7333 0.2667 0.8000
Q 0.2667 0.7333 0.3333 0.8000
I 0.3333 0.7333 0.4000 0.8000
N 0.4000 0.7333 0.4667 0.8000
~ 0.4667 0.7333 0.5333 0.8000
W 0.5333 0.7333 0.6000 0.8000
~ 0.6000 0.7333 0.6667 0.8000
A 0.6667 0.7333 0.7333 0.8000
G 0.7333 0.7333 0.8000 0.8000
A 0.8000 0.7333 0.8667 0.8000
S 0.8667 0.7333 0.9333 0.8000
~ 0.9333 0.7333 1.0000 0.8000
~ 0.0000 0.8000 0.0667 0.8667
D 0.0667 0.8000 0.1333 0.8667
A 0.1333 0.8000 0.2000 0.8667
R 0.2000 0.8000 0.2667 0.8667
I 0.2667 0.8000 0.3333 0.8667
N 0.3333 0.8000 0.4000 0.8667
G 0.4000 0.8000 0.4667 0.8667
~ 0.4667 0.8000 0.5333 0.8667
K 0.5333 0.8000 0.6000 0.8667
I 0.6000 0.8000 0.6667 0.8667
T 0.6667 0.8000 0.7333 0.8667
H 0.7333 0.8000 0.8000 0.8667
E 0.8000 0.8000 0.8667 0.8667
~ 0.8667 0.8000 0.9333 0.8667
~ 0.9333 0.8000 1.0000 0.8667
R 0.0000 0.8667 0.0667 0.9333
E 0.0667 0.8667 0.1333 0.9333
D 0.1333 0.8667 0.2000 0.9333
~ 0.2000 0.8667 0.2667 0.9333
~ 0.2667 0.8667 0.3333 0.9333
~ 0.3333 0.8667 0.4000 0.9333
~ 0.4000 0.8667 0.4667 0.9333
~ 0.4667 0.8667 0.5333 0.9333
~ 0.5333 0.8667 0.6000 0.9333
~ 0.6000 0.8667 0.6667 0.9333
~ 0.6667 0.8667 0.7333 0.9333
A 0.7333 0.8667 0.8000 0.9333
~ 0.8000 0.8667 0.8667 0.9333
~ 0.8667 0.8667 0.9333 0.9333
~ 0.9333 0.8667 1.0000 0.9333
~ 0.0000 0.9333 0.0667 1.0000
~ 0.0667 0.9333 0.1333 1.0000
~ 0.1333 0.9333 0.2000 1.0000
~ 0.2000 0.9333 0.2667 1.0000
~ 0.2667 0.9333 0.3333 1.0000
~ 0.3333 0.9333 0.4000 1.0000
~ 0.4000 0.9333 0.4667 1.0000
B 0.4667 0.9333 0.5333 1.0000
U 0.5333 0.9333 0.6000 1.0000
R 0.6000 0.9333 0.6667 1.0000
S 0.6667 0.9333 0.7333 1.0000
T 0.7333 0.9333 0.8000 1.0000
I 0.8000 0.9333 0.8667 1.0000
N 0.8667 0.9333 0.9333 1.0000
G 0.9333 0.9333 1.0000 1.0000
