G 0.0000 0.0000 0.0667 0.0667
~ 0.0667 0.0000 0.1333 0.0667
~ 0.1333 0.0000 0.2000 0.0667
~ 0.2000 0.0000 0.2667 0.0667
~ 0.2667 0.0000 0.3333 0.0667
~ 0.3333 0.0000 0.4000 0.0667
~ 0.4000 0.0000 0.4667 0.0667
R 0.4667 0.0000 0.5333 0.0667
~ 0.5333 0.0000 0.6000 0.0667
~ 0.6000 0.0000 0.6667 0.0667
~ 0.6667 0.0000 0.7333 0.0667
~ 0.7333 0.0000 0.8000 0.0667
~ 0.8000 0.0000 0.8667 0.0667
~ 0.8667 0.0000 0.9333 0.0667
~ 0.9333 0.0000 1.0000 0.0667
O 0.0000 0.0667 0.0667 0.1333
~ 0.0667 0.0667 0.1333 0.1333
~ 0.1333 0.0667 0.2000 0.1333
~ 0.2000 0.0667 0.2667 0.1333
~ 0.2667 0.0667 0.3333 0.1333
~ 0.3333 0.0667 0.4000 0.1333
Y 0.4000 0.0667 0.4667 0.1333
E 0.4667 0.0667 0.5333 0.1333
E 0.5333 0.0667 0.6000 0.1333
~ 0.6000 0.0667 0.6667 0.1333
~ 0.6667 0.0667 0.7333 0.1333
~ 0.7333 0.0667 0.8000 0.1333
~ 0.8000 0.0667 0.8667 0.1333
~ 0.8667 0.0667 0.9333 0.1333
~ 0.9333 0.0667 1.0000 0.1333
A 0.0000 0.1333 0.0667 0.2000
A 0.0667 0.1333 0.1333 0.2000
~ 0.1333 0.1333 0.2000 0.2000
~ 0.2000 0.1333 0.2667 0.2000
~ 0.2667 0.1333 0.3333 0.2000
~ 0.3333 0.1333 0.4000 0.2000
A 0.4000 0.1333 0.4667 0.2000
I 0.4667 0.1333 0.5333 0.2000
~ 0.5333 0.1333 0.6000 0.2000
~ 0.6000 0.1333 0.6667 0.2000
~ 0.6667 0.1333 0.7333 0.2000
O 0.7333 0.1333 0.8000 0.2000
H 0.8000 0.1333 0.8667 0.2000
~ 0.8667 0.1333 0.9333 0.2000
~ 0.9333 0.1333 1.0000 0.2000
T 0.0000 0.2000 0.0667 0.2667
R 0.0667 0.2000 0.1333 0.2667
A 0.1333 0.2000 0.2000 0.2667
I 0.2000 0.2000 0.2667 0.2667
N 0.2667 0.2000 0.3333 0.2667
~ 0.3333 0.2000 0.4000 0.2667
W 0.4000 0.2000 0.4667 0.2667
~ 0.4667 0.2000 0.5333 0.2667
~ 0.5333 0.2000 0.6000 0.2667
I 0.6000 0.2000 0.6667 0.2667
V 0.6667 0.2000 0.7333 0.2667
Y 0.7333 0.2000 0.8000 0.2667
~ 0.8000 0.2000 0.8667 0.2667
~ 0.8667 0.2000 0.9333 0.2667
~ 0.9333 0.2000 1.0000 0.2667
E 0.0000 0.2667 0.0667 0.3333
~ 0.0667 0.2667 0.1333 0.3333
~ 0.1333 0.2667 0.2000 0.3333
~ 0.2000 0.2667 0.2667 0.3333
~ 0.2667 0.2667 0.3333 0.3333
~ 0.3333 0.2667 0.4000 0.3333
N 0.4000 0.2667 0.4667 0.3333
B 0.4667 0.2667 0.5333 0.3333
~ 0.5333 0.2667 0.6000 0.3333
~ 0.6000 0.2667 0.6667 0.3333
E 0.6667 0.2667 0.7333 0.3333
~ 0.7333 0.2667 0.8000 0.3333
~ 0.8000 0.2667 0.8667 0.3333
~ 0.8667 0.2667 0.9333 0.3333
~ 0.9333 0.2667 1.0000 0.3333
E 0.0000 0.3333 0.0667 0.4000
T 0.0667 0.3333 0.1333 0.4000
~ 0.1333 0.3333 0.2000 0.4000
~ 0.2000 0.3333 0.2667 0.4000
~ 0.2667 0.3333 0.3333 0.4000
D 0.3333 0.3333 0.4000 0.4000
E 0.4000 0.3333 0.4667 0.4000
C 0.4667 0.3333 0.5333 0.4000
K 0.5333 0.3333 0.6000 0.4000
I 0.6000 0.3333 0.6667 0.4000
N 0.6667 0.3333 0.7333 0.4000
G 0.7333 0.3333 0.8000 0.4000
~ 0.8000 0.3333 0.8667 0.4000
~ 0.8667 0.3333 0.9333 0.4000
~ 0.9333 0.3333 1.0000 0.4000
S 0.0000 0.4000 0.0667 0.4667
O 0.0667 0.4000 0.1333 0.4667
L 0.1333 0.4000 0.2000 0.4667
A 0.2000 0.4000 0.2667 0.4667
T 0.2667 0.4000 0.3333 0.4667
~ 0.3333 0.4000 0.4000 0.4667
R 0.4000 0.4000 0.4667 0.4667
~ 0.4667 0.4000 0.5333 0.4667
~ 0.5333 0.4000 0.6000 0.4667
~ 0.6000 0.4000 0.6667 0.4667
~ 0.6667 0.4000 0.7333 0.4667
~ 0.7333 0.4000 0.8000 0.4667
~ 0.8000 0.4000 0.8667 0.4667
~ 0.8667 0.4000 0.9333 0.4667
~ 0.9333 0.4000 1.0000 0.4667
~ 0.0000 0.4667 0.0667 0.5333
U 0.0667 0.4667 0.1333 0.5333
~ 0.1333 0.4667 0.2000 0.5333
~ 0.2000 0.4667 0.2667 0.5333
~ 0.2667 0.4667 0.3333 0.5333
~ 0.3333 0.4667 0.4000 0.5333
~ 0.4000 0.4667 0.4667 0.5333
B 0.4667 0.4667 0.5333 0.5333
O 0.5333 0.4667 0.6000 0.5333
~ 0.6000 0.4667 0.6667 0.5333
T 0.6667 0.4667 0.7333 0.5333
Z 0.7333 0.4667 0.8000 0.5333
~ 0.8000 0.4667 0.8667 0.5333
~ 0.8667 0.4667 0.9333 0.5333
~ 0.9333 0.4667 1.0000 0.5333
~ 0.0000 0.5333 0.0667 0.6000
T 0.0667 0.5333 0.1333 0.6000
W 0.1333 0.5333 0.2000 0.6000
I 0.2000 0.5333 0.2667 0.6000
G 0.2667 0.5333 0.3333 0.6000
~ 0.3333 0.5333 0.4000 0.6000
D 0.4000 0.5333 0.4667 0.6000
E 0.4667 0.5333 0.5333 0.6000
F 0.5333 0.5333 0.6000 0.6000
~ 0.6000 0.5333 0.6667 0.6000
I 0.6667 0.5333 0.7333 0.6000
~ 0.7333 0.5333 0.8000 0.6000
~ 0.8000 0.5333 0.8667 0.6000
~ 0.8667 0.5333 0.9333 0.6000
~ 0.9333 0.5333 1.0000 0.6000
~ 0.0000 0.6000 0.0667 0.6667
E 0.0667 0.6000 0.1333 0.6667
~ 0.1333 0.6000 0.2000 0.6667
L 0.2000 0.6000 0.2667 0.6667
~ 0.2667 0.6000 0.3333 0.6667
~ 0.3333 0.6000 0.4000 0.6667
~ 0.4000 0.6000 0.4667 0.6667
~ 0.4667 0.6000 0.5333 0.6667
~ 0.5333 0.6000 0.6000 0.6667
B 0.6000 0.6000 0.6667 0.6667
A 0.6667 0.6000 0.7333 0.6667
~ 0.7333 0.6000 0.8000 0.6667
~ 0.8000 0.6000 0.8667 0.6667
~ 0.8667 0.6000 0.9333 0.6667
~ 0.9333 0.6000 1.0000 0.6667
~ 0.0000 0.6667 0.0667 0.7333
R 0.0667 0.6667 0.1333 0.7333
~ 0.1333 0.6667 0.2000 0.7333
E 0.2000 0.6667 0.2667 0.7333
~ 0.2667 0.6667 0.3333 0.7333
~ 0.3333 0.6667 0.4000 0.7333
~ 0.4000 0.6667 0.4667 0.7333
~ 0.4667 0.6667 0.5333 0.7333
~ 0.5333 0.6667 0.6000 0.7333
O 0.6000 0.6667 0.6667 0.7333
~ 0.6667 0.6667 0.7333 0.7333
S 0.7333 0.6667 0.8000 0.7333
~ 0.8000 0.6667 0.8667 0.7333
~ 0.8667 0.6667 0.9333 0.7333
~ 0.9333 0.6667 1.0000 0.7333
~ 0.0000 0.7333 0.0667 0.8000
S 0.0667 0.7333 0.1333 0.8000
O 0.1333 0.7333 0.2000 0.8000
X 0.2000 0.7333 0.2667 0.8000
~ 0.2667 0.7333 0.3333 0.8000
~ 0.3333 0.7333 0.4000 0.8000
~ 0.4000 0.7333 0.4667 0.8000
F 0.4667 0.7333 0.5333 0.8000
~ 0.5333 0.7333 0.6000 0.8000
P 0.6000 0.7333 0.6667 0.8000
~ 0.6667 0.7333 0.7333 0.8000
C 0.7333 0.7333 0.8000 0.8000
U 0.8000 0.7333 0.8667 0.8000
N 0.8667 0.7333 0.9333 0.8000
T 0.9333 0.7333 1.0000 0.8000
~ 0.0000 0.8000 0.0667 0.8667
~ 0.0667 0.8000 0.1333 0.8667
V 0.1333 0.8000 0.2000 0.8667
~ 0.2000 0.8000 0.2667 0.8667
~ 0.2667 0.8000 0.3333 0.8667
J 0.3333 0.8000 0.4000 0.8667
A 0.4000 0.8000 0.4667 0.8667
R 0.4667 0.8000 0.5333 0.8667
L 0.5333 0.8000 0.6000 0.8667
S 0.6000 0.8000 0.6667 0.8667
~ 0.6667 0.8000 0.7333 0.8667
A 0.7333 0.8000 0.8000 0.8667
~ 0.8000 0.8000 0.8667 0.8667
~ 0.8667 0.8000 0.9333 0.8667
~ 0.9333 0.8000 1.0000 0.8667
~ 0.0000 0.8667 0.0667 0.9333
A 0.0667 0.8667 0.1333 0.9333
U 0.1333 0.8667 0.2000 0.9333
D 0.2000 0.8667 0.2667 0.9333
I 0.2667 0.8667 0.3333 0.9333
O 0.3333 0.8667 0.4000 0.9333
~ 0.4000 0.8667 0.4667 0.9333
E 0.4667 0.8667 0.5333 0.9333
~ 0.5333 0.8667 0.6000 0.9333
~ 0.6000 0.8667 0.6667 0.9333
Q 0.6667 0.8667 0.7333 0.9333
U 0.7333 0.8667 0.8000 0.9333
A 0.8000 0.8667 0.8667 0.9333
D 0.8667 0.8667 0.9333 0.9333
~ 0.9333 0.8667 1.0000 0.9333
L 0.0000 0.9333 0.0667 1.0000
I 0.0667 0.9333 0.1333 1.0000
M 0.1333 0.9333 0.2000 1.0000
O 0.2000 0.9333 0.2667 1.0000
~ 0.2667 0.9333 0.3333 1.0000
~ 0.3333 0.9333 0.4000 1.0000
M 0.4000 0.9333 0.4667 1.0000
E 0.4667 0.9333 0.5333 1.0000
N 0.5333 0.9333 0.6000 1.0000
~ 0.6000 0.9333 0.6667 1.0000
~ 0.6667 0.9333 0.7333 1.0000
P 0.7333 0.9333 0.8000 1.0000
~ 0.8000 0.9333 0.8667 1.0000
E 0.8667 0.9333 0.9333 1.0000
H 0.9333 0.9333 1.0000 1.0000
