~ 0.0000 0.0000 0.0667 0.0667
~ 0.0667 0.0000 0.1333 0.0667
~ 0.1333 0.0000 0.2000 0.0667
~ 0.2000 0.0000 0.2667 0.0667
~ 0.2667 0.0000 0.3333 0.0667
~ 0.3333 0.0000 0.4000 0.0667
~ 0.4000 0.0000 0.4667 0.0667
~ 0.4667 0.0000 0.5333 0.0667
~ 0.5333 0.0000 0.6000 0.0667
~ 0.6000 0.0000 0.6667 0.0667
~ 0.6667 0.0000 0.7333 0.0667
~ 0.7333 0.0000 0.8000 0.0667
~ 0.8000 0.0000 0.8667 0.0667
~ 0.8667 0.0000 0.9333 0.0667
~ 0.9333 0.0000 1.0000 0.0667
~ 0.0000 0.0667 0.0667 0.1333
~ 0.0667 0.0667 0.1333 0.1333
~ 0.1333 0.0667 0.2000 0.1333
Q 0.2000 0.0667 0.2667 0.1333
~ 0.2667 0.0667 0.3333 0.1333
V 0.3333 0.0667 0.4000 0.1333
~ 0.4000 0.0667 0.4667 0.1333
~ 0.4667 0.0667 0.5333 0.1333
~ 0.5333 0.0667 0.6000 0.1333
S 0.6000 0.0667 0.6667 0.1333
~ 0.6667 0.0667 0.7333 0.1333
~ 0.7333 0.0667 0.8000 0.1333
~ 0.8000 0.0667 0.8667 0.1333
~ 0.8667 0.0667 0.9333 0.1333
~ 0.9333 0.0667 1.0000 0.1333
~ 0.0000 0.1333 0.0667 0.2000
~ 0.0667 0.1333 0.1333 0.2000
~ 0.1333 0.1333 0.2000 0.2000
U 0.2000 0.1333 0.2667 0.2000
~ 0.2667 0.1333 0.3333 0.2000
I 0.3333 0.1333 0.4000 0.2000
~ 0.4000 0.1333 0.4667 0.2000
~ 0.4667 0.1333 0.5333 0.2000
~ 0.5333 0.1333 0.6000 0.2000
T 0.6000 0.1333 0.6667 0.2000
~ 0.6667 0.1333 0.7333 0.2000
R 0.7333 0.1333 0.8000 0.2000
T 0.8000 0.1333 0.8667 0.2000
~ 0.8667 0.1333 0.9333 0.2000
~ 0.9333 0.1333 1.0000 0.2000
Z 0.0000 0.2000 0.0667 0.2667
I 0.0667 0.2000 0.1333 0.2667
N 0.1333 0.2000 0.2000 0.2667
E 0.2000 0.2000 0.2667 0.2667
B 0.2667 0.2000 0.3333 0.2667
S 0.3333 0.2000 0.4000 0.2667
~ 0.4000 0.2000 0.4667 0.2667
~ 0.4667 0.2000 0.5333 0.2667
~ 0.5333 0.2000 0.6000 0.2667
E 0.6000 0.2000 0.6667 0.2667
~ 0.6667 0.2000 0.7333 0.2667
~ 0.7333 0.2000 0.8000 0.2667
~ 0.8000 0.2000 0.8667 0.2667
~ 0.8667 0.2000 0.9333 0.2667
~ 0.9333 0.2000 1.0000 0.2667
I 0.0000 0.2667 0.0667 0.3333
~ 0.0667 0.2667 0.1333 0.3333
~ 0.1333 0.2667 0.2000 0.3333
U 0.2000 0.2667 0.2667 0.3333
~ 0.2667 0.2667 0.3333 0.3333
~ 0.3333 0.2667 0.4000 0.3333
~ 0.4000 0.2667 0.4667 0.3333
~ 0.4667 0.2667 0.5333 0.3333
~ 0.5333 0.2667 0.6000 0.3333
R 0.6000 0.2667 0.6667 0.3333
~ 0.6667 0.2667 0.7333 0.3333
~ 0.7333 0.2667 0.8000 0.3333
~ 0.8000 0.2667 0.8667 0.3333
~ 0.8667 0.2667 0.9333 0.3333
C 0.9333 0.2667 1.0000 0.3333
N 0.0000 0.3333 0.0667 0.4000
~ 0.0667 0.3333 0.1333 0.4000
~ 0.1333 0.3333 0.2000 0.4000
E 0.2000 0.3333 0.2667 0.4000
~ 0.2667 0.3333 0.3333 0.4000
P 0.3333 0.3333 0.4000 0.4000
I 0.4000 0.3333 0.4667 0.4000
~ 0.4667 0.3333 0.5333 0.4000
P 0.5333 0.3333 0.6000 0.4000
E 0.6000 0.3333 0.6667 0.4000
G 0.6667 0.3333 0.7333 0.4000
~ 0.7333 0.3333 0.8000 0.4000
~ 0.8000 0.3333 0.8667 0.4000
J 0.8667 0.3333 0.9333 0.4000
O 0.9333 0.3333 1.0000 0.4000
E 0.0000 0.4000 0.0667 0.4667
~ 0.0667 0.4000 0.1333 0.4667
~ 0.1333 0.4000 0.2000 0.4667
D 0.2000 0.4000 0.2667 0.4667
O 0.2667 0.4000 0.3333 0.4667
I 0.3333 0.4000 0.4000 0.4667
T 0.4000 0.4000 0.4667 0.4667
~ 0.4667 0.4000 0.5333 0.4667
I 0.5333 0.4000 0.6000 0.4667
~ 0.6000 0.4000 0.6667 0.4667
~ 0.6667 0.4000 0.7333 0.4667
~ 0.7333 0.4000 0.8000 0.4667
~ 0.8000 0.4000 0.8667 0.4667
A 0.8667 0.4000 0.9333 0.4667
H 0.9333 0.4000 1.0000 0.4667
B 0.0000 0.4667 0.0667 0.5333
A 0.0667 0.4667 0.1333 0.5333
M 0.1333 0.4667 0.2000 0.5333
~ 0.2000 0.4667 0.2667 0.5333
~ 0.2667 0.4667 0.3333 0.5333
~ 0.3333 0.4667 0.4000 0.5333
~ 0.4000 0.4667 0.4667 0.5333
A 0.4667 0.4667 0.5333 0.5333
C 0.5333 0.4667 0.6000 0.5333
H 0.6000 0.4667 0.6667 0.5333
E 0.6667 0.4667 0.7333 0.5333
D 0.7333 0.4667 0.8000 0.5333
~ 0.8000 0.4667 0.8667 0.5333
G 0.8667 0.4667 0.9333 0.5333
O 0.9333 0.4667 1.0000 0.5333
~ 0.0000 0.5333 0.0667 0.6000
Y 0.0667 0.5333 0.1333 0.6000
A 0.1333 0.5333 0.2000 0.6000
M 0.2000 0.5333 0.2667 0.6000
~ 0.2667 0.5333 0.3333 0.6000
~ 0.3333 0.5333 0.4000 0.6000
~ 0.4000 0.5333 0.4667 0.6000
~ 0.4667 0.5333 0.5333 0.6000
A 0.5333 0.5333 0.6000 0.6000
~ 0.6000 0.5333 0.6667 0.6000
L 0.6667 0.5333 0.7333 0.6000
E 0.7333 0.5333 0.8000 0.6000
K 0.8000 0.5333 0.8667 0.6000
S 0.8667 0.5333 0.9333 0.6000
~ 0.9333 0.5333 1.0000 0.6000
~ 0.0000 0.6000 0.0667 0.6667
~ 0.0667 0.6000 0.1333 0.6667
N 0.1333 0.6000 0.2000 0.6667
I 0.2000 0.6000 0.2667 0.6667
L 0.2667 0.6000 0.3333 0.6667
~ 0.3333 0.6000 0.4000 0.6667
~ 0.4000 0.6000 0.4667 0.6667
~ 0.4667 0.6000 0.5333 0.6667
Y 0.5333 0.6000 0.6000 0.6667
~ 0.6000 0.6000 0.6667 0.6667
~ 0.6667 0.6000 0.7333 0.6667
~ 0.7333 0.6000 0.8000 0.6667
~ 0.8000 0.6000 0.8667 0.6667
~ 0.8667 0.6000 0.9333 0.6667
~ 0.9333 0.6000 1.0000 0.6667
~ 0.0000 0.6667 0.0667 0.7333
~ 0.0667 0.6667 0.1333 0.7333
~ 0.1333 0.6667 0.2000 0.7333
R 0.2000 0.6667 0.2667 0.7333
E 0.2667 0.6667 0.3333 0.7333
V 0.3333 0.6667 0.4000 0.7333
E 0.4000 0.6667 0.4667 0.7333
N 0.4667 0.6667 0.5333 0.7333
~ 0.5333 0.6667 0.6000 0.7333
E 0.6000 0.6667 0.6667 0.7333
D 0.6667 0.6667 0.7333 0.7333
~ 0.7333 0.6667 0.8000 0.7333
~ 0.8000 0.6667 0.8667 0.7333
~ 0.8667 0.6667 0.9333 0.7333
~ 0.9333 0.6667 1.0000 0.7333
F 0.0000 0.7333 0.0667 0.8000
~ 0.0667 0.7333 0.1333 0.8000
~ 0.1333 0.7333 0.2000 0.8000
E 0.2000 0.7333 0.2667 0.8000
X 0.2667 0.7333 0.3333 0.8000
~ 0.3333 0.7333 0.4000 0.8000
~ 0.4000 0.7333 0.4667 0.8000
~ 0.4667 0.7333 0.5333 0.8000
N 0.5333 0.7333 0.6000 0.8000
~ 0.6000 0.7333 0.6667 0.8000
O 0.6667 0.7333 0.7333 0.8000
I 0.7333 0.7333 0.8000 0.8000
L 0.8000 0.7333 0.8667 0.8000
~ 0.8667 0.7333 0.9333 0.8000
~ 0.9333 0.7333 1.0000 0.8000
L 0.0000 0.8000 0.0667 0.8667
A 0.0667 0.8000 0.1333 0.8667
R 0.1333 0.8000 0.2000 0.8667
S 0.2000 0.8000 0.2667 0.8667
~ 0.2667 0.8000 0.3333 0.8667
~ 0.3333 0.8000 0.4000 0.8667
~ 0.4000 0.8000 0.4667 0.8667
R 0.4667 0.8000 0.5333 0.8667
E 0.5333 0.8000 0.6000 0.8667
~ 0.6000 0.8000 0.6667 0.8667
~ 0.6667 0.8000 0.7333 0.8667
~ 0.7333 0.8000 0.8000 0.8667
O 0.8000 0.8000 0.8667 0.8667
F 0.8667 0.8000 0.9333 0.8667
~ 0.9333 0.8000 1.0000 0.8667
A 0.0000 0.8667 0.0667 0.9333
~ 0.0667 0.8667 0.1333 0.9333
~ 0.1333 0.8667 0.2000 0.9333
~ 0.2000 0.8667 0.2667 0.9333
~ 0.2667 0.8667 0.3333 0.9333
~ 0.3333 0.8667 0.4000 0.9333
~ 0.4000 0.8667 0.4667 0.9333
U 0.4667 0.8667 0.5333 0.9333
~ 0.5333 0.8667 0.6000 0.9333
W 0.6000 0.8667 0.6667 0.9333
A 0.6667 0.8667 0.7333 0.9333
T 0.7333 0.8667 0.8000 0.9333
~ 0.8000 0.8667 0.8667 0.9333
I 0.8667 0.8667 0.9333 0.9333
T 0.9333 0.8667 1.0000 0.9333
W 0.0000 0.9333 0.0667 1.0000
A 0.0667 0.9333 0.1333 1.0000
R 0.1333 0.9333 0.2000 1.0000
N 0.2000 0.9333 0.2667 1.0000
~ 0.2667 0.9333 0.3333 1.0000
~ 0.3333 0.9333 0.4000 1.0000
U 0.4000 0.9333 0.4667 1.0000
N 0.4667 0.9333 0.5333 1.0000
T 0.5333 0.9333 0.6000 1.0000
O 0.6000 0.9333 0.6667 1.0000
~ 0.6667 0.9333 0.7333 1.0000
~ 0.7333 0.9333 0.8000 1.0000
~ 0.8000 0.9333 0.8667 1.0000
G 0.8667 0.9333 0.9333 1.0000
O 0.9333 0.9333 1.0000 1.0000
