~ 0.0000 0.0000 0.0667 0.0667
~ 0.0667 0.0000 0.1333 0.0667
~ 0.1333 0.0000 0.2000 0.0667
~ 0.2000 0.0000 0.2667 0.0667
~ 0.2667 0.0000 0.3333 0.0667
~ 0.3333 0.0000 0.4000 0.0667
A 0.4000 0.0000 0.4667 0.0667
M 0.4667 0.0000 0.5333 0.0667
E 0.5333 0.0000 0.6000 0.0667
N 0.6000 0.0000 0.6667 0.0667
D 0.6667 0.0000 0.7333 0.0667
S 0.7333 0.0000 0.8000 0.0667
~ 0.8000 0.0000 0.8667 0.0667
~ 0.8667 0.0000 0.9333 0.0667
~ 0.9333 0.0000 1.0000 0.0667
~ 0.0000 0.0667 0.0667 0.1333
~ 0.0667 0.0667 0.1333 0.1333
~ 0.1333 0.0667 0.2000 0.1333
~ 0.2000 0.0667 0.2667 0.1333
~ 0.2667 0.0667 0.3333 0.1333
~ 0.3333 0.0667 0.4000 0.1333
~ 0.4000 0.0667 0.4667 0.1333
E 0.4667 0.0667 0.5333 0.1333
~ 0.5333 0.0667 0.6000 0.1333
~ 0.6000 0.0667 0.6667 0.1333
~ 0.6667 0.0667 0.7333 0.1333
~ 0.7333 0.0667 0.8000 0.1333
~ 0.8000 0.0667 0.8667 0.1333
~ 0.8667 0.0667 0.9333 0.1333
~ 0.9333 0.0667 1.0000 0.1333
~ 0.0000 0.1333 0.0667 0.2000
~ 0.0667 0.1333 0.1333 0.2000
~ 0.1333 0.1333 0.2000 0.2000
~ 0.2000 0.1333 0.2667 0.2000
~ 0.2667 0.1333 0.3333 0.2000
~ 0.3333 0.1333 0.4000 0.2000
~ 0.4000 0.1333 0.4667 0.2000
R 0.4667 0.1333 0.5333 0.2000
~ 0.5333 0.1333 0.6000 0.2000
~ 0.6000 0.1333 0.6667 0.2000
~ 0.6667 0.1333 0.7333 0.2000
~ 0.7333 0.1333 0.8000 0.2000
~ 0.8000 0.1333 0.8667 0.2000
~ 0.8667 0.1333 0.9333 0.2000
~ 0.9333 0.1333 1.0000 0.2000
~ 0.0000 0.2000 0.0667 0.2667
~ 0.0667 0.2000 0.1333 0.2667
~ 0.1333 0.2000 0.2000 0.2667
G 0.2000 0.2000 0.2667 0.2667
~ 0.2667 0.2000 0.3333 0.2667
C 0.3333 0.2000 0.4000 0.2667
~ 0.4000 0.2000 0.4667 0.2667
E 0.4667 0.2000 0.5333 0.2667
T 0.5333 0.2000 0.6000 0.2667
~ 0.6000 0.2000 0.6667 0.2667
~ 0.6667 0.2000 0.7333 0.2667
~ 0.7333 0.2000 0.8000 0.2667
~ 0.8000 0.2000 0.8667 0.2667
~ 0.8667 0.2000 0.9333 0.2667
~ 0.9333 0.2000 1.0000 0.2667
~ 0.0000 0.2667 0.0667 0.3333
~ 0.0667 0.2667 0.1333 0.3333
~ 0.1333 0.2667 0.2000 0.3333
L 0.2000 0.2667 0.2667 0.3333
~ 0.2667 0.2667 0.3333 0.3333
O 0.3333 0.2667 0.4000 0.3333
~ 0.4000 0.2667 0.4667 0.3333
~ 0.4667 0.2667 0.5333 0.3333
H 0.5333 0.2667 0.6000 0.3333
E 0.6000 0.2667 0.6667 0.3333
N 0.6667 0.2667 0.7333 0.3333
~ 0.7333 0.2667 0.8000 0.3333
L 0.8000 0.2667 0.8667 0.3333
~ 0.8667 0.2667 0.9333 0.3333
~ 0.9333 0.2667 1.0000 0.3333
~ 0.0000 0.3333 0.0667 0.4000
~ 0.0667 0.3333 0.1333 0.4000
C 0.1333 0.3333 0.2000 0.4000
U 0.2000 0.3333 0.2667 0.4000
B 0.2667 0.3333 0.3333 0.4000
S 0.3333 0.3333 0.4000 0.4000
~ 0.4000 0.3333 0.4667 0.4000
F 0.4667 0.3333 0.5333 0.4000
E 0.5333 0.3333 0.6000 0.4000
R 0.6000 0.3333 0.6667 0.4000
I 0.6667 0.3333 0.7333 0.4000
A 0.7333 0.3333 0.8000 0.4000
E 0.8000 0.3333 0.8667 0.4000
~ 0.8667 0.3333 0.9333 0.4000
~ 0.9333 0.3333 1.0000 0.4000
~ 0.0000 0.4000 0.0667 0.4667
K 0.0667 0.4000 0.1333 0.4667
A 0.1333 0.4000 0.2000 0.4667
T 0.2000 0.4000 0.2667 0.4667
~ 0.2667 0.4000 0.3333 0.4667
~ 0.3333 0.4000 0.4000 0.4667
X 0.4000 0.4000 0.4667 0.4667
I 0.4667 0.4000 0.5333 0.4667
~ 0.5333 0.4000 0.6000 0.4667
~ 0.6000 0.4000 0.6667 0.4667
T 0.6667 0.4000 0.7333 0.4667
~ 0.7333 0.4000 0.8000 0.4667
Y 0.8000 0.4000 0.8667 0.4667
~ 0.8667 0.4000 0.9333 0.4667
~ 0.9333 0.4000 1.0000 0.4667
Z 0.0000 0.4667 0.0667 0.5333
E 0.0667 0.4667 0.1333 0.5333
P 0.1333 0.4667 0.2000 0.5333
~ 0.2000 0.4667 0.2667 0.5333
Q 0.2667 0.4667 0.3333 0.5333
U 0.3333 0.4667 0.4000 0.5333
I 0.4000 0.4667 0.4667 0.5333
T 0.4667 0.4667 0.5333 0.5333
S 0.5333 0.4667 0.6000 0.5333
~ 0.6000 0.4667 0.6667 0.5333
~ 0.6667 0.4667 0.7333 0.5333
V 0.7333 0.4667 0.8000 0.5333
~ 0.8000 0.4667 0.8667 0.5333
~ 0.8667 0.4667 0.9333 0.5333
~ 0.9333 0.4667 1.0000 0.5333
O 0.0000 0.5333 0.0667 0.6000
R 0.0667 0.5333 0.1333 0.6000
E 0.1333 0.5333 0.2000 0.6000
~ 0.2000 0.5333 0.2667 0.6000
U 0.2667 0.5333 0.3333 0.6000
~ 0.3333 0.5333 0.4000 0.6000
~ 0.4000 0.5333 0.4667 0.6000
~ 0.4667 0.5333 0.5333 0.6000
O 0.5333 0.5333 0.6000 0.6000
~ 0.6000 0.5333 0.6667 0.6000
N 0.6667 0.5333 0.7333 0.6000
O 0.7333 0.5333 0.8000 0.6000
H 0.8000 0.5333 0.8667 0.6000
~ 0.8667 0.5333 0.9333 0.6000
~ 0.9333 0.5333 1.0000 0.6000
O 0.0000 0.6000 0.0667 0.6667
N 0.0667 0.6000 0.1333 0.6667
~ 0.1333 0.6000 0.2000 0.6667
T 0.2000 0.6000 0.2667 0.6667
A 0.2667 0.6000 0.3333 0.6667
J 0.3333 0.6000 0.4000 0.6667
~ 0.4000 0.6000 0.4667 0.6667
A 0.4667 0.6000 0.5333 0.6667
N 0.5333 0.6000 0.6000 0.6667
~ 0.6000 0.6000 0.6667 0.6667
~ 0.6667 0.6000 0.7333 0.6667
L 0.7333 0.6000 0.8000 0.6667
I 0.8000 0.6000 0.8667 0.6667
~ 0.8667 0.6000 0.9333 0.6667
~ 0.9333 0.6000 1.0000 0.6667
S 0.0000 0.6667 0.0667 0.7333
I 0.0667 0.6667 0.1333 0.7333
~ 0.1333 0.6667 0.2000 0.7333
E 0.2000 0.6667 0.2667 0.7333
G 0.2667 0.6667 0.3333 0.7333
O 0.3333 0.6667 0.4000 0.7333
~ 0.4000 0.6667 0.4667 0.7333
V 0.4667 0.6667 0.5333 0.7333
A 0.5333 0.6667 0.6000 0.7333
G 0.6000 0.6667 0.6667 0.7333
U 0.6667 0.6667 0.7333 0.7333
E 0.7333 0.6667 0.8000 0.7333
R 0.8000 0.6667 0.8667 0.7333
~ 0.8667 0.6667 0.9333 0.7333
~ 0.9333 0.6667 1.0000 0.7333
~ 0.0000 0.7333 0.0667 0.8000
~ 0.0667 0.7333 0.1333 0.8000
~ 0.1333 0.7333 0.2000 0.8000
W 0.2000 0.7333 0.2667 0.8000
~ 0.2667 0.7333 0.3333 0.8000
I 0.3333 0.7333 0.4000 0.8000
~ 0.4000 0.7333 0.4667 0.8000
O 0.4667 0.7333 0.5333 0.8000
R 0.5333 0.7333 0.6000 0.8000
~ 0.6000 0.7333 0.6667 0.8000
~ 0.6667 0.7333 0.7333 0.8000
D 0.7333 0.7333 0.8000 0.8000
E 0.8000 0.7333 0.8667 0.8000
~ 0.8667 0.7333 0.9333 0.8000
~ 0.9333 0.7333 1.0000 0.8000
R 0.0000 0.8000 0.0667 0.8667
E 0.0667 0.8000 0.1333 0.8667
B 0.1333 0.8000 0.2000 0.8667
~ 0.2000 0.8000 0.2667 0.8667
A 0.2667 0.8000 0.3333 0.8667
N 0.3333 0.8000 0.4000 0.8667
Y 0.4000 0.8000 0.4667 0.8667
~ 0.4667 0.8000 0.5333 0.8667
~ 0.5333 0.8000 0.6000 0.8667
~ 0.6000 0.8000 0.6667 0.8667
~ 0.6667 0.8000 0.7333 0.8667
~ 0.7333 0.8000 0.8000 0.8667
D 0.8000 0.8000 0.8667 0.8667
~ 0.8667 0.8000 0.9333 0.8667
~ 0.9333 0.8000 1.0000 0.8667
~ 0.0000 0.8667 0.0667 0.9333
~ 0.0667 0.8667 0.1333 0.9333
O 0.1333 0.8667 0.2000 0.9333
M 0.2000 0.8667 0.2667 0.9333
I 0.2667 0.8667 0.3333 0.9333
T 0.3333 0.8667 0.4000 0.9333
A 0.4000 0.8667 0.4667 0.9333
L 0.4667 0.8667 0.5333 0.9333
~ 0.5333 0.8667 0.6000 0.9333
~ 0.6000 0.8667 0.6667 0.9333
~ 0.6667 0.8667 0.7333 0.9333
~ 0.7333 0.8667 0.8000 0.9333
~ 0.8000 0.8667 0.8667 0.9333
~ 0.8667 0.8667 0.9333 0.9333
~ 0.9333 0.8667 1.0000 0.9333
~ 0.0000 0.9333 0.0667 1.0000
~ 0.0667 0.9333 0.1333 1.0000
P 0.1333 0.9333 0.2000 1.0000
I 0.2000 0.9333 0.2667 1.0000
~ 0.2667 0.9333 0.3333 1.0000
~ 0.3333 0.9333 0.4000 1.0000
W 0.4000 0.9333 0.4667 1.0000
A 0.4667 0.9333 0.5333 1.0000
I 0.5333 0.9333 0.6000 1.0000
F 0.6000 0.9333 0.6667 1.0000
~ 0.6667 0.9333 0.7333 1.0000
~ 0.7333 0.9333 0.8000 1.0000
~ 0.8000 0.9333 0.8667 1.0000
~ 0.8667 0.9333 0.9333 1.0000
~ 0.9333 0.9333 1.0000 1.0000
