A 0.0000 0.0000 0.0667 0.0667
~ 0.0667 0.0000 0.1333 0.0667
~ 0.1333 0.0000 0.2000 0.0667
~ 0.2000 0.0000 0.2667 0.0667
~ 0.2667 0.0000 0.3333 0.0667
~ 0.3333 0.0000 0.4000 0.0667
~ 0.4000 0.0000 0.4667 0.0667
~ 0.4667 0.0000 0.5333 0.0667
~ 0.5333 0.0000 0.6000 0.0667
I 0.6000 0.0000 0.6667 0.0667
~ 0.6667 0.0000 0.7333 0.0667
~ 0.7333 0.0000 0.8000 0.0667
~ 0.8000 0.0000 0.8667 0.0667
~ 0.8667 0.0000 0.9333 0.0667
~ 0.9333 0.0000 1.0000 0.0667
B 0.0000 0.0667 0.0667 0.1333
E 0.0667 0.0667 0.1333 0.1333
~ 0.1333 0.0667 0.2000 0.1333
~ 0.2000 0.0667 0.2667 0.1333
~ 0.2667 0.0667 0.3333 0.1333
~ 0.3333 0.0667 0.4000 0.1333
~ 0.4000 0.0667 0.4667 0.1333
~ 0.4667 0.0667 0.5333 0.1333
~ 0.5333 0.0667 0.6000 0.1333
~ 0.6000 0.0667 0.6667 0.1333
~ 0.6667 0.0667 0.7333 0.1333
~ 0.7333 0.0667 0.8000 0.1333
V 0.8000 0.0667 0.8667 0.1333
~ 0.8667 0.0667 0.9333 0.1333
~ 0.9333 0.0667 1.0000 0.1333
~ 0.0000 0.1333 0.0667 0.2000
M 0.0667 0.1333 0.1333 0.2000
A 0.1333 0.1333 0.2000 0.2000
T 0.2000 0.1333 0.2667 0.2000
E 0.2667 0.1333 0.3333 0.2000
~ 0.3333 0.1333 0.4000 0.2000
Q 0.4000 0.1333 0.4667 0.2000
~ 0.4667 0.1333 0.5333 0.2000
~ 0.5333 0.1333 0.6000 0.2000
~ 0.6000 0.1333 0.6667 0.2000
~ 0.6667 0.1333 0.7333 0.2000
M 0.7333 0.1333 0.8000 0.2000
O 0.8000 0.1333 0.8667 0.2000
~ 0.8667 0.1333 0.9333 0.2000
~ 0.9333 0.1333 1.0000 0.2000
~ 0.0000 0.2000 0.0667 0.2667
I 0.0667 0.2000 0.1333 0.2667
~ 0.1333 0.2000 0.2000 0.2667
O 0.2000 0.2000 0.2667 0.2667
~ 0.2667 0.2000 0.3333 0.2667
K 0.3333 0.2000 0.4000 0.2667
I 0.4000 0.2000 0.4667 0.2667
F 0.4667 0.2000 0.5333 0.2667
~ 0.5333 0.2000 0.6000 0.2667
~ 0.6000 0.2000 0.6667 0.2667
D 0.6667 0.2000 0.7333 0.2667
O 0.7333 0.2000 0.8000 0.2667
L 0.8000 0.2000 0.8667 0.2667
~ 0.8667 0.2000 0.9333 0.2667
~ 0.9333 0.2000 1.0000 0.2667
~ 0.0000 0.2667 0.0667 0.3333
C 0.0667 0.2667 0.1333 0.3333
~ 0.1333 0.2667 0.2000 0.3333
Y 0.2000 0.2667 0.2667 0.3333
O 0.2667 0.2667 0.3333 0.3333
U 0.3333 0.2667 0.4000 0.3333
S 0.4000 0.2667 0.4667 0.3333
E 0.4667 0.2667 0.5333 0.3333
~ 0.5333 0.2667 0.6000 0.3333
~ 0.6000 0.2667 0.6667 0.3333
U 0.6667 0.2667 0.7333 0.3333
~ 0.7333 0.2667 0.8000 0.3333
T 0.8000 0.2667 0.8667 0.3333
~ 0.8667 0.2667 0.9333 0.3333
~ 0.9333 0.2667 1.0000 0.3333
~ 0.0000 0.3333 0.0667 0.4000
~ 0.0667 0.3333 0.1333 0.4000
~ 0.1333 0.3333 0.2000 0.4000
E 0.2000 0.3333 0.2667 0.4000
~ 0.2667 0.3333 0.3333 0.4000
E 0.3333 0.3333 0.4000 0.4000
~ 0.4000 0.3333 0.4667 0.4000
L 0.4667 0.3333 0.5333 0.4000
~ 0.5333 0.3333 0.6000 0.4000
Z 0.6000 0.3333 0.6667 0.4000
A 0.6667 0.3333 0.7333 0.4000
P 0.7333 0.3333 0.8000 0.4000
S 0.8000 0.3333 0.8667 0.4000
~ 0.8667 0.3333 0.9333 0.4000
~ 0.9333 0.3333 1.0000 0.4000
~ 0.0000 0.4000 0.0667 0.4667
~ 0.0667 0.4000 0.1333 0.4667
~ 0.1333 0.4000 0.2000 0.4667
R 0.2000 0.4000 0.2667 0.4667
~ 0.2667 0.4000 0.3333 0.4667
~ 0.3333 0.4000 0.4000 0.4667
~ 0.4000 0.4000 0.4667 0.4667
T 0.4667 0.4000 0.5333 0.4667
~ 0.5333 0.4000 0.6000 0.4667
A 0.6000 0.4000 0.6667 0.4667
L 0.6667 0.4000 0.7333 0.4667
A 0.7333 0.4000 0.8000 0.4667
~ 0.8000 0.4000 0.8667 0.4667
~ 0.8667 0.4000 0.9333 0.4667
~ 0.9333 0.4000 1.0000 0.4667
~ 0.0000 0.4667 0.0667 0.5333
~ 0.0667 0.4667 0.1333 0.5333
~ 0.1333 0.4667 0.2000 0.5333
~ 0.2000 0.4667 0.2667 0.5333
~ 0.2667 0.4667 0.3333 0.5333
W 0.3333 0.4667 0.4000 0.5333
H 0.4000 0.4667 0.4667 0.5333
I 0.4667 0.4667 0.5333 0.5333
D 0.5333 0.4667 0.6000 0.5333
S 0.6000 0.4667 0.6667 0.5333
~ 0.6667 0.4667 0.7333 0.5333
N 0.7333 0.4667 0.8000 0.5333
~ 0.8000 0.4667 0.8667 0.5333
~ 0.8667 0.4667 0.9333 0.5333
~ 0.9333 0.4667 1.0000 0.5333
~ 0.0000 0.5333 0.0667 0.6000
~ 0.0667 0.5333 0.1333 0.6000
~ 0.1333 0.5333 0.2000 0.6000
U 0.2000 0.5333 0.2667 0.6000
~ 0.2667 0.5333 0.3333 0.6000
~ 0.3333 0.5333 0.4000 0.6000
~ 0.4000 0.5333 0.4667 0.6000
N 0.4667 0.5333 0.5333 0.6000
~ 0.5333 0.5333 0.6000 0.6000
~ 0.6000 0.5333 0.6667 0.6000
~ 0.6667 0.5333 0.7333 0.6000
G 0.7333 0.5333 0.8000 0.6000
~ 0.8000 0.5333 0.8667 0.6000
~ 0.8667 0.5333 0.9333 0.6000
~ 0.9333 0.5333 1.0000 0.6000
~ 0.0000 0.6000 0.0667 0.6667
J 0.0667 0.6000 0.1333 0.6667
I 0.1333 0.6000 0.2000 0.6667
N 0.2000 0.6000 0.2667 0.6667
~ 0.2667 0.6000 0.3333 0.6667
B 0.3333 0.6000 0.4000 0.6667
O 0.4000 0.6000 0.4667 0.6667
G 0.4667 0.6000 0.5333 0.6667
E 0.5333 0.6000 0.6000 0.6667
Y 0.6000 0.6000 0.6667 0.6667
~ 0.6667 0.6000 0.7333 0.6667
~ 0.7333 0.6000 0.8000 0.6667
X 0.8000 0.6000 0.8667 0.6667
U 0.8667 0.6000 0.9333 0.6667
~ 0.9333 0.6000 1.0000 0.6667
~ 0.0000 0.6667 0.0667 0.7333
A 0.0667 0.6667 0.1333 0.7333
~ 0.1333 0.6667 0.2000 0.7333
C 0.2000 0.6667 0.2667 0.7333
O 0.2667 0.6667 0.3333 0.7333
O 0.3333 0.6667 0.4000 0.7333
N 0.4000 0.6667 0.4667 0.7333
S 0.4667 0.6667 0.5333 0.7333
~ 0.5333 0.6667 0.6000 0.7333
I 0.6000 0.6667 0.6667 0.7333
F 0.6667 0.6667 0.7333 0.7333
~ 0.7333 0.6667 0.8000 0.7333
I 0.8000 0.6667 0.8667 0.7333
T 0.8667 0.6667 0.9333 0.7333
~ 0.9333 0.6667 1.0000 0.7333
~ 0.0000 0.7333 0.0667 0.8000
G 0.0667 0.7333 0.1333 0.8000
~ 0.1333 0.7333 0.2000 0.8000
L 0.2000 0.7333 0.2667 0.8000
I 0.2667 0.7333 0.3333 0.8000
D 0.3333 0.7333 0.4000 0.8000
~ 0.4000 0.7333 0.4667 0.8000
~ 0.4667 0.7333 0.5333 0.8000
~ 0.5333 0.7333 0.6000 0.8000
N 0.6000 0.7333 0.6667 0.8000
E 0.6667 0.7333 0.7333 0.8000
~ 0.7333 0.7333 0.8000 0.8000
D 0.8000 0.7333 0.8667 0.8000
E 0.8667 0.7333 0.9333 0.8000
V 0.9333 0.7333 1.0000 0.8000
P 0.0000 0.8000 0.0667 0.8667
E 0.0667 0.8000 0.1333 0.8667
~ 0.1333 0.8000 0.2000 0.8667
E 0.2000 0.8000 0.2667 0.8667
~ 0.2667 0.8000 0.3333 0.8667
E 0.3333 0.8000 0.4000 0.8667
H 0.4000 0.8000 0.4667 0.8667
~ 0.4667 0.8000 0.5333 0.8667
~ 0.5333 0.8000 0.6000 0.8667
~ 0.6000 0.8000 0.6667 0.8667
~ 0.6667 0.8000 0.7333 0.8667
~ 0.7333 0.8000 0.8000 0.8667
A 0.8000 0.8000 0.8667 0.8667
~ 0.8667 0.8000 0.9333 0.8667
~ 0.9333 0.8000 1.0000 0.8667
~ 0.0000 0.8667 0.0667 0.9333
R 0.0667 0.8667 0.1333 0.9333
~ 0.1333 0.8667 0.2000 0.9333
~ 0.2000 0.8667 0.2667 0.9333
~ 0.2667 0.8667 0.3333 0.9333
~ 0.3333 0.8667 0.4000 0.9333
A 0.4000 0.8667 0.4667 0.9333
R 0.4667 0.8667 0.5333 0.9333
~ 0.5333 0.8667 0.6000 0.9333
R 0.6000 0.8667 0.6667 0.9333
O 0.6667 0.8667 0.7333 0.9333
A 0.7333 0.8667 0.8000 0.9333
N 0.8000 0.8667 0.8667 0.9333
~ 0.8667 0.8667 0.9333 0.9333
~ 0.9333 0.8667 1.0000 0.9333
T 0.0000 0.9333 0.0667 1.0000
~ 0.0667 0.9333 0.1333 1.0000
~ 0.1333 0.9333 0.2000 1.0000
~ 0.2000 0.9333 0.2667 1.0000
~ 0.2667 0.9333 0.3333 1.0000
~ 0.3333 0.9333 0.4000 1.0000
~ 0.4000 0.9333 0.4667 1.0000
~ 0.4667 0.9333 0.5333 1.0000
~ 0.5333 0.9333 0.6000 1.0000
~ 0.6000 0.9333 0.6667 1.0000
W 0.6667 0.9333 0.7333 1.0000
I 0.7333 0.9333 0.8000 1.0000
T 0.8000 0.9333 0.8667 1.0000
E 0.8667 0.9333 0.9333 1.0000
R 0.9333 0.9333 1.0000 1.0000
