~ 0.0000 0.0000 0.0667 0.0667
~ 0.0667 0.0000 0.1333 0.0667
~ 0.1333 0.0000 0.2000 0.0667
~ 0.2000 0.0000 0.2667 0.0667
~ 0.2667 0.0000 0.3333 0.0667
~ 0.3333 0.0000 0.4000 0.0667
I 0.4000 0.0000 0.4667 0.0667
R 0.4667 0.0000 0.5333 0.0667
E 0.5333 0.0000 0.6000 0.0667
~ 0.6000 0.0000 0.6667 0.0667
~ 0.6667 0.0000 0.7333 0.0667
~ 0.7333 0.0000 0.8000 0.0667
~ 0.8000 0.0000 0.8667 0.0667
Y 0.8667 0.0000 0.9333 0.0667
E 0.9333 0.0000 1.0000 0.0667
~ 0.0000 0.0667 0.0667 0.1333
J 0.0667 0.0667 0.1333 0.1333
~ 0.1333 0.0667 0.2000 0.1333
~ 0.2000 0.0667 0.2667 0.1333
~ 0.2667 0.0667 0.3333 0.1333
T 0.3333 0.0667 0.4000 0.1333
~ 0.4000 0.0667 0.4667 0.1333
O 0.4667 0.0667 0.5333 0.1333
~ 0.5333 0.0667 0.6000 0.1333
~ 0.6000 0.0667 0.6667 0.1333
~ 0.6667 0.0667 0.7333 0.1333
K 0.7333 0.0667 0.8000 0.1333
~ 0.8000 0.0667 0.8667 0.1333
A 0.8667 0.0667 0.9333 0.1333
X 0.9333 0.0667 1.0000 0.1333
~ 0.0000 0.1333 0.0667 0.2000
O 0.0667 0.1333 0.1333 0.2000
W 0.1333 0.1333 0.2000 0.2000
~ 0.2000 0.1333 0.2667 0.2000
~ 0.2667 0.1333 0.3333 0.2000
R 0.3333 0.1333 0.4000 0.2000
~ 0.4000 0.1333 0.4667 0.2000
I 0.4667 0.1333 0.5333 0.2000
~ 0.5333 0.1333 0.6000 0.2000
~ 0.6000 0.1333 0.6667 0.2000
Y 0.6667 0.1333 0.7333 0.2000
E 0.7333 0.1333 0.8000 0.2000
A 0.8000 0.1333 0.8667 0.2000
R 0.8667 0.1333 0.9333 0.2000
~ 0.9333 0.1333 1.0000 0.2000
~ 0.0000 0.2000 0.0667 0.2667
G 0.0667 0.2000 0.1333 0.2667
O 0.1333 0.2000 0.2000 0.2667
T 0.2000 0.2000 0.2667 0.2667
~ 0.2667 0.2000 0.3333 0.2667
~ 0.3333 0.2000 0.4000 0.2667
~ 0.4000 0.2000 0.4667 0.2667
L 0.4667 0.2000 0.5333 0.2667
~ 0.5333 0.2000 0.6000 0.2667
~ 0.6000 0.2000 0.6667 0.2667
A 0.6667 0.2000 0.7333 0.2667
G 0.7333 0.2000 0.8000 0.2667
E 0.8000 0.2000 0.8667 0.2667
E 0.8667 0.2000 0.9333 0.2667
~ 0.9333 0.2000 1.0000 0.2667
~ 0.0000 0.2667 0.0667 0.3333
~ 0.0667 0.2667 0.1333 0.3333
M 0.1333 0.2667 0.2000 0.3333
~ 0.2000 0.2667 0.2667 0.3333
V 0.2667 0.2667 0.3333 0.3333
A 0.3333 0.2667 0.4000 0.3333
V 0.4000 0.2667 0.4667 0.3333
S 0.4667 0.2667 0.5333 0.3333
~ 0.5333 0.2667 0.6000 0.3333
~ 0.6000 0.2667 0.6667 0.3333
P 0.6667 0.2667 0.7333 0.3333
~ 0.7333 0.2667 0.8000 0.3333
O 0.8000 0.2667 0.8667 0.3333
R 0.8667 0.2667 0.9333 0.3333
~ 0.9333 0.2667 1.0000 0.3333
~ 0.0000 0.3333 0.0667 0.4000
~ 0.0667 0.3333 0.1333 0.4000
B 0.1333 0.3333 0.2000 0.4000
I 0.2000 0.3333 0.2667 0.4000
~ 0.2667 0.3333 0.3333 0.4000
T 0.3333 0.3333 0.4000 0.4000
~ 0.4000 0.3333 0.4667 0.4000
~ 0.4667 0.3333 0.5333 0.4000
~ 0.5333 0.3333 0.6000 0.4000
~ 0.6000 0.3333 0.6667 0.4000
O 0.6667 0.3333 0.7333 0.4000
~ 0.7333 0.3333 0.8000 0.4000
N 0.8000 0.3333 0.8667 0.4000
~ 0.8667 0.3333 0.9333 0.4000
~ 0.9333 0.3333 1.0000 0.4000
~ 0.0000 0.4000 0.0667 0.4667
~ 0.0667 0.4000 0.1333 0.4667
~ 0.1333 0.4000 0.2000 0.4667
N 0.2000 0.4000 0.2667 0.4667
~ 0.2667 0.4000 0.3333 0.4667
I 0.3333 0.4000 0.4000 0.4667
~ 0.4000 0.4000 0.4667 0.4667
F 0.4667 0.4000 0.5333 0.4667
O 0.5333 0.4000 0.6000 0.4667
U 0.6000 0.4000 0.6667 0.4667
N 0.6667 0.4000 0.7333 0.4667
D 0.7333 0.4000 0.8000 0.4667
~ 0.8000 0.4000 0.8667 0.4667
~ 0.8667 0.4000 0.9333 0.4667
~ 0.9333 0.4000 1.0000 0.4667
~ 0.0000 0.4667 0.0667 0.5333
~ 0.0667 0.4667 0.1333 0.5333
~ 0.1333 0.4667 0.2000 0.5333
C 0.2000 0.4667 0.2667 0.5333
A 0.2667 0.4667 0.3333 0.5333
N 0.3333 0.4667 0.4000 0.5333
N 0.4000 0.4667 0.4667 0.5333
E 0.4667 0.4667 0.5333 0.5333
D 0.5333 0.4667 0.6000 0.5333
~ 0.6000 0.4667 0.6667 0.5333
~ 0.6667 0.4667 0.7333 0.5333
E 0.7333 0.4667 0.8000 0.5333
C 0.8000 0.4667 0.8667 0.5333
R 0.8667 0.4667 0.9333 0.5333
U 0.9333 0.4667 1.0000 0.5333
~ 0.0000 0.5333 0.0667 0.6000
~ 0.0667 0.5333 0.1333 0.6000
~ 0.1333 0.5333 0.2000 0.6000
L 0.2000 0.5333 0.2667 0.6000
~ 0.2667 0.5333 0.3333 0.6000
G 0.3333 0.5333 0.4000 0.6000
~ 0.4000 0.5333 0.4667 0.6000
~ 0.4667 0.5333 0.5333 0.6000
~ 0.5333 0.5333 0.6000 0.6000
~ 0.6000 0.5333 0.6667 0.6000
~ 0.6667 0.5333 0.7333 0.6000
~ 0.7333 0.5333 0.8000 0.6000
L 0.8000 0.5333 0.8667 0.6000
~ 0.8667 0.5333 0.9333 0.6000
~ 0.9333 0.5333 1.0000 0.6000
~ 0.0000 0.6000 0.0667 0.6667
~ 0.0667 0.6000 0.1333 0.6667
~ 0.1333 0.6000 0.2000 0.6667
I 0.2000 0.6000 0.2667 0.6667
~ 0.2667 0.6000 0.3333 0.6667
~ 0.3333 0.6000 0.4000 0.6667
~ 0.4000 0.6000 0.4667 0.6667
S 0.4667 0.6000 0.5333 0.6667
T 0.5333 0.6000 0.6000 0.6667
U 0.6000 0.6000 0.6667 0.6667
P 0.6667 0.6000 0.7333 0.6667
~ 0.7333 0.6000 0.8000 0.6667
E 0.8000 0.6000 0.8667 0.6667
F 0.8667 0.6000 0.9333 0.6667
~ 0.9333 0.6000 1.0000 0.6667
Q 0.0000 0.6667 0.0667 0.7333
U 0.0667 0.6667 0.1333 0.7333
I 0.1333 0.6667 0.2000 0.7333
N 0.2000 0.6667 0.2667 0.7333
O 0.2667 0.6667 0.3333 0.7333
~ 0.3333 0.6667 0.4000 0.7333
~ 0.4000 0.6667 0.4667 0.7333
~ 0.4667 0.6667 0.5333 0.7333
~ 0.5333 0.6667 0.6000 0.7333
~ 0.6000 0.6667 0.6667 0.7333
~ 0.6667 0.6667 0.7333 0.7333
~ 0.7333 0.6667 0.8000 0.7333
A 0.8000 0.6667 0.8667 0.7333
A 0.8667 0.6667 0.9333 0.7333
H 0.9333 0.6667 1.0000 0.7333
~ 0.0000 0.7333 0.0667 0.8000
H 0.0667 0.7333 0.1333 0.8000
~ 0.1333 0.7333 0.2000 0.8000
E 0.2000 0.7333 0.2667 0.8000
S 0.2667 0.7333 0.3333 0.8000
~ 0.3333 0.7333 0.4000 0.8000
~ 0.4000 0.7333 0.4667 0.8000
~ 0.4667 0.7333 0.5333 0.8000
~ 0.5333 0.7333 0.6000 0.8000
~ 0.6000 0.7333 0.6667 0.8000
~ 0.6667 0.7333 0.7333 0.8000
~ 0.7333 0.7333 0.8000 0.8000
~ 0.8000 0.7333 0.8667 0.8000
~ 0.8667 0.7333 0.9333 0.8000
U 0.9333 0.7333 1.0000 0.8000
~ 0.0000 0.8000 0.0667 0.8667
A 0.0667 0.8000 0.1333 0.8667
I 0.1333 0.8000 0.2000 0.8667
D 0.2000 0.8000 0.2667 0.8667
E 0.2667 0.8000 0.3333 0.8667
~ 0.3333 0.8000 0.4000 0.8667
B 0.4000 0.8000 0.4667 0.8667
~ 0.4667 0.8000 0.5333 0.8667
~ 0.5333 0.8000 0.6000 0.8667
~ 0.6000 0.8000 0.6667 0.8667
~ 0.6667 0.8000 0.7333 0.8667
~ 0.7333 0.8000 0.8000 0.8667
E 0.8000 0.8000 0.8667 0.8667
~ 0.8667 0.8000 0.9333 0.8667
M 0.9333 0.8000 1.0000 0.8667
~ 0.0000 0.8667 0.0667 0.9333
T 0.0667 0.8667 0.1333 0.9333
~ 0.1333 0.8667 0.2000 0.9333
~ 0.2000 0.8667 0.2667 0.9333
~ 0.2667 0.8667 0.3333 0.9333
~ 0.3333 0.8667 0.4000 0.9333
I 0.4000 0.8667 0.4667 0.9333
~ 0.4667 0.8667 0.5333 0.9333
~ 0.5333 0.8667 0.6000 0.9333
~ 0.6000 0.8667 0.6667 0.9333
~ 0.6667 0.8667 0.7333 0.9333
~ 0.7333 0.8667 0.8000 0.9333
R 0.8000 0.8667 0.8667 0.9333
~ 0.8667 0.8667 0.9333 0.9333
I 0.9333 0.8667 1.0000 0.9333
~ 0.0000 0.9333 0.0667 1.0000
~ 0.0667 0.9333 0.1333 1.0000
~ 0.1333 0.9333 0.2000 1.0000
~ 0.2000 0.9333 0.2667 1.0000
~ 0.2667 0.9333 0.3333 1.0000
~ 0.3333 0.9333 0.4000 1.0000
Z 0.4000 0.9333 0.4667 1.0000
E 0.4667 0.9333 0.5333 1.0000
A 0.5333 0.9333 0.6000 1.0000
L 0.6000 0.9333 0.6667 1.0000
O 0.6667 0.9333 0.7333 1.0000
T 0.7333 0.9333 0.8000 1.0000
S 0.8000 0.9333 0.8667 1.0000
~ 0.8667 0.9333 0.9333 1.0000
D 0.9333 0.9333 1.0000 1.0000
