~ 0.0000 0.0000 0.0667 0.0667
~ 0.0667 0.0000 0.1333 0.0667
~ 0.1333 0.0000 0.2000 0.0667
~ 0.2000 0.0000 0.2667 0.0667
~ 0.2667 0.0000 0.3333 0.0667
~ 0.3333 0.0000 0.4000 0.0667
Q 0.4000 0.0000 0.4667 0.0667
I 0.4667 0.0000 0.5333 0.0667
~ 0.5333 0.0000 0.6000 0.0667
~ 0.6000 0.0000 0.6667 0.0667
G 0.6667 0.0000 0.7333 0.0667
~ 0.7333 0.0000 0.8000 0.0667
B 0.8000 0.0000 0.8667 0.0667
R 0.8667 0.0000 0.9333 0.0667
O 0.9333 0.0000 1.0000 0.0667
~ 0.0000 0.0667 0.0667 0.1333
~ 0.0667 0.0667 0.1333 0.1333
~ 0.1333 0.0667 0.2000 0.1333
~ 0.2000 0.0667 0.2667 0.1333
~ 0.2667 0.0667 0.3333 0.1333
~ 0.3333 0.0667 0.4000 0.1333
~ 0.4000 0.0667 0.4667 0.1333
T 0.4667 0.0667 0.5333 0.1333
E 0.5333 0.0667 0.6000 0.1333
T 0.6000 0.0667 0.6667 0.1333
A 0.6667 0.0667 0.7333 0.1333
N 0.7333 0.0667 0.8000 0.1333
I 0.8000 0.0667 0.8667 0.1333
E 0.8667 0.0667 0.9333 0.1333
S 0.9333 0.0667 1.0000 0.1333
~ 0.0000 0.1333 0.0667 0.2000
~ 0.0667 0.1333 0.1333 0.2000
~ 0.1333 0.1333 0.2000 0.2000
~ 0.2000 0.1333 0.2667 0.2000
~ 0.2667 0.1333 0.3333 0.2000
~ 0.3333 0.1333 0.4000 0.2000
~ 0.4000 0.1333 0.4667 0.2000
~ 0.4667 0.1333 0.5333 0.2000
~ 0.5333 0.1333 0.6000 0.2000
~ 0.6000 0.1333 0.6667 0.2000
D 0.6667 0.1333 0.7333 0.2000
~ 0.7333 0.1333 0.8000 0.2000
~ 0.8000 0.1333 0.8667 0.2000
~ 0.8667 0.1333 0.9333 0.2000
~ 0.9333 0.1333 1.0000 0.2000
~ 0.0000 0.2000 0.0667 0.2667
~ 0.0667 0.2000 0.1333 0.2667
~ 0.1333 0.2000 0.2000 0.2667
~ 0.2000 0.2000 0.2667 0.2667
~ 0.2667 0.2000 0.3333 0.2667
~ 0.3333 0.2000 0.4000 0.2667
~ 0.4000 0.2000 0.4667 0.2667
B 0.4667 0.2000 0.5333 0.2667
I 0.5333 0.2000 0.6000 0.2667
R 0.6000 0.2000 0.6667 0.2667
R 0.6667 0.2000 0.7333 0.2667
E 0.7333 0.2000 0.8000 0.2667
D 0.8000 0.2000 0.8667 0.2667
~ 0.8667 0.2000 0.9333 0.2667
~ 0.9333 0.2000 1.0000 0.2667
~ 0.0000 0.2667 0.0667 0.3333
~ 0.0667 0.2667 0.1333 0.3333
~ 0.1333 0.2667 0.2000 0.3333
~ 0.2000 0.2667 0.2667 0.3333
C 0.2667 0.2667 0.3333 0.3333
~ 0.3333 0.2667 0.4000 0.3333
~ 0.4000 0.2667 0.4667 0.3333
~ 0.4667 0.2667 0.5333 0.3333
~ 0.5333 0.2667 0.6000 0.3333
~ 0.6000 0.2667 0.6667 0.3333
~ 0.6667 0.2667 0.7333 0.3333
~ 0.7333 0.2667 0.8000 0.3333
~ 0.8000 0.2667 0.8667 0.3333
~ 0.8667 0.2667 0.9333 0.3333
~ 0.9333 0.2667 1.0000 0.3333
~ 0.0000 0.3333 0.0667 0.4000
J 0.0667 0.3333 0.1333 0.4000
E 0.1333 0.3333 0.2000 0.4000
E 0.2000 0.3333 0.2667 0.4000
R 0.2667 0.3333 0.3333 0.4000
~ 0.3333 0.3333 0.4000 0.4000
~ 0.4000 0.3333 0.4667 0.4000
~ 0.4667 0.3333 0.5333 0.4000
~ 0.5333 0.3333 0.6000 0.4000
G 0.6000 0.3333 0.6667 0.4000
O 0.6667 0.3333 0.7333 0.4000
~ 0.7333 0.3333 0.8000 0.4000
~ 0.8000 0.3333 0.8667 0.4000
~ 0.8667 0.3333 0.9333 0.4000
~ 0.9333 0.3333 1.0000 0.4000
D 0.0000 0.4000 0.0667 0.4667
E 0.0667 0.4000 0.1333 0.4667
N 0.1333 0.4000 0.2000 0.4667
T 0.2000 0.4000 0.2667 0.4667
U 0.2667 0.4000 0.3333 0.4667
R 0.3333 0.4000 0.4000 0.4667
A 0.4000 0.4000 0.4667 0.4667
L 0.4667 0.4000 0.5333 0.4667
~ 0.5333 0.4000 0.6000 0.4667
O 0.6000 0.4000 0.6667 0.4667
N 0.6667 0.4000 0.7333 0.4667
E 0.7333 0.4000 0.8000 0.4667
~ 0.8000 0.4000 0.8667 0.4667
O 0.8667 0.4000 0.9333 0.4667
~ 0.9333 0.4000 1.0000 0.4667
I 0.0000 0.4667 0.0667 0.5333
T 0.0667 0.4667 0.1333 0.5333
~ 0.1333 0.4667 0.2000 0.5333
A 0.2000 0.4667 0.2667 0.5333
X 0.2667 0.4667 0.3333 0.5333
~ 0.3333 0.4667 0.4000 0.5333
~ 0.4000 0.4667 0.4667 0.5333
U 0.4667 0.4667 0.5333 0.5333
P 0.5333 0.4667 0.6000 0.5333
O 0.6000 0.4667 0.6667 0.5333
~ 0.6667 0.4667 0.7333 0.5333
V 0.7333 0.4667 0.8000 0.5333
I 0.8000 0.4667 0.8667 0.5333
V 0.8667 0.4667 0.9333 0.5333
A 0.9333 0.4667 1.0000 0.5333
C 0.0000 0.5333 0.0667 0.6000
~ 0.0667 0.5333 0.1333 0.6000
M 0.1333 0.5333 0.2000 0.6000
~ 0.2000 0.5333 0.2667 0.6000
~ 0.2667 0.5333 0.3333 0.6000
~ 0.3333 0.5333 0.4000 0.6000
Z 0.4000 0.5333 0.4667 0.6000
A 0.4667 0.5333 0.5333 0.6000
S 0.5333 0.5333 0.6000 0.6000
~ 0.6000 0.5333 0.6667 0.6000
~ 0.6667 0.5333 0.7333 0.6000
I 0.7333 0.5333 0.8000 0.6000
~ 0.8000 0.5333 0.8667 0.6000
U 0.8667 0.5333 0.9333 0.6000
~ 0.9333 0.5333 1.0000 0.6000
K 0.0000 0.6000 0.0667 0.6667
~ 0.0667 0.6000 0.1333 0.6667
O 0.1333 0.6000 0.2000 0.6667
~ 0.2000 0.6000 0.2667 0.6667
~ 0.2667 0.6000 0.3333 0.6667
~ 0.3333 0.6000 0.4000 0.6667
~ 0.4000 0.6000 0.4667 0.6667
U 0.4667 0.6000 0.5333 0.6667
T 0.5333 0.6000 0.6000 0.6667
~ 0.6000 0.6000 0.6667 0.6667
A 0.6667 0.6000 0.7333 0.6667
L 0.7333 0.6000 0.8000 0.6667
~ 0.8000 0.6000 0.8667 0.6667
L 0.8667 0.6000 0.9333 0.6667
~ 0.9333 0.6000 1.0000 0.6667
~ 0.0000 0.6667 0.0667 0.7333
S 0.0667 0.6667 0.1333 0.7333
P 0.1333 0.6667 0.2000 0.7333
R 0.2000 0.6667 0.2667 0.7333
~ 0.2667 0.6667 0.3333 0.7333
T 0.3333 0.6667 0.4000 0.7333
E 0.4000 0.6667 0.4667 0.7333
S 0.4667 0.6667 0.5333 0.7333
~ 0.5333 0.6667 0.6000 0.7333
~ 0.6000 0.6667 0.6667 0.7333
M 0.6667 0.6667 0.7333 0.7333
~ 0.7333 0.6667 0.8000 0.7333
~ 0.8000 0.6667 0.8667 0.7333
E 0.8667 0.6667 0.9333 0.7333
L 0.9333 0.6667 1.0000 0.7333
~ 0.0000 0.7333 0.0667 0.8000
W 0.0667 0.7333 0.1333 0.8000
E 0.1333 0.7333 0.2000 0.8000
~ 0.2000 0.7333 0.2667 0.8000
F 0.2667 0.7333 0.3333 0.8000
A 0.3333 0.7333 0.4000 0.8000
D 0.4000 0.7333 0.4667 0.8000
~ 0.4667 0.7333 0.5333 0.8000
~ 0.5333 0.7333 0.6000 0.8000
~ 0.6000 0.7333 0.6667 0.8000
I 0.6667 0.7333 0.7333 0.8000
~ 0.7333 0.7333 0.8000 0.8000
~ 0.8000 0.7333 0.8667 0.8000
~ 0.8667 0.7333 0.9333 0.8000
I 0.9333 0.7333 1.0000 0.8000
~ 0.0000 0.8000 0.0667 0.8667
A 0.0667 0.8000 0.1333 0.8667
Y 0.1333 0.8000 0.2000 0.8667
~ 0.2000 0.8000 0.2667 0.8667
F 0.2667 0.8000 0.3333 0.8667
O 0.3333 0.8000 0.4000 0.8667
H 0.4000 0.8000 0.4667 0.8667
N 0.4667 0.8000 0.5333 0.8667
~ 0.5333 0.8000 0.6000 0.8667
~ 0.6000 0.8000 0.6667 0.8667
E 0.6667 0.8000 0.7333 0.8667
~ 0.7333 0.8000 0.8000 0.8667
~ 0.8000 0.8000 0.8667 0.8667
~ 0.8667 0.8000 0.9333 0.8667
G 0.9333 0.8000 1.0000 0.8667
O 0.0000 0.8667 0.0667 0.9333
Y 0.0667 0.8667 0.1333 0.9333
~ 0.1333 0.8667 0.2000 0.9333
~ 0.2000 0.8667 0.2667 0.9333
~ 0.2667 0.8667 0.3333 0.9333
~ 0.3333 0.8667 0.4000 0.9333
~ 0.4000 0.8667 0.4667 0.9333
E 0.4667 0.8667 0.5333 0.9333
~ 0.5333 0.8667 0.6000 0.9333
~ 0.6000 0.8667 0.6667 0.9333
~ 0.6667 0.8667 0.7333 0.9333
~ 0.7333 0.8667 0.8000 0.9333
~ 0.8000 0.8667 0.8667 0.9333
~ 0.8667 0.8667 0.9333 0.9333
A 0.9333 0.8667 1.0000 0.9333
N 0.0000 0.9333 0.0667 1.0000
~ 0.0667 0.9333 0.1333 1.0000
~ 0.1333 0.9333 0.2000 1.0000
~ 0.2000 0.9333 0.2667 1.0000
~ 0.2667 0.9333 0.3333 1.0000
~ 0.3333 0.9333 0.4000 1.0000
~ 0.4000 0.9333 0.4667 1.0000
W 0.4667 0.9333 0.5333 1.0000
~ 0.5333 0.9333 0.6000 1.0000
~ 0.6000 0.9333 0.6667 1.0000
~ 0.6667 0.9333 0.7333 1.0000
~ 0.7333 0.9333 0.8000 1.0000
~ 0.8000 0.9333 0.8667 1.0000
~ 0.8667 0.9333 0.9333 1.0000
N 0.9333 0.9333 1.0000 1.0000
