~ 0.0000 0.0000 0.0667 0.0667
~ 0.0667 0.0000 0.1333 0.0667
~ 0.1333 0.0000 0.2000 0.0667
~ 0.2000 0.0000 0.2667 0.0667
~ 0.2667 0.0000 0.3333 0.0667
~ 0.3333 0.0000 0.4000 0.0667
D 0.4000 0.0000 0.4667 0.0667
~ 0.4667 0.0000 0.5333 0.0667
~ 0.5333 0.0000 0.6000 0.0667
~ 0.6000 0.0000 0.6667 0.0667
~ 0.6667 0.0000 0.7333 0.0667
F 0.7333 0.0000 0.8000 0.0667
E 0.8000 0.0000 0.8667 0.0667
R 0.8667 0.0000 0.9333 0.0667
N 0.9333 0.0000 1.0000 0.0667
~ 0.0000 0.0667 0.0667 0.1333
~ 0.0667 0.0667 0.1333 0.1333
~ 0.1333 0.0667 0.2000 0.1333
~ 0.2000 0.0667 0.2667 0.1333
~ 0.2667 0.0667 0.3333 0.1333
~ 0.3333 0.0667 0.4000 0.1333
~ 0.4000 0.0667 0.4667 0.1333
~ 0.4667 0.0667 0.5333 0.1333
~ 0.5333 0.0667 0.6000 0.1333
J 0.6000 0.0667 0.6667 0.1333
~ 0.6667 0.0667 0.7333 0.1333
I 0.7333 0.0667 0.8000 0.1333
~ 0.8000 0.0667 0.8667 0.1333
~ 0.8667 0.0667 0.9333 0.1333
~ 0.9333 0.0667 1.0000 0.1333
~ 0.0000 0.1333 0.0667 0.2000
~ 0.0667 0.1333 0.1333 0.2000
~ 0.1333 0.1333 0.2000 0.2000
D 0.2000 0.1333 0.2667 0.2000
~ 0.2667 0.1333 0.3333 0.2000
~ 0.3333 0.1333 0.4000 0.2000
~ 0.4000 0.1333 0.4667 0.2000
~ 0.4667 0.1333 0.5333 0.2000
C 0.5333 0.1333 0.6000 0.2000
O 0.6000 0.1333 0.6667 0.2000
M 0.6667 0.1333 0.7333 0.2000
B 0.7333 0.1333 0.8000 0.2000
S 0.8000 0.1333 0.8667 0.2000
~ 0.8667 0.1333 0.9333 0.2000
~ 0.9333 0.1333 1.0000 0.2000
~ 0.0000 0.2000 0.0667 0.2667
~ 0.0667 0.2000 0.1333 0.2667
Q 0.1333 0.2000 0.2000 0.2667
I 0.2000 0.2000 0.2667 0.2667
~ 0.2667 0.2000 0.3333 0.2667
~ 0.3333 0.2000 0.4000 0.2667
~ 0.4000 0.2000 0.4667 0.2667
~ 0.4667 0.2000 0.5333 0.2667
~ 0.5333 0.2000 0.6000 0.2667
~ 0.6000 0.2000 0.6667 0.2667
O 0.6667 0.2000 0.7333 0.2667
S 0.7333 0.2000 0.8000 0.2667
~ 0.8000 0.2000 0.8667 0.2667
~ 0.8667 0.2000 0.9333 0.2667
~ 0.9333 0.2000 1.0000 0.2667
~ 0.0000 0.2667 0.0667 0.3333
P 0.0667 0.2667 0.1333 0.3333
U 0.1333 0.2667 0.2000 0.3333
G 0.2000 0.2667 0.2667 0.3333
H 0.2667 0.2667 0.3333 0.3333
~ 0.3333 0.2667 0.4000 0.3333
~ 0.4000 0.2667 0.4667 0.3333
~ 0.4667 0.2667 0.5333 0.3333
~ 0.5333 0.2667 0.6000 0.3333
~ 0.6000 0.2667 0.6667 0.3333
V 0.6667 0.2667 0.7333 0.3333
~ 0.7333 0.2667 0.8000 0.3333
~ 0.8000 0.2667 0.8667 0.3333
~ 0.8667 0.2667 0.9333 0.3333
~ 0.9333 0.2667 1.0000 0.3333
~ 0.0000 0.3333 0.0667 0.4000
~ 0.0667 0.3333 0.1333 0.4000
I 0.1333 0.3333 0.2000 0.4000
~ 0.2000 0.3333 0.2667 0.4000
U 0.2667 0.3333 0.3333 0.4000
H 0.3333 0.3333 0.4000 0.4000
~ 0.4000 0.3333 0.4667 0.4000
~ 0.4667 0.3333 0.5333 0.4000
~ 0.5333 0.3333 0.6000 0.4000
~ 0.6000 0.3333 0.6667 0.4000
I 0.6667 0.3333 0.7333 0.4000
~ 0.7333 0.3333 0.8000 0.4000
~ 0.8000 0.3333 0.8667 0.4000
~ 0.8667 0.3333 0.9333 0.4000
~ 0.9333 0.3333 1.0000 0.4000
~ 0.0000 0.4000 0.0667 0.4667
T 0.0667 0.4000 0.1333 0.4667
E 0.1333 0.4000 0.2000 0.4667
R 0.2000 0.4000 0.2667 0.4667
T 0.2667 0.4000 0.3333 0.4667
I 0.3333 0.4000 0.4000 0.4667
A 0.4000 0.4000 0.4667 0.4667
L 0.4667 0.4000 0.5333 0.4667
~ 0.5333 0.4000 0.6000 0.4667
B 0.6000 0.4000 0.6667 0.4667
E 0.6667 0.4000 0.7333 0.4667
~ 0.7333 0.4000 0.8000 0.4667
~ 0.8000 0.4000 0.8667 0.4667
~ 0.8667 0.4000 0.9333 0.4667
~ 0.9333 0.4000 1.0000 0.4667
G 0.0000 0.4667 0.0667 0.5333
A 0.0667 0.4667 0.1333 0.5333
T 0.1333 0.4667 0.2000 0.5333
E 0.2000 0.4667 0.2667 0.5333
~ 0.2667 0.4667 0.3333 0.5333
~ 0.3333 0.4667 0.4000 0.5333
T 0.4000 0.4667 0.4667 0.5333
O 0.4667 0.4667 0.5333 0.5333
E 0.5333 0.4667 0.6000 0.5333
A 0.6000 0.4667 0.6667 0.5333
S 0.6667 0.4667 0.7333 0.5333
~ 0.7333 0.4667 0.8000 0.5333
C 0.8000 0.4667 0.8667 0.5333
U 0.8667 0.4667 0.9333 0.5333
P 0.9333 0.4667 1.0000 0.5333
R 0.0000 0.5333 0.0667 0.6000
~ 0.0667 0.5333 0.1333 0.6000
~ 0.1333 0.5333 0.2000 0.6000
~ 0.2000 0.5333 0.2667 0.6000
~ 0.2667 0.5333 0.3333 0.6000
~ 0.3333 0.5333 0.4000 0.6000
E 0.4000 0.5333 0.4667 0.6000
X 0.4667 0.5333 0.5333 0.6000
~ 0.5333 0.5333 0.6000 0.6000
R 0.6000 0.5333 0.6667 0.6000
~ 0.6667 0.5333 0.7333 0.6000
V 0.7333 0.5333 0.8000 0.6000
A 0.8000 0.5333 0.8667 0.6000
N 0.8667 0.5333 0.9333 0.6000
E 0.9333 0.5333 1.0000 0.6000
A 0.0000 0.6000 0.0667 0.6667
Y 0.0667 0.6000 0.1333 0.6667
~ 0.1333 0.6000 0.2000 0.6667
N 0.2000 0.6000 0.2667 0.6667
E 0.2667 0.6000 0.3333 0.6667
G 0.3333 0.6000 0.4000 0.6667
~ 0.4000 0.6000 0.4667 0.6667
~ 0.4667 0.6000 0.5333 0.6667
O 0.5333 0.6000 0.6000 0.6667
F 0.6000 0.6000 0.6667 0.6667
T 0.6667 0.6000 0.7333 0.6667
~ 0.7333 0.6000 0.8000 0.6667
U 0.8000 0.6000 0.8667 0.6667
~ 0.8667 0.6000 0.9333 0.6667
D 0.9333 0.6000 1.0000 0.6667
~ 0.0000 0.6667 0.0667 0.7333
O 0.0667 0.6667 0.1333 0.7333
~ 0.1333 0.6667 0.2000 0.7333
~ 0.2000 0.6667 0.2667 0.7333
T 0.2667 0.6667 0.3333 0.7333
O 0.3333 0.6667 0.4000 0.7333
R 0.4000 0.6667 0.4667 0.7333
I 0.4667 0.6667 0.5333 0.7333
I 0.5333 0.6667 0.6000 0.7333
~ 0.6000 0.6667 0.6667 0.7333
A 0.6667 0.6667 0.7333 0.7333
L 0.7333 0.6667 0.8000 0.7333
S 0.8000 0.6667 0.8667 0.7333
~ 0.8667 0.6667 0.9333 0.7333
~ 0.9333 0.6667 1.0000 0.7333
I 0.0000 0.7333 0.0667 0.8000
~ 0.0667 0.7333 0.1333 0.8000
Z 0.1333 0.7333 0.2000 0.8000
O 0.2000 0.7333 0.2667 0.8000
A 0.2667 0.7333 0.3333 0.8000
~ 0.3333 0.7333 0.4000 0.8000
O 0.4000 0.7333 0.4667 0.8000
~ 0.4667 0.7333 0.5333 0.8000
L 0.5333 0.7333 0.6000 0.8000
~ 0.6000 0.7333 0.6667 0.8000
W 0.6667 0.7333 0.7333 0.8000
A 0.7333 0.7333 0.8000 0.8000
I 0.8000 0.7333 0.8667 0.8000
N 0.8667 0.7333 0.9333 0.8000
~ 0.9333 0.7333 1.0000 0.8000
N 0.0000 0.8000 0.0667 0.8667
E 0.0667 0.8000 0.1333 0.8667
E 0.1333 0.8000 0.2000 0.8667
~ 0.2000 0.8000 0.2667 0.8667
~ 0.2667 0.8000 0.3333 0.8667
~ 0.3333 0.8000 0.4000 0.8667
W 0.4000 0.8000 0.4667 0.8667
A 0.4667 0.8000 0.5333 0.8667
Y 0.5333 0.8000 0.6000 0.8667
~ 0.6000 0.8000 0.6667 0.8667
~ 0.6667 0.8000 0.7333 0.8667
~ 0.7333 0.8000 0.8000 0.8667
N 0.8000 0.8000 0.8667 0.8667
~ 0.8667 0.8000 0.9333 0.8667
~ 0.9333 0.8000 1.0000 0.8667
E 0.0000 0.8667 0.0667 0.9333
L 0.0667 0.8667 0.1333 0.9333
D 0.1333 0.8667 0.2000 0.9333
~ 0.2000 0.8667 0.2667 0.9333
~ 0.2667 0.8667 0.3333 0.9333
~ 0.3333 0.8667 0.4000 0.9333
~ 0.4000 0.8667 0.4667 0.9333
R 0.4667 0.8667 0.5333 0.9333
~ 0.5333 0.8667 0.6000 0.9333
~ 0.6000 0.8667 0.6667 0.9333
~ 0.6667 0.8667 0.7333 0.9333
~ 0.7333 0.8667 0.8000 0.9333
~ 0.8000 0.8667 0.8667 0.9333
~ 0.8667 0.8667 0.9333 0.9333
~ 0.9333 0.8667 1.0000 0.9333
E 0.0000 0.9333 0.0667 1.0000
M 0.0667 0.9333 0.1333 1.0000
~ 0.1333 0.9333 0.2000 1.0000
~ 0.2000 0.9333 0.2667 1.0000
~ 0.2667 0.9333 0.3333 1.0000
~ 0.3333 0.9333 0.4000 1.0000
K 0.4000 0.9333 0.4667 1.0000
K 0.4667 0.9333 0.5333 1.0000
~ 0.5333 0.9333 0.6000 1.0000
~ 0.6000 0.9333 0.6667 1.0000
~ 0.6667 0.9333 0.7333 1.0000
~ 0.7333 0.9333 0.8000 1.0000
~ 0.8000 0.9333 0.8667 1.0000
~ 0.8667 0.9333 0.9333 1.0000
~ 0.9333 0.9333 1.0000 1.0000
