D 0.0000 0.0000 0.0667 0.0667
~ 0.0667 0.0000 0.1333 0.0667
~ 0.1333 0.0000 0.2000 0.0667
~ 0.2000 0.0000 0.2667 0.0667
~ 0.2667 0.0000 0.3333 0.0667
~ 0.3333 0.0000 0.4000 0.0667
~ 0.4000 0.0000 0.4667 0.0667
H 0.4667 0.0000 0.5333 0.0667
~ 0.5333 0.0000 0.6000 0.0667
~ 0.6000 0.0000 0.6667 0.0667
~ 0.6667 0.0000 0.7333 0.0667
B 0.7333 0.0000 0.8000 0.0667
L 0.8000 0.0000 0.8667 0.0667
I 0.8667 0.0000 0.9333 0.0667
N 0.9333 0.0000 1.0000 0.0667
A 0.0000 0.0667 0.0667 0.1333
~ 0.0667 0.0667 0.1333 0.1333
~ 0.1333 0.0667 0.2000 0.1333
~ 0.2000 0.0667 0.2667 0.1333
~ 0.2667 0.0667 0.3333 0.1333
J 0.3333 0.0667 0.4000 0.1333
~ 0.4000 0.0667 0.4667 0.1333
I 0.4667 0.0667 0.5333 0.1333
~ 0.5333 0.0667 0.6000 0.1333
R 0.6000 0.0667 0.6667 0.1333
~ 0.6667 0.0667 0.7333 0.1333
~ 0.7333 0.0667 0.8000 0.1333
I 0.8000 0.0667 0.8667 0.1333
~ 0.8667 0.0667 0.9333 0.1333
~ 0.9333 0.0667 1.0000 0.1333
K 0.0000 0.1333 0.0667 0.2000
A 0.0667 0.1333 0.1333 0.2000
T 0.1333 0.1333 0.2000 0.2000
~ 0.2000 0.1333 0.2667 0.2000
~ 0.2667 0.1333 0.3333 0.2000
O 0.3333 0.1333 0.4000 0.2000
D 0.4000 0.1333 0.4667 0.2000
E 0.4667 0.1333 0.5333 0.2000
~ 0.5333 0.1333 0.6000 0.2000
A 0.6000 0.1333 0.6667 0.2000
~ 0.6667 0.1333 0.7333 0.2000
~ 0.7333 0.1333 0.8000 0.2000
O 0.8000 0.1333 0.8667 0.2000
~ 0.8667 0.1333 0.9333 0.2000
~ 0.9333 0.1333 1.0000 0.2000
~ 0.0000 0.2000 0.0667 0.2667
D 0.0667 0.2000 0.1333 0.2667
U 0.1333 0.2000 0.2000 0.2667
P 0.2000 0.2000 0.2667 0.2667
~ 0.2667 0.2000 0.3333 0.2667
Y 0.3333 0.2000 0.4000 0.2667
E 0.4000 0.2000 0.4667 0.2667
~ 0.4667 0.2000 0.5333 0.2667
~ 0.5333 0.2000 0.6000 0.2667
V 0.6000 0.2000 0.6667 0.2667
~ 0.6667 0.2000 0.7333 0.2667
~ 0.7333 0.2000 0.8000 0.2667
N 0.8000 0.2000 0.8667 0.2667
~ 0.8667 0.2000 0.9333 0.2667
~ 0.9333 0.2000 1.0000 0.2667
~ 0.0000 0.2667 0.0667 0.3333
O 0.0667 0.2667 0.1333 0.3333
B 0.1333 0.2667 0.2000 0.3333
I 0.2000 0.2667 0.2667 0.3333
~ 0.2667 0.2667 0.3333 0.3333
~ 0.3333 0.2667 0.4000 0.3333
F 0.4000 0.2667 0.4667 0.3333
~ 0.4667 0.2667 0.5333 0.3333
~ 0.5333 0.2667 0.6000 0.3333
I 0.6000 0.2667 0.6667 0.3333
~ 0.6667 0.2667 0.7333 0.3333
~ 0.7333 0.2667 0.8000 0.3333
I 0.8000 0.2667 0.8667 0.3333
~ 0.8667 0.2667 0.9333 0.3333
~ 0.9333 0.2667 1.0000 0.3333
~ 0.0000 0.3333 0.0667 0.4000
Z 0.0667 0.3333 0.1333 0.4000
~ 0.1333 0.3333 0.2000 0.4000
I 0.2000 0.3333 0.2667 0.4000
~ 0.2667 0.3333 0.3333 0.4000
Q 0.3333 0.3333 0.4000 0.4000
I 0.4000 0.3333 0.4667 0.4000
~ 0.4667 0.3333 0.5333 0.4000
~ 0.5333 0.3333 0.6000 0.4000
N 0.6000 0.3333 0.6667 0.4000
~ 0.6667 0.3333 0.7333 0.4000
~ 0.7333 0.3333 0.8000 0.4000
S 0.8000 0.3333 0.8667 0.4000
~ 0.8667 0.3333 0.9333 0.4000
~ 0.9333 0.3333 1.0000 0.4000
R 0.0000 0.4000 0.0667 0.4667
E 0.0667 0.4000 0.1333 0.4667
~ 0.1333 0.4000 0.2000 0.4667
N 0.2000 0.4000 0.2667 0.4667
~ 0.2667 0.4000 0.3333 0.4667
U 0.3333 0.4000 0.4000 0.4667
~ 0.4000 0.4000 0.4667 0.4667
O 0.4667 0.4000 0.5333 0.4667
P 0.5333 0.4000 0.6000 0.4667
E 0.6000 0.4000 0.6667 0.4667
~ 0.6667 0.4000 0.7333 0.4667
~ 0.7333 0.4000 0.8000 0.4667
E 0.8000 0.4000 0.8667 0.4667
N 0.8667 0.4000 0.9333 0.4667
~ 0.9333 0.4000 1.0000 0.4667
E 0.0000 0.4667 0.0667 0.5333
~ 0.0667 0.4667 0.1333 0.5333
~ 0.1333 0.4667 0.2000 0.5333
G 0.2000 0.4667 0.2667 0.5333
R 0.2667 0.4667 0.3333 0.5333
I 0.3333 0.4667 0.4000 0.5333
M 0.4000 0.4667 0.4667 0.5333
E 0.4667 0.4667 0.5333 0.5333
~ 0.5333 0.4667 0.6000 0.5333
S 0.6000 0.4667 0.6667 0.5333
~ 0.6667 0.4667 0.7333 0.5333
O 0.7333 0.4667 0.8000 0.5333
S 0.8000 0.4667 0.8667 0.5333
E 0.8667 0.4667 0.9333 0.5333
~ 0.9333 0.4667 1.0000 0.5333
X 0.0000 0.5333 0.0667 0.6000
~ 0.0667 0.5333 0.1333 0.6000
~ 0.1333 0.5333 0.2000 0.6000
~ 0.2000 0.5333 0.2667 0.6000
~ 0.2667 0.5333 0.3333 0.6000
L 0.3333 0.5333 0.4000 0.6000
~ 0.4000 0.5333 0.4667 0.6000
~ 0.4667 0.5333 0.5333 0.6000
~ 0.5333 0.5333 0.6000 0.6000
~ 0.6000 0.5333 0.6667 0.6000
~ 0.6667 0.5333 0.7333 0.6000
V 0.7333 0.5333 0.8000 0.6000
~ 0.8000 0.5333 0.8667 0.6000
A 0.8667 0.5333 0.9333 0.6000
~ 0.9333 0.5333 1.0000 0.6000
~ 0.0000 0.6000 0.0667 0.6667
~ 0.0667 0.6000 0.1333 0.6667
~ 0.1333 0.6000 0.2000 0.6667
~ 0.2000 0.6000 0.2667 0.6667
~ 0.2667 0.6000 0.3333 0.6667
T 0.3333 0.6000 0.4000 0.6667
~ 0.4000 0.6000 0.4667 0.6667
L 0.4667 0.6000 0.5333 0.6667
~ 0.5333 0.6000 0.6000 0.6667
~ 0.6000 0.6000 0.6667 0.6667
~ 0.6667 0.6000 0.7333 0.6667
E 0.7333 0.6000 0.8000 0.6667
~ 0.8000 0.6000 0.8667 0.6667
R 0.8667 0.6000 0.9333 0.6667
~ 0.9333 0.6000 1.0000 0.6667
~ 0.0000 0.6667 0.0667 0.7333
~ 0.0667 0.6667 0.1333 0.7333
~ 0.1333 0.6667 0.2000 0.7333
~ 0.2000 0.6667 0.2667 0.7333
A 0.2667 0.6667 0.3333 0.7333
S 0.3333 0.6667 0.4000 0.7333
H 0.4000 0.6667 0.4667 0.7333
Y 0.4667 0.6667 0.5333 0.7333
~ 0.5333 0.6667 0.6000 0.7333
~ 0.6000 0.6667 0.6667 0.7333
~ 0.6667 0.6667 0.7333 0.7333
~ 0.7333 0.6667 0.8000 0.7333
~ 0.8000 0.6667 0.8667 0.7333
~ 0.8667 0.6667 0.9333 0.7333
~ 0.9333 0.6667 1.0000 0.7333
~ 0.0000 0.7333 0.0667 0.8000
~ 0.0667 0.7333 0.1333 0.8000
F 0.1333 0.7333 0.2000 0.8000
U 0.2000 0.7333 0.2667 0.8000
N 0.2667 0.7333 0.3333 0.8000
~ 0.3333 0.7333 0.4000 0.8000
~ 0.4000 0.7333 0.4667 0.8000
T 0.4667 0.7333 0.5333 0.8000
~ 0.5333 0.7333 0.6000 0.8000
~ 0.6000 0.7333 0.6667 0.8000
~ 0.6667 0.7333 0.7333 0.8000
M 0.7333 0.7333 0.8000 0.8000
~ 0.8000 0.7333 0.8667 0.8000
~ 0.8667 0.7333 0.9333 0.8000
~ 0.9333 0.7333 1.0000 0.8000
A 0.0000 0.8000 0.0667 0.8667
G 0.0667 0.8000 0.1333 0.8667
A 0.1333 0.8000 0.2000 0.8667
~ 0.2000 0.8000 0.2667 0.8667
~ 0.2667 0.8000 0.3333 0.8667
O 0.3333 0.8000 0.4000 0.8667
U 0.4000 0.8000 0.4667 0.8667
T 0.4667 0.8000 0.5333 0.8667
R 0.5333 0.8000 0.6000 0.8667
A 0.6000 0.8000 0.6667 0.8667
C 0.6667 0.8000 0.7333 0.8667
E 0.7333 0.8000 0.8000 0.8667
~ 0.8000 0.8000 0.8667 0.8667
~ 0.8667 0.8000 0.9333 0.8667
~ 0.9333 0.8000 1.0000 0.8667
~ 0.0000 0.8667 0.0667 0.9333
~ 0.0667 0.8667 0.1333 0.9333
~ 0.1333 0.8667 0.2000 0.9333
W 0.2000 0.8667 0.2667 0.9333
O 0.2667 0.8667 0.3333 0.9333
W 0.3333 0.8667 0.4000 0.9333
~ 0.4000 0.8667 0.4667 0.9333
A 0.4667 0.8667 0.5333 0.9333
~ 0.5333 0.8667 0.6000 0.9333
~ 0.6000 0.8667 0.6667 0.9333
~ 0.6667 0.8667 0.7333 0.9333
L 0.7333 0.8667 0.8000 0.9333
~ 0.8000 0.8667 0.8667 0.9333
~ 0.8667 0.8667 0.9333 0.9333
~ 0.9333 0.8667 1.0000 0.9333
D 0.0000 0.9333 0.0667 1.0000
O 0.0667 0.9333 0.1333 1.0000
T 0.1333 0.9333 0.2000 1.0000
E 0.2000 0.9333 0.2667 1.0000
~ 0.2667 0.9333 0.3333 1.0000
~ 0.3333 0.9333 0.4000 1.0000
~ 0.4000 0.9333 0.4667 1.0000
E 0.4667 0.9333 0.5333 1.0000
~ 0.5333 0.9333 0.6000 1.0000
~ 0.6000 0.9333 0.6667 1.0000
~ 0.6667 0.9333 0.7333 1.0000
T 0.7333 0.9333 0.8000 1.0000
~ 0.8000 0.9333 0.8667 1.0000
~ 0.8667 0.9333 0.9333 1.0000
~ 0.9333 0.9333 1.0000 1.0000
