C 0.0000 0.0000 0.0667 0.0667
A 0.0667 0.0000 0.1333 0.0667
D 0.1333 0.0000 0.2000 0.0667
~ 0.2000 0.0000 0.2667 0.0667
~ 0.2667 0.0000 0.3333 0.0667
~ 0.3333 0.0000 0.4000 0.0667
~ 0.4000 0.0000 0.4667 0.0667
~ 0.4667 0.0000 0.5333 0.0667
~ 0.5333 0.0000 0.6000 0.0667
~ 0.6000 0.0000 0.6667 0.0667
~ 0.6667 0.0000 0.7333 0.0667
~ 0.7333 0.0000 0.8000 0.0667
~ 0.8000 0.0000 0.8667 0.0667
S 0.8667 0.0000 0.9333 0.0667
I 0.9333 0.0000 1.0000 0.0667
~ 0.0000 0.0667 0.0667 0.1333
~ 0.0667 0.0667 0.1333 0.1333
U 0.1333 0.0667 0.2000 0.1333
P 0.2000 0.0667 0.2667 0.1333
~ 0.2667 0.0667 0.3333 0.1333
~ 0.3333 0.0667 0.4000 0.1333
~ 0.4000 0.0667 0.4667 0.1333
~ 0.4667 0.0667 0.5333 0.1333
~ 0.5333 0.0667 0.6000 0.1333
~ 0.6000 0.0667 0.6667 0.1333
~ 0.6667 0.0667 0.7333 0.1333
~ 0.7333 0.0667 0.8000 0.1333
J 0.8000 0.0667 0.8667 0.1333
O 0.8667 0.0667 0.9333 0.1333
T 0.9333 0.0667 1.0000 0.1333
~ 0.0000 0.1333 0.0667 0.2000
~ 0.0667 0.1333 0.1333 0.2000
G 0.1333 0.1333 0.2000 0.2000
I 0.2000 0.1333 0.2667 0.2000
T 0.2667 0.1333 0.3333 0.2000
~ 0.3333 0.1333 0.4000 0.2000
~ 0.4000 0.1333 0.4667 0.2000
~ 0.4667 0.1333 0.5333 0.2000
V 0.5333 0.1333 0.6000 0.2000
~ 0.6000 0.1333 0.6667 0.2000
~ 0.6667 0.1333 0.7333 0.2000
~ 0.7333 0.1333 0.8000 0.2000
E 0.8000 0.1333 0.8667 0.2000
X 0.8667 0.1333 0.9333 0.2000
~ 0.9333 0.1333 1.0000 0.2000
R 0.0000 0.2000 0.0667 0.2667
~ 0.0667 0.2000 0.1333 0.2667
~ 0.1333 0.2000 0.2000 0.2667
Q 0.2000 0.2000 0.2667 0.2667
I 0.2667 0.2000 0.3333 0.2667
~ 0.3333 0.2000 0.4000 0.2667
~ 0.4000 0.2000 0.4667 0.2667
~ 0.4667 0.2000 0.5333 0.2667
A 0.5333 0.2000 0.6000 0.2667
B 0.6000 0.2000 0.6667 0.2667
~ 0.6667 0.2000 0.7333 0.2667
N 0.7333 0.2000 0.8000 0.2667
E 0.8000 0.2000 0.8667 0.2667
~ 0.8667 0.2000 0.9333 0.2667
~ 0.9333 0.2000 1.0000 0.2667
A 0.0000 0.2667 0.0667 0.3333
A 0.0667 0.2667 0.1333 0.3333
~ 0.1333 0.2667 0.2000 0.3333
U 0.2000 0.2667 0.2667 0.3333
P 0.2667 0.2667 0.3333 0.3333
~ 0.3333 0.2667 0.4000 0.3333
~ 0.4000 0.2667 0.4667 0.3333
~ 0.4667 0.2667 0.5333 0.3333
T 0.5333 0.2667 0.6000 0.3333
O 0.6000 0.2667 0.6667 0.3333
Y 0.6667 0.2667 0.7333 0.3333
O 0.7333 0.2667 0.8000 0.3333
S 0.8000 0.2667 0.8667 0.3333
~ 0.8667 0.2667 0.9333 0.3333
~ 0.9333 0.2667 1.0000 0.3333
W 0.0000 0.3333 0.0667 0.4000
E 0.0667 0.3333 0.1333 0.4000
~ 0.1333 0.3333 0.2000 0.4000
E 0.2000 0.3333 0.2667 0.4000
~ 0.2667 0.3333 0.3333 0.4000
F 0.3333 0.3333 0.4000 0.4000
A 0.4000 0.3333 0.4667 0.4000
~ 0.4667 0.3333 0.5333 0.4000
~ 0.5333 0.3333 0.6000 0.4000
Y 0.6000 0.3333 0.6667 0.4000
O 0.6667 0.3333 0.7333 0.4000
B 0.7333 0.3333 0.8000 0.4000
~ 0.8000 0.3333 0.8667 0.4000
~ 0.8667 0.3333 0.9333 0.4000
~ 0.9333 0.3333 1.0000 0.4000
I 0.0000 0.4000 0.0667 0.4667
~ 0.0667 0.4000 0.1333 0.4667
~ 0.1333 0.4000 0.2000 0.4667
D 0.2000 0.4000 0.2667 0.4667
O 0.2667 0.4000 0.3333 0.4667
E 0.3333 0.4000 0.4000 0.4667
~ 0.4000 0.4000 0.4667 0.4667
~ 0.4667 0.4000 0.5333 0.4667
~ 0.5333 0.4000 0.6000 0.4667
~ 0.6000 0.4000 0.6667 0.4667
W 0.6667 0.4000 0.7333 0.4667
~ 0.7333 0.4000 0.8000 0.4667
~ 0.8000 0.4000 0.8667 0.4667
~ 0.8667 0.4000 0.9333 0.4667
~ 0.9333 0.4000 1.0000 0.4667
N 0.0000 0.4667 0.0667 0.5333
~ 0.0667 0.4667 0.1333 0.5333
~ 0.1333 0.4667 0.2000 0.5333
~ 0.2000 0.4667 0.2667 0.5333
~ 0.2667 0.4667 0.3333 0.5333
S 0.3333 0.4667 0.4000 0.5333
L 0.4000 0.4667 0.4667 0.5333
A 0.4667 0.4667 0.5333 0.5333
T 0.5333 0.4667 0.6000 0.5333
I 0.6000 0.4667 0.6667 0.5333
E 0.6667 0.4667 0.7333 0.5333
R 0.7333 0.4667 0.8000 0.5333
~ 0.8000 0.4667 0.8667 0.5333
~ 0.8667 0.4667 0.9333 0.5333
~ 0.9333 0.4667 1.0000 0.5333
E 0.0000 0.5333 0.0667 0.6000
~ 0.0667 0.5333 0.1333 0.6000
~ 0.1333 0.5333 0.2000 0.6000
M 0.2000 0.5333 0.2667 0.6000
~ 0.2667 0.5333 0.3333 0.6000
~ 0.3333 0.5333 0.4000 0.6000
~ 0.4000 0.5333 0.4667 0.6000
R 0.4667 0.5333 0.5333 0.6000
~ 0.5333 0.5333 0.6000 0.6000
~ 0.6000 0.5333 0.6667 0.6000
~ 0.6667 0.5333 0.7333 0.6000
~ 0.7333 0.5333 0.8000 0.6000
~ 0.8000 0.5333 0.8667 0.6000
~ 0.8667 0.5333 0.9333 0.6000
~ 0.9333 0.5333 1.0000 0.6000
S 0.0000 0.6000 0.0667 0.6667
H 0.0667 0.6000 0.1333 0.6667
~ 0.1333 0.6000 0.2000 0.6667
U 0.2000 0.6000 0.2667 0.6667
N 0.2667 0.6000 0.3333 0.6667
F 0.3333 0.6000 0.4000 0.6667
R 0.4000 0.6000 0.4667 0.6667
O 0.4667 0.6000 0.5333 0.6667
C 0.5333 0.6000 0.6000 0.6667
K 0.6000 0.6000 0.6667 0.6667
~ 0.6667 0.6000 0.7333 0.6667
~ 0.7333 0.6000 0.8000 0.6667
~ 0.8000 0.6000 0.8667 0.6667
~ 0.8667 0.6000 0.9333 0.6667
~ 0.9333 0.6000 1.0000 0.6667
~ 0.0000 0.6667 0.0667 0.7333
E 0.0667 0.6667 0.1333 0.7333
~ 0.1333 0.6667 0.2000 0.7333
T 0.2000 0.6667 0.2667 0.7333
~ 0.2667 0.6667 0.3333 0.7333
~ 0.3333 0.6667 0.4000 0.7333
~ 0.4000 0.6667 0.4667 0.7333
I 0.4667 0.6667 0.5333 0.7333
~ 0.5333 0.6667 0.6000 0.7333
I 0.6000 0.6667 0.6667 0.7333
D 0.6667 0.6667 0.7333 0.7333
~ 0.7333 0.6667 0.8000 0.7333
~ 0.8000 0.6667 0.8667 0.7333
~ 0.8667 0.6667 0.9333 0.7333
~ 0.9333 0.6667 1.0000 0.7333
~ 0.0000 0.7333 0.0667 0.8000
U 0.0667 0.7333 0.1333 0.8000
~ 0.1333 0.7333 0.2000 0.8000
I 0.2000 0.7333 0.2667 0.8000
~ 0.2667 0.7333 0.3333 0.8000
V 0.3333 0.7333 0.4000 0.8000
E 0.4000 0.7333 0.4667 0.8000
N 0.4667 0.7333 0.5333 0.8000
T 0.5333 0.7333 0.6000 0.8000
R 0.6000 0.7333 0.6667 0.8000
A 0.6667 0.7333 0.7333 0.8000
L 0.7333 0.7333 0.8000 0.8000
~ 0.8000 0.7333 0.8667 0.8000
~ 0.8667 0.7333 0.9333 0.8000
~ 0.9333 0.7333 1.0000 0.8000
~ 0.0000 0.8000 0.0667 0.8667
G 0.0667 0.8000 0.1333 0.8667
~ 0.1333 0.8000 0.2000 0.8667
N 0.2000 0.8000 0.2667 0.8667
~ 0.2667 0.8000 0.3333 0.8667
~ 0.3333 0.8000 0.4000 0.8667
~ 0.4000 0.8000 0.4667 0.8667
~ 0.4667 0.8000 0.5333 0.8667
~ 0.5333 0.8000 0.6000 0.8667
~ 0.6000 0.8000 0.6667 0.8667
M 0.6667 0.8000 0.7333 0.8667
O 0.7333 0.8000 0.8000 0.8667
O 0.8000 0.8000 0.8667 0.8667
N 0.8667 0.8000 0.9333 0.8667
~ 0.9333 0.8000 1.0000 0.8667
~ 0.0000 0.8667 0.0667 0.9333
H 0.0667 0.8667 0.1333 0.9333
A 0.1333 0.8667 0.2000 0.9333
G 0.2000 0.8667 0.2667 0.9333
~ 0.2667 0.8667 0.3333 0.9333
Z 0.3333 0.8667 0.4000 0.9333
E 0.4000 0.8667 0.4667 0.9333
E 0.4667 0.8667 0.5333 0.9333
~ 0.5333 0.8667 0.6000 0.9333
~ 0.6000 0.8667 0.6667 0.9333
~ 0.6667 0.8667 0.7333 0.9333
~ 0.7333 0.8667 0.8000 0.9333
~ 0.8000 0.8667 0.8667 0.9333
~ 0.8667 0.8667 0.9333 0.9333
~ 0.9333 0.8667 1.0000 0.9333
~ 0.0000 0.9333 0.0667 1.0000
~ 0.0667 0.9333 0.1333 1.0000
E 0.1333 0.9333 0.2000 1.0000
~ 0.2000 0.9333 0.2667 1.0000
L 0.2667 0.9333 0.3333 1.0000
A 0.3333 0.9333 0.4000 1.0000
R 0.4000 0.9333 0.4667 1.0000
D 0.4667 0.9333 0.5333 1.0000
~ 0.5333 0.9333 0.6000 1.0000
~ 0.6000 0.9333 0.6667 1.0000
~ 0.6667 0.9333 0.7333 1.0000
~ 0.7333 0.9333 0.8000 1.0000
~ 0.8000 0.9333 0.8667 1.0000
~ 0.8667 0.9333 0.9333 1.0000
~ 0.9333 0.9333 1.0000 1.0000
