~ 0.0000 0.0000 0.0667 0.0667
G 0.0667 0.0000 0.1333 0.0667
~ 0.1333 0.0000 0.2000 0.0667
~ 0.2000 0.0000 0.2667 0.0667
~ 0.2667 0.0000 0.3333 0.0667
~ 0.3333 0.0000 0.4000 0.0667
~ 0.4000 0.0000 0.4667 0.0667
~ 0.4667 0.0000 0.5333 0.0667
~ 0.5333 0.0000 0.6000 0.0667
~ 0.6000 0.0000 0.6667 0.0667
~ 0.6667 0.0000 0.7333 0.0667
~ 0.7333 0.0000 0.8000 0.0667
~ 0.8000 0.0000 0.8667 0.0667
M 0.8667 0.0000 0.9333 0.0667
~ 0.9333 0.0000 1.0000 0.0667
~ 0.0000 0.0667 0.0667 0.1333
A 0.0667 0.0667 0.1333 0.1333
~ 0.1333 0.0667 0.2000 0.1333
~ 0.2000 0.0667 0.2667 0.1333
~ 0.2667 0.0667 0.3333 0.1333
~ 0.3333 0.0667 0.4000 0.1333
~ 0.4000 0.0667 0.4667 0.1333
~ 0.4667 0.0667 0.5333 0.1333
~ 0.5333 0.0667 0.6000 0.1333
~ 0.6000 0.0667 0.6667 0.1333
~ 0.6667 0.0667 0.7333 0.1333
~ 0.7333 0.0667 0.8000 0.1333
Q 0.8000 0.0667 0.8667 0.1333
I 0.8667 0.0667 0.9333 0.1333
~ 0.9333 0.0667 1.0000 0.1333
~ 0.0000 0.1333 0.0667 0.2000
Y 0.0667 0.1333 0.1333 0.2000
O 0.1333 0.1333 0.2000 0.2000
W 0.2000 0.1333 0.2667 0.2000
~ 0.2667 0.1333 0.3333 0.2000
~ 0.3333 0.1333 0.4000 0.2000
~ 0.4000 0.1333 0.4667 0.2000
~ 0.4667 0.1333 0.5333 0.2000
~ 0.5333 0.1333 0.6000 0.2000
~ 0.6000 0.1333 0.6667 0.2000
~ 0.6667 0.1333 0.7333 0.2000
~ 0.7333 0.1333 0.8000 0.2000
A 0.8000 0.1333 0.8667 0.2000
L 0.8667 0.1333 0.9333 0.2000
L 0.9333 0.1333 1.0000 0.2000
~ 0.0000 0.2000 0.0667 0.2667
~ 0.0667 0.2000 0.1333 0.2667
F 0.1333 0.2000 0.2000 0.2667
E 0.2000 0.2000 0.2667 0.2667
R 0.2667 0.2000 0.3333 0.2667
N 0.3333 0.2000 0.4000 0.2667
~ 0.4000 0.2000 0.4667 0.2667
~ 0.4667 0.2000 0.5333 0.2667
X 0.5333 0.2000 0.6000 0.2667
~ 0.6000 0.2000 0.6667 0.2667
T 0.6667 0.2000 0.7333 0.2667
O 0.7333 0.2000 0.8000 0.2667
T 0.8000 0.2000 0.8667 0.2667
~ 0.8667 0.2000 0.9333 0.2667
O 0.9333 0.2000 1.0000 0.2667
~ 0.0000 0.2667 0.0667 0.3333
J 0.0667 0.2667 0.1333 0.3333
~ 0.1333 0.2667 0.2000 0.3333
~ 0.2000 0.2667 0.2667 0.3333
A 0.2667 0.2667 0.3333 0.3333
A 0.3333 0.2667 0.4000 0.3333
~ 0.4000 0.2667 0.4667 0.3333
H 0.4667 0.2667 0.5333 0.3333
U 0.5333 0.2667 0.6000 0.3333
M 0.6000 0.2667 0.6667 0.3333
I 0.6667 0.2667 0.7333 0.3333
D 0.7333 0.2667 0.8000 0.3333
~ 0.8000 0.2667 0.8667 0.3333
~ 0.8667 0.2667 0.9333 0.3333
N 0.9333 0.2667 1.0000 0.3333
~ 0.0000 0.3333 0.0667 0.4000
U 0.0667 0.3333 0.1333 0.4000
~ 0.1333 0.3333 0.2000 0.4000
~ 0.2000 0.3333 0.2667 0.4000
H 0.2667 0.3333 0.3333 0.4000
Y 0.3333 0.3333 0.4000 0.4000
P 0.4000 0.3333 0.4667 0.4000
O 0.4667 0.3333 0.5333 0.4000
~ 0.5333 0.3333 0.6000 0.4000
~ 0.6000 0.3333 0.6667 0.4000
~ 0.6667 0.3333 0.7333 0.4000
~ 0.7333 0.3333 0.8000 0.4000
D 0.8000 0.3333 0.8667 0.4000
~ 0.8667 0.3333 0.9333 0.4000
G 0.9333 0.3333 1.0000 0.4000
~ 0.0000 0.4000 0.0667 0.4667
B 0.0667 0.4000 0.1333 0.4667
~ 0.1333 0.4000 0.2000 0.4667
~ 0.2000 0.4000 0.2667 0.4667
~ 0.2667 0.4000 0.3333 0.4667
~ 0.3333 0.4000 0.4000 0.4667
S 0.4000 0.4000 0.4667 0.4667
W 0.4667 0.4000 0.5333 0.4667
A 0.5333 0.4000 0.6000 0.4667
N 0.6000 0.4000 0.6667 0.4667
~ 0.6667 0.4000 0.7333 0.4667
~ 0.7333 0.4000 0.8000 0.4667
I 0.8000 0.4000 0.8667 0.4667
~ 0.8667 0.4000 0.9333 0.4667
E 0.9333 0.4000 1.0000 0.4667
F 0.0000 0.4667 0.0667 0.5333
E 0.0667 0.4667 0.1333 0.5333
A 0.1333 0.4667 0.2000 0.5333
T 0.2000 0.4667 0.2667 0.5333
~ 0.2667 0.4667 0.3333 0.5333
V 0.3333 0.4667 0.4000 0.5333
I 0.4000 0.4667 0.4667 0.5333
E 0.4667 0.4667 0.5333 0.5333
~ 0.5333 0.4667 0.6000 0.5333
U 0.6000 0.4667 0.6667 0.5333
~ 0.6667 0.4667 0.7333 0.5333
~ 0.7333 0.4667 0.8000 0.5333
P 0.8000 0.4667 0.8667 0.5333
A 0.8667 0.4667 0.9333 0.5333
R 0.9333 0.4667 1.0000 0.5333
~ 0.0000 0.5333 0.0667 0.6000
~ 0.0667 0.5333 0.1333 0.6000
V 0.1333 0.5333 0.2000 0.6000
~ 0.2000 0.5333 0.2667 0.6000
~ 0.2667 0.5333 0.3333 0.6000
I 0.3333 0.5333 0.4000 0.6000
~ 0.4000 0.5333 0.4667 0.6000
~ 0.4667 0.5333 0.5333 0.6000
~ 0.5333 0.5333 0.6000 0.6000
T 0.6000 0.5333 0.6667 0.6000
A 0.6667 0.5333 0.7333 0.6000
~ 0.7333 0.5333 0.8000 0.6000
~ 0.8000 0.5333 0.8667 0.6000
~ 0.8667 0.5333 0.9333 0.6000
~ 0.9333 0.5333 1.0000 0.6000
~ 0.0000 0.6000 0.0667 0.6667
Z 0.0667 0.6000 0.1333 0.6667
O 0.1333 0.6000 0.2000 0.6667
A 0.2000 0.6000 0.2667 0.6667
~ 0.2667 0.6000 0.3333 0.6667
B 0.3333 0.6000 0.4000 0.6667
O 0.4000 0.6000 0.4667 0.6667
C 0.4667 0.6000 0.5333 0.6667
K 0.5333 0.6000 0.6000 0.6667
~ 0.6000 0.6000 0.6667 0.6667
U 0.6667 0.6000 0.7333 0.6667
~ 0.7333 0.6000 0.8000 0.6667
~ 0.8000 0.6000 0.8667 0.6667
E 0.8667 0.6000 0.9333 0.6667
~ 0.9333 0.6000 1.0000 0.6667
~ 0.0000 0.6667 0.0667 0.7333
~ 0.0667 0.6667 0.1333 0.7333
I 0.1333 0.6667 0.2000 0.7333
~ 0.2000 0.6667 0.2667 0.7333
~ 0.2667 0.6667 0.3333 0.7333
E 0.3333 0.6667 0.4000 0.7333
~ 0.4000 0.6667 0.4667 0.7333
L 0.4667 0.6667 0.5333 0.7333
~ 0.5333 0.6667 0.6000 0.7333
~ 0.6000 0.6667 0.6667 0.7333
R 0.6667 0.6667 0.7333 0.7333
~ 0.7333 0.6667 0.8000 0.7333
~ 0.8000 0.6667 0.8667 0.7333
~ 0.8667 0.6667 0.9333 0.7333
~ 0.9333 0.6667 1.0000 0.7333
~ 0.0000 0.7333 0.0667 0.8000
~ 0.0667 0.7333 0.1333 0.8000
D 0.1333 0.7333 0.2000 0.8000
E 0.2000 0.7333 0.2667 0.8000
N 0.2667 0.7333 0.3333 0.8000
S 0.3333 0.7333 0.4000 0.8000
~ 0.4000 0.7333 0.4667 0.8000
O 0.4667 0.7333 0.5333 0.8000
~ 0.5333 0.7333 0.6000 0.8000
~ 0.6000 0.7333 0.6667 0.8000
I 0.6667 0.7333 0.7333 0.8000
N 0.7333 0.7333 0.8000 0.8000
~ 0.8000 0.7333 0.8667 0.8000
T 0.8667 0.7333 0.9333 0.8000
~ 0.9333 0.7333 1.0000 0.8000
~ 0.0000 0.8000 0.0667 0.8667
G 0.0667 0.8000 0.1333 0.8667
E 0.1333 0.8000 0.2000 0.8667
T 0.2000 0.8000 0.2667 0.8667
~ 0.2667 0.8000 0.3333 0.8667
~ 0.3333 0.8000 0.4000 0.8667
~ 0.4000 0.8000 0.4667 0.8667
N 0.4667 0.8000 0.5333 0.8667
~ 0.5333 0.8000 0.6000 0.8667
~ 0.6000 0.8000 0.6667 0.8667
C 0.6667 0.8000 0.7333 0.8667
~ 0.7333 0.8000 0.8000 0.8667
~ 0.8000 0.8000 0.8667 0.8667
R 0.8667 0.8000 0.9333 0.8667
~ 0.9333 0.8000 1.0000 0.8667
~ 0.0000 0.8667 0.0667 0.9333
~ 0.0667 0.8667 0.1333 0.9333
R 0.1333 0.8667 0.2000 0.9333
~ 0.2000 0.8667 0.2667 0.9333
O 0.2667 0.8667 0.3333 0.9333
I 0.3333 0.8667 0.4000 0.9333
~ 0.4000 0.8667 0.4667 0.9333
E 0.4667 0.8667 0.5333 0.9333
~ 0.5333 0.8667 0.6000 0.9333
~ 0.6000 0.8667 0.6667 0.9333
~ 0.6667 0.8667 0.7333 0.9333
~ 0.7333 0.8667 0.8000 0.9333
~ 0.8000 0.8667 0.8667 0.9333
I 0.8667 0.8667 0.9333 0.9333
~ 0.9333 0.8667 1.0000 0.9333
R 0.0000 0.9333 0.0667 1.0000
E 0.0667 0.9333 0.1333 1.0000
S 0.1333 0.9333 0.2000 1.0000
E 0.2000 0.9333 0.2667 1.0000
E 0.2667 0.9333 0.3333 1.0000
D 0.3333 0.9333 0.4000 1.0000
~ 0.4000 0.9333 0.4667 1.0000
S 0.4667 0.9333 0.5333 1.0000
~ 0.5333 0.9333 0.6000 1.0000
~ 0.6000 0.9333 0.6667 1.0000
~ 0.6667 0.9333 0.7333 1.0000
~ 0.7333 0.9333 0.8000 1.0000
~ 0.8000 0.9333 0.8667 1.0000
~ 0.8667 0.9333 0.9333 1.0000
~ 0.9333 0.9333 1.0000 1.0000
