V 0.0000 0.0000 0.0667 0.0667
~ 0.0667 0.0000 0.1333 0.0667
~ 0.1333 0.0000 0.2000 0.0667
~ 0.2000 0.0000 0.2667 0.0667
~ 0.2667 0.0000 0.3333 0.0667
~ 0.3333 0.0000 0.4000 0.0667
~ 0.4000 0.0000 0.4667 0.0667
~ 0.4667 0.0000 0.5333 0.0667
~ 0.5333 0.0000 0.6000 0.0667
~ 0.6000 0.0000 0.6667 0.0667
~ 0.6667 0.0000 0.7333 0.0667
~ 0.7333 0.0000 0.8000 0.0667
~ 0.8000 0.0000 0.8667 0.0667
~ 0.8667 0.0000 0.9333 0.0667
~ 0.9333 0.0000 1.0000 0.0667
I 0.0000 0.0667 0.0667 0.1333
~ 0.0667 0.0667 0.1333 0.1333
~ 0.1333 0.0667 0.2000 0.1333
~ 0.2000 0.0667 0.2667 0.1333
R 0.2667 0.0667 0.3333 0.1333
~ 0.3333 0.0667 0.4000 0.1333
~ 0.4000 0.0667 0.4667 0.1333
~ 0.4667 0.0667 0.5333 0.1333
~ 0.5333 0.0667 0.6000 0.1333
~ 0.6000 0.0667 0.6667 0.1333
~ 0.6667 0.0667 0.7333 0.1333
~ 0.7333 0.0667 0.8000 0.1333
~ 0.8000 0.0667 0.8667 0.1333
~ 0.8667 0.0667 0.9333 0.1333
~ 0.9333 0.0667 1.0000 0.1333
T 0.0000 0.1333 0.0667 0.2000
~ 0.0667 0.1333 0.1333 0.2000
~ 0.1333 0.1333 0.2000 0.2000
~ 0.2000 0.1333 0.2667 0.2000
I 0.2667 0.1333 0.3333 0.2000
~ 0.3333 0.1333 0.4000 0.2000
~ 0.4000 0.1333 0.4667 0.2000
~ 0.4667 0.1333 0.5333 0.2000
~ 0.5333 0.1333 0.6000 0.2000
~ 0.6000 0.1333 0.6667 0.2000
~ 0.6667 0.1333 0.7333 0.2000
~ 0.7333 0.1333 0.8000 0.2000
~ 0.8000 0.1333 0.8667 0.2000
~ 0.8667 0.1333 0.9333 0.2000
~ 0.9333 0.1333 1.0000 0.2000
A 0.0000 0.2000 0.0667 0.2667
~ 0.0667 0.2000 0.1333 0.2667
S 0.1333 0.2000 0.2000 0.2667
~ 0.2000 0.2000 0.2667 0.2667
G 0.2667 0.2000 0.3333 0.2667
O 0.3333 0.2000 0.4000 0.2667
A 0.4000 0.2000 0.4667 0.2667
~ 0.4667 0.2000 0.5333 0.2667
~ 0.5333 0.2000 0.6000 0.2667
~ 0.6000 0.2000 0.6667 0.2667
~ 0.6667 0.2000 0.7333 0.2667
~ 0.7333 0.2000 0.8000 0.2667
~ 0.8000 0.2000 0.8667 0.2667
~ 0.8667 0.2000 0.9333 0.2667
~ 0.9333 0.2000 1.0000 0.2667
L 0.0000 0.2667 0.0667 0.3333
I 0.0667 0.2667 0.1333 0.3333
N 0.1333 0.2667 0.2000 0.3333
~ 0.2000 0.2667 0.2667 0.3333
~ 0.2667 0.2667 0.3333 0.3333
O 0.3333 0.2667 0.4000 0.3333
D 0.4000 0.2667 0.4667 0.3333
I 0.4667 0.2667 0.5333 0.3333
O 0.5333 0.2667 0.6000 0.3333
U 0.6000 0.2667 0.6667 0.3333
S 0.6667 0.2667 0.7333 0.3333
~ 0.7333 0.2667 0.8000 0.3333
~ 0.8000 0.2667 0.8667 0.3333
~ 0.8667 0.2667 0.9333 0.3333
~ 0.9333 0.2667 1.0000 0.3333
~ 0.0000 0.3333 0.0667 0.4000
F 0.0667 0.3333 0.1333 0.4000
A 0.1333 0.3333 0.2000 0.4000
~ 0.2000 0.3333 0.2667 0.4000
~ 0.2667 0.3333 0.3333 0.4000
Z 0.3333 0.3333 0.4000 0.4000
~ 0.4000 0.3333 0.4667 0.4000
~ 0.4667 0.3333 0.5333 0.4000
~ 0.5333 0.3333 0.6000 0.4000
~ 0.6000 0.3333 0.6667 0.4000
~ 0.6667 0.3333 0.7333 0.4000
~ 0.7333 0.3333 0.8000 0.4000
~ 0.8000 0.3333 0.8667 0.4000
J 0.8667 0.3333 0.9333 0.4000
O 0.9333 0.3333 1.0000 0.4000
~ 0.0000 0.4000 0.0667 0.4667
~ 0.0667 0.4000 0.1333 0.4667
R 0.1333 0.4000 0.2000 0.4667
~ 0.2000 0.4000 0.2667 0.4667
R 0.2667 0.4000 0.3333 0.4667
E 0.3333 0.4000 0.4000 0.4667
X 0.4000 0.4000 0.4667 0.4667
~ 0.4667 0.4000 0.5333 0.4667
~ 0.5333 0.4000 0.6000 0.4667
~ 0.6000 0.4000 0.6667 0.4667
~ 0.6667 0.4000 0.7333 0.4667
F 0.7333 0.4000 0.8000 0.4667
~ 0.8000 0.4000 0.8667 0.4667
A 0.8667 0.4000 0.9333 0.4667
R 0.9333 0.4000 1.0000 0.4667
P 0.0000 0.4667 0.0667 0.5333
U 0.0667 0.4667 0.1333 0.5333
L 0.1333 0.4667 0.2000 0.5333
L 0.2000 0.4667 0.2667 0.5333
E 0.2667 0.4667 0.3333 0.5333
D 0.3333 0.4667 0.4000 0.5333
~ 0.4000 0.4667 0.4667 0.5333
B 0.4667 0.4667 0.5333 0.5333
~ 0.5333 0.4667 0.6000 0.5333
~ 0.6000 0.4667 0.6667 0.5333
M 0.6667 0.4667 0.7333 0.5333
A 0.7333 0.4667 0.8000 0.5333
N 0.8000 0.4667 0.8667 0.5333
N 0.8667 0.4667 0.9333 0.5333
A 0.9333 0.4667 1.0000 0.5333
A 0.0000 0.5333 0.0667 0.6000
~ 0.0667 0.5333 0.1333 0.6000
E 0.1333 0.5333 0.2000 0.6000
~ 0.2000 0.5333 0.2667 0.6000
~ 0.2667 0.5333 0.3333 0.6000
~ 0.3333 0.5333 0.4000 0.6000
P 0.4000 0.5333 0.4667 0.6000
I 0.4667 0.5333 0.5333 0.6000
Q 0.5333 0.5333 0.6000 0.6000
U 0.6000 0.5333 0.6667 0.6000
E 0.6667 0.5333 0.7333 0.6000
D 0.7333 0.5333 0.8000 0.6000
~ 0.8000 0.5333 0.8667 0.6000
E 0.8667 0.5333 0.9333 0.6000
L 0.9333 0.5333 1.0000 0.6000
V 0.0000 0.6000 0.0667 0.6667
~ 0.0667 0.6000 0.1333 0.6667
~ 0.1333 0.6000 0.2000 0.6667
A 0.2000 0.6000 0.2667 0.6667
~ 0.2667 0.6000 0.3333 0.6667
T 0.3333 0.6000 0.4000 0.6667
A 0.4000 0.6000 0.4667 0.6667
T 0.4667 0.6000 0.5333 0.6667
~ 0.5333 0.6000 0.6000 0.6667
~ 0.6000 0.6000 0.6667 0.6667
W 0.6667 0.6000 0.7333 0.6667
O 0.7333 0.6000 0.8000 0.6667
E 0.8000 0.6000 0.8667 0.6667
S 0.8667 0.6000 0.9333 0.6667
~ 0.9333 0.6000 1.0000 0.6667
I 0.0000 0.6667 0.0667 0.7333
~ 0.0667 0.6667 0.1333 0.7333
~ 0.1333 0.6667 0.2000 0.7333
C 0.2000 0.6667 0.2667 0.7333
~ 0.2667 0.6667 0.3333 0.7333
E 0.3333 0.6667 0.4000 0.7333
W 0.4000 0.6667 0.4667 0.7333
C 0.4667 0.6667 0.5333 0.7333
U 0.5333 0.6667 0.6000 0.7333
T 0.6000 0.6667 0.6667 0.7333
S 0.6667 0.6667 0.7333 0.7333
~ 0.7333 0.6667 0.8000 0.7333
~ 0.8000 0.6667 0.8667 0.7333
~ 0.8667 0.6667 0.9333 0.7333
~ 0.9333 0.6667 1.0000 0.7333
N 0.0000 0.7333 0.0667 0.8000
~ 0.0667 0.7333 0.1333 0.8000
~ 0.1333 0.7333 0.2000 0.8000
T 0.2000 0.7333 0.2667 0.8000
~ 0.2667 0.7333 0.3333 0.8000
~ 0.3333 0.7333 0.4000 0.8000
~ 0.4000 0.7333 0.4667 0.8000
H 0.4667 0.7333 0.5333 0.8000
~ 0.5333 0.7333 0.6000 0.8000
O 0.6000 0.7333 0.6667 0.8000
~ 0.6667 0.7333 0.7333 0.8000
~ 0.7333 0.7333 0.8000 0.8000
~ 0.8000 0.7333 0.8667 0.8000
~ 0.8667 0.7333 0.9333 0.8000
~ 0.9333 0.7333 1.0000 0.8000
G 0.0000 0.8000 0.0667 0.8667
~ 0.0667 0.8000 0.1333 0.8667
~ 0.1333 0.8000 0.2000 0.8667
~ 0.2000 0.8000 0.2667 0.8667
~ 0.2667 0.8000 0.3333 0.8667
~ 0.3333 0.8000 0.4000 0.8667
M 0.4000 0.8000 0.4667 0.8667
Y 0.4667 0.8000 0.5333 0.8667
~ 0.5333 0.8000 0.6000 0.8667
R 0.6000 0.8000 0.6667 0.8667
~ 0.6667 0.8000 0.7333 0.8667
G 0.7333 0.8000 0.8000 0.8667
I 0.8000 0.8000 0.8667 0.8667
~ 0.8667 0.8000 0.9333 0.8667
~ 0.9333 0.8000 1.0000 0.8667
~ 0.0000 0.8667 0.0667 0.9333
~ 0.0667 0.8667 0.1333 0.9333
~ 0.1333 0.8667 0.2000 0.9333
B 0.2000 0.8667 0.2667 0.9333
O 0.2667 0.8667 0.3333 0.9333
Y 0.3333 0.8667 0.4000 0.9333
~ 0.4000 0.8667 0.4667 0.9333
~ 0.4667 0.8667 0.5333 0.9333
I 0.5333 0.8667 0.6000 0.9333
N 0.6000 0.8667 0.6667 0.9333
T 0.6667 0.8667 0.7333 0.9333
O 0.7333 0.8667 0.8000 0.9333
N 0.8000 0.8667 0.8667 0.9333
E 0.8667 0.8667 0.9333 0.9333
~ 0.9333 0.8667 1.0000 0.9333
~ 0.0000 0.9333 0.0667 1.0000
~ 0.0667 0.9333 0.1333 1.0000
~ 0.1333 0.9333 0.2000 1.0000
~ 0.2000 0.9333 0.2667 1.0000
E 0.2667 0.9333 0.3333 1.0000
E 0.3333 0.9333 0.4000 1.0000
K 0.4000 0.9333 0.4667 1.0000
E 0.4667 0.9333 0.5333 1.0000
D 0.5333 0.9333 0.6000 1.0000
~ 0.6000 0.9333 0.6667 1.0000
~ 0.6667 0.9333 0.7333 1.0000
R 0.7333 0.9333 0.8000 1.0000
~ 0.8000 0.9333 0.8667 1.0000
H 0.8667 0.9333 0.9333 1.0000
E 0.9333 0.9333 1.0000 1.0000
