~ 0.0000 0.0000 0.0667 0.0667
~ 0.0667 0.0000 0.1333 0.0667
~ 0.1333 0.0000 0.2000 0.0667
~ 0.2000 0.0000 0.2667 0.0667
~ 0.2667 0.0000 0.3333 0.0667
J 0.3333 0.0000 0.4000 0.0667
O 0.4000 0.0000 0.4667 0.0667
W 0.4667 0.0000 0.5333 0.0667
L 0.5333 0.0000 0.6000 0.0667
Y 0.6000 0.0000 0.6667 0.0667
~ 0.6667 0.0000 0.7333 0.0667
~ 0.7333 0.0000 0.8000 0.0667
~ 0.8000 0.0000 0.8667 0.0667
H 0.8667 0.0000 0.9333 0.0667
O 0.9333 0.0000 1.0000 0.0667
~ 0.0000 0.0667 0.0667 0.1333
~ 0.0667 0.0667 0.1333 0.1333
~ 0.1333 0.0667 0.2000 0.1333
~ 0.2000 0.0667 0.2667 0.1333
B 0.2667 0.0667 0.3333 0.1333
~ 0.3333 0.0667 0.4000 0.1333
~ 0.4000 0.0667 0.4667 0.1333
A 0.4667 0.0667 0.5333 0.1333
~ 0.5333 0.0667 0.6000 0.1333
O 0.6000 0.0667 0.6667 0.1333
~ 0.6667 0.0667 0.7333 0.1333
~ 0.7333 0.0667 0.8000 0.1333
~ 0.8000 0.0667 0.8667 0.1333
M 0.8667 0.0667 0.9333 0.1333
O 0.9333 0.0667 1.0000 0.1333
~ 0.0000 0.1333 0.0667 0.2000
~ 0.0667 0.1333 0.1333 0.2000
~ 0.1333 0.1333 0.2000 0.2000
~ 0.2000 0.1333 0.2667 0.2000
U 0.2667 0.1333 0.3333 0.2000
~ 0.3333 0.1333 0.4000 0.2000
~ 0.4000 0.1333 0.4667 0.2000
I 0.4667 0.1333 0.5333 0.2000
~ 0.5333 0.1333 0.6000 0.2000
~ 0.6000 0.1333 0.6667 0.2000
~ 0.6667 0.1333 0.7333 0.2000
~ 0.7333 0.1333 0.8000 0.2000
V 0.8000 0.1333 0.8667 0.2000
~ 0.8667 0.1333 0.9333 0.2000
Z 0.9333 0.1333 1.0000 0.2000
E 0.0000 0.2000 0.0667 0.2667
N 0.0667 0.2000 0.1333 0.2667
R 0.1333 0.2000 0.2000 0.2667
G 0.2000 0.2000 0.2667 0.2667
S 0.2667 0.2000 0.3333 0.2667
P 0.3333 0.2000 0.4000 0.2667
U 0.4000 0.2000 0.4667 0.2667
N 0.4667 0.2000 0.5333 0.2667
~ 0.5333 0.2000 0.6000 0.2667
L 0.6000 0.2000 0.6667 0.2667
~ 0.6667 0.2000 0.7333 0.2667
F 0.7333 0.2000 0.8000 0.2667
I 0.8000 0.2000 0.8667 0.2667
R 0.8667 0.2000 0.9333 0.2667
E 0.9333 0.2000 1.0000 0.2667
~ 0.0000 0.2667 0.0667 0.3333
~ 0.0667 0.2667 0.1333 0.3333
~ 0.1333 0.2667 0.2000 0.3333
~ 0.2000 0.2667 0.2667 0.3333
Y 0.2667 0.2667 0.3333 0.3333
~ 0.3333 0.2667 0.4000 0.3333
~ 0.4000 0.2667 0.4667 0.3333
S 0.4667 0.2667 0.5333 0.3333
L 0.5333 0.2667 0.6000 0.3333
O 0.6000 0.2667 0.6667 0.3333
T 0.6667 0.2667 0.7333 0.3333
~ 0.7333 0.2667 0.8000 0.3333
D 0.8000 0.2667 0.8667 0.3333
E 0.8667 0.2667 0.9333 0.3333
~ 0.9333 0.2667 1.0000 0.3333
~ 0.0000 0.3333 0.0667 0.4000
~ 0.0667 0.3333 0.1333 0.4000
~ 0.1333 0.3333 0.2000 0.4000
~ 0.2000 0.3333 0.2667 0.4000
~ 0.2667 0.3333 0.3333 0.4000
A 0.3333 0.3333 0.4000 0.4000
B 0.4000 0.3333 0.4667 0.4000
~ 0.4667 0.3333 0.5333 0.4000
O 0.5333 0.3333 0.6000 0.4000
X 0.6000 0.3333 0.6667 0.4000
O 0.6667 0.3333 0.7333 0.4000
~ 0.7333 0.3333 0.8000 0.4000
~ 0.8000 0.3333 0.8667 0.4000
N 0.8667 0.3333 0.9333 0.4000
~ 0.9333 0.3333 1.0000 0.4000
~ 0.0000 0.4000 0.0667 0.4667
~ 0.0667 0.4000 0.1333 0.4667
~ 0.1333 0.4000 0.2000 0.4667
~ 0.2000 0.4000 0.2667 0.4667
~ 0.2667 0.4000 0.3333 0.4667
~ 0.3333 0.4000 0.4000 0.4667
I 0.4000 0.4000 0.4667 0.4667
~ 0.4667 0.4000 0.5333 0.4667
F 0.5333 0.4000 0.6000 0.4667
~ 0.6000 0.4000 0.6667 0.4667
E 0.6667 0.4000 0.7333 0.4667
T 0.7333 0.4000 0.8000 0.4667
~ 0.8000 0.4000 0.8667 0.4667
A 0.8667 0.4000 0.9333 0.4667
~ 0.9333 0.4000 1.0000 0.4667
~ 0.0000 0.4667 0.0667 0.5333
~ 0.0667 0.4667 0.1333 0.5333
~ 0.1333 0.4667 0.2000 0.5333
~ 0.2000 0.4667 0.2667 0.5333
~ 0.2667 0.4667 0.3333 0.5333
~ 0.3333 0.4667 0.4000 0.5333
K 0.4000 0.4667 0.4667 0.5333
I 0.4667 0.4667 0.5333 0.5333
T 0.5333 0.4667 0.6000 0.5333
~ 0.6000 0.4667 0.6667 0.5333
~ 0.6667 0.4667 0.7333 0.5333
R 0.7333 0.4667 0.8000 0.5333
A 0.8000 0.4667 0.8667 0.5333
I 0.8667 0.4667 0.9333 0.5333
A 0.9333 0.4667 1.0000 0.5333
~ 0.0000 0.5333 0.0667 0.6000
~ 0.0667 0.5333 0.1333 0.6000
~ 0.1333 0.5333 0.2000 0.6000
~ 0.2000 0.5333 0.2667 0.6000
~ 0.2667 0.5333 0.3333 0.6000
~ 0.3333 0.5333 0.4000 0.6000
E 0.4000 0.5333 0.4667 0.6000
~ 0.4667 0.5333 0.5333 0.6000
~ 0.5333 0.5333 0.6000 0.6000
~ 0.6000 0.5333 0.6667 0.6000
~ 0.6667 0.5333 0.7333 0.6000
I 0.7333 0.5333 0.8000 0.6000
~ 0.8000 0.5333 0.8667 0.6000
L 0.8667 0.5333 0.9333 0.6000
~ 0.9333 0.5333 1.0000 0.6000
~ 0.0000 0.6000 0.0667 0.6667
~ 0.0667 0.6000 0.1333 0.6667
M 0.1333 0.6000 0.2000 0.6667
I 0.2000 0.6000 0.2667 0.6667
N 0.2667 0.6000 0.3333 0.6667
A 0.3333 0.6000 0.4000 0.6667
R 0.4000 0.6000 0.4667 0.6667
E 0.4667 0.6000 0.5333 0.6667
T 0.5333 0.6000 0.6000 0.6667
~ 0.6000 0.6000 0.6667 0.6667
~ 0.6667 0.6000 0.7333 0.6667
C 0.7333 0.6000 0.8000 0.6667
~ 0.8000 0.6000 0.8667 0.6667
E 0.8667 0.6000 0.9333 0.6667
~ 0.9333 0.6000 1.0000 0.6667
~ 0.0000 0.6667 0.0667 0.7333
H 0.0667 0.6667 0.1333 0.7333
~ 0.1333 0.6667 0.2000 0.7333
~ 0.2000 0.6667 0.2667 0.7333
O 0.2667 0.6667 0.3333 0.7333
W 0.3333 0.6667 0.4000 0.7333
~ 0.4000 0.6667 0.4667 0.7333
G 0.4667 0.6667 0.5333 0.7333
~ 0.5333 0.6667 0.6000 0.7333
~ 0.6000 0.6667 0.6667 0.7333
~ 0.6667 0.6667 0.7333 0.7333
E 0.7333 0.6667 0.8000 0.7333
~ 0.8000 0.6667 0.8667 0.7333
D 0.8667 0.6667 0.9333 0.7333
~ 0.9333 0.6667 1.0000 0.7333
Q 0.0000 0.7333 0.0667 0.8000
U 0.0667 0.7333 0.1333 0.8000
A 0.1333 0.7333 0.2000 0.8000
R 0.2000 0.7333 0.2667 0.8000
T 0.2667 0.7333 0.3333 0.8000
E 0.3333 0.7333 0.4000 0.8000
~ 0.4000 0.7333 0.4667 0.8000
R 0.4667 0.7333 0.5333 0.8000
~ 0.5333 0.7333 0.6000 0.8000
~ 0.6000 0.7333 0.6667 0.8000
~ 0.6667 0.7333 0.7333 0.8000
P 0.7333 0.7333 0.8000 0.8000
~ 0.8000 0.7333 0.8667 0.8000
~ 0.8667 0.7333 0.9333 0.8000
G 0.9333 0.7333 1.0000 0.8000
A 0.0000 0.8000 0.0667 0.8667
E 0.0667 0.8000 0.1333 0.8667
~ 0.1333 0.8000 0.2000 0.8667
~ 0.2000 0.8000 0.2667 0.8667
~ 0.2667 0.8000 0.3333 0.8667
~ 0.3333 0.8000 0.4000 0.8667
~ 0.4000 0.8000 0.4667 0.8667
E 0.4667 0.8000 0.5333 0.8667
~ 0.5333 0.8000 0.6000 0.8667
~ 0.6000 0.8000 0.6667 0.8667
~ 0.6667 0.8000 0.7333 0.8667
~ 0.7333 0.8000 0.8000 0.8667
I 0.8000 0.8000 0.8667 0.8667
C 0.8667 0.8000 0.9333 0.8667
E 0.9333 0.8000 1.0000 0.8667
I 0.0000 0.8667 0.0667 0.9333
D 0.0667 0.8667 0.1333 0.9333
~ 0.1333 0.8667 0.2000 0.9333
~ 0.2000 0.8667 0.2667 0.9333
~ 0.2667 0.8667 0.3333 0.9333
~ 0.3333 0.8667 0.4000 0.9333
~ 0.4000 0.8667 0.4667 0.9333
S 0.4667 0.8667 0.5333 0.9333
~ 0.5333 0.8667 0.6000 0.9333
~ 0.6000 0.8667 0.6667 0.9333
~ 0.6667 0.8667 0.7333 0.9333
~ 0.7333 0.8667 0.8000 0.9333
~ 0.8000 0.8667 0.8667 0.9333
~ 0.8667 0.8667 0.9333 0.9333
N 0.9333 0.8667 1.0000 0.9333
D 0.0000 0.9333 0.0667 1.0000
~ 0.0667 0.9333 0.1333 1.0000
~ 0.1333 0.9333 0.2000 1.0000
~ 0.2000 0.9333 0.2667 1.0000
~ 0.2667 0.9333 0.3333 1.0000
~ 0.3333 0.9333 0.4000 1.0000
~ 0.4000 0.9333 0.4667 1.0000
S 0.4667 0.9333 0.5333 1.0000
~ 0.5333 0.9333 0.6000 1.0000
~ 0.6000 0.9333 0.6667 1.0000
V 0.6667 0.9333 0.7333 1.0000
A 0.7333 0.9333 0.8000 1.0000
U 0.8000 0.9333 0.8667 1.0000
N 0.8667 0.9333 0.9333 1.0000
T 0.9333 0.9333 1.0000 1.0000
