~ 0.0000 0.0000 0.0667 0.0667
~ 0.0667 0.0000 0.1333 0.0667
~ 0.1333 0.0000 0.2000 0.0667
~ 0.2000 0.0000 0.2667 0.0667
~ 0.2667 0.0000 0.3333 0.0667
~ 0.3333 0.0000 0.4000 0.0667
R 0.4000 0.0000 0.4667 0.0667
E 0.4667 0.0000 0.5333 0.0667
~ 0.5333 0.0000 0.6000 0.0667
~ 0.6000 0.0000 0.6667 0.0667
~ 0.6667 0.0000 0.7333 0.0667
~ 0.7333 0.0000 0.8000 0.0667
~ 0.8000 0.0000 0.8667 0.0667
C 0.8667 0.0000 0.9333 0.0667
~ 0.9333 0.0000 1.0000 0.0667
~ 0.0000 0.0667 0.0667 0.1333
~ 0.0667 0.0667 0.1333 0.1333
~ 0.1333 0.0667 0.2000 0.1333
~ 0.2000 0.0667 0.2667 0.1333
W 0.2667 0.0667 0.3333 0.1333
~ 0.3333 0.0667 0.4000 0.1333
E 0.4000 0.0667 0.4667 0.1333
X 0.4667 0.0667 0.5333 0.1333
~ 0.5333 0.0667 0.6000 0.1333
Y 0.6000 0.0667 0.6667 0.1333
~ 0.6667 0.0667 0.7333 0.1333
~ 0.7333 0.0667 0.8000 0.1333
T 0.8000 0.0667 0.8667 0.1333
I 0.8667 0.0667 0.9333 0.1333
~ 0.9333 0.0667 1.0000 0.1333
~ 0.0000 0.1333 0.0667 0.2000
~ 0.0667 0.1333 0.1333 0.2000
Z 0.1333 0.1333 0.2000 0.2000
O 0.2000 0.1333 0.2667 0.2000
O 0.2667 0.1333 0.3333 0.2000
~ 0.3333 0.1333 0.4000 0.2000
~ 0.4000 0.1333 0.4667 0.2000
T 0.4667 0.1333 0.5333 0.2000
~ 0.5333 0.1333 0.6000 0.2000
O 0.6000 0.1333 0.6667 0.2000
~ 0.6667 0.1333 0.7333 0.2000
~ 0.7333 0.1333 0.8000 0.2000
A 0.8000 0.1333 0.8667 0.2000
G 0.8667 0.1333 0.9333 0.2000
~ 0.9333 0.1333 1.0000 0.2000
~ 0.0000 0.2000 0.0667 0.2667
M 0.0667 0.2000 0.1333 0.2667
A 0.1333 0.2000 0.2000 0.2667
I 0.2000 0.2000 0.2667 0.2667
M 0.2667 0.2000 0.3333 0.2667
~ 0.3333 0.2000 0.4000 0.2667
~ 0.4000 0.2000 0.4667 0.2667
R 0.4667 0.2000 0.5333 0.2667
~ 0.5333 0.2000 0.6000 0.2667
U 0.6000 0.2000 0.6667 0.2667
H 0.6667 0.2000 0.7333 0.2667
~ 0.7333 0.2000 0.8000 0.2667
I 0.8000 0.2000 0.8667 0.2667
~ 0.8667 0.2000 0.9333 0.2667
~ 0.9333 0.2000 1.0000 0.2667
~ 0.0000 0.2667 0.0667 0.3333
~ 0.0667 0.2667 0.1333 0.3333
~ 0.1333 0.2667 0.2000 0.3333
~ 0.2000 0.2667 0.2667 0.3333
B 0.2667 0.2667 0.3333 0.3333
E 0.3333 0.2667 0.4000 0.3333
~ 0.4000 0.2667 0.4667 0.3333
A 0.4667 0.2667 0.5333 0.3333
A 0.5333 0.2667 0.6000 0.3333
~ 0.6000 0.2667 0.6667 0.3333
A 0.6667 0.2667 0.7333 0.3333
~ 0.7333 0.2667 0.8000 0.3333
L 0.8000 0.2667 0.8667 0.3333
A 0.8667 0.2667 0.9333 0.3333
~ 0.9333 0.2667 1.0000 0.3333
~ 0.0000 0.3333 0.0667 0.4000
~ 0.0667 0.3333 0.1333 0.4000
~ 0.1333 0.3333 0.2000 0.4000
~ 0.2000 0.3333 0.2667 0.4000
~ 0.2667 0.3333 0.3333 0.4000
N 0.3333 0.3333 0.4000 0.4000
~ 0.4000 0.3333 0.4667 0.4000
~ 0.4667 0.3333 0.5333 0.4000
L 0.5333 0.3333 0.6000 0.4000
~ 0.6000 0.3333 0.6667 0.4000
B 0.6667 0.3333 0.7333 0.4000
L 0.7333 0.3333 0.8000 0.4000
O 0.8000 0.3333 0.8667 0.4000
W 0.8667 0.3333 0.9333 0.4000
Y 0.9333 0.3333 1.0000 0.4000
~ 0.0000 0.4000 0.0667 0.4667
~ 0.0667 0.4000 0.1333 0.4667
~ 0.1333 0.4000 0.2000 0.4667
~ 0.2000 0.4000 0.2667 0.4667
~ 0.2667 0.4000 0.3333 0.4667
D 0.3333 0.4000 0.4000 0.4667
~ 0.4000 0.4000 0.4667 0.4667
~ 0.4667 0.4000 0.5333 0.4667
I 0.5333 0.4000 0.6000 0.4667
~ 0.6000 0.4000 0.6667 0.4667
U 0.6667 0.4000 0.7333 0.4667
~ 0.7333 0.4000 0.8000 0.4667
R 0.8000 0.4000 0.8667 0.4667
~ 0.8667 0.4000 0.9333 0.4667
~ 0.9333 0.4000 1.0000 0.4667
~ 0.0000 0.4667 0.0667 0.5333
~ 0.0667 0.4667 0.1333 0.5333
~ 0.1333 0.4667 0.2000 0.5333
~ 0.2000 0.4667 0.2667 0.5333
~ 0.2667 0.4667 0.3333 0.5333
I 0.3333 0.4667 0.4000 0.5333
~ 0.4000 0.4667 0.4667 0.5333
~ 0.4667 0.4667 0.5333 0.5333
E 0.5333 0.4667 0.6000 0.5333
A 0.6000 0.4667 0.6667 0.5333
S 0.6667 0.4667 0.7333 0.5333
H 0.7333 0.4667 0.8000 0.5333
E 0.8000 0.4667 0.8667 0.5333
S 0.8667 0.4667 0.9333 0.5333
~ 0.9333 0.4667 1.0000 0.5333
~ 0.0000 0.5333 0.0667 0.6000
~ 0.0667 0.5333 0.1333 0.6000
~ 0.1333 0.5333 0.2000 0.6000
~ 0.2000 0.5333 0.2667 0.6000
~ 0.2667 0.5333 0.3333 0.6000
T 0.3333 0.5333 0.4000 0.6000
~ 0.4000 0.5333 0.4667 0.6000
~ 0.4667 0.5333 0.5333 0.6000
N 0.5333 0.5333 0.6000 0.6000
~ 0.6000 0.5333 0.6667 0.6000
~ 0.6667 0.5333 0.7333 0.6000
A 0.7333 0.5333 0.8000 0.6000
D 0.8000 0.5333 0.8667 0.6000
~ 0.8667 0.5333 0.9333 0.6000
~ 0.9333 0.5333 1.0000 0.6000
T 0.0000 0.6000 0.0667 0.6667
I 0.0667 0.6000 0.1333 0.6667
R 0.1333 0.6000 0.2000 0.6667
A 0.2000 0.6000 0.2667 0.6667
D 0.2667 0.6000 0.3333 0.6667
E 0.3333 0.6000 0.4000 0.6667
S 0.4000 0.6000 0.4667 0.6667
~ 0.4667 0.6000 0.5333 0.6667
E 0.5333 0.6000 0.6000 0.6667
~ 0.6000 0.6000 0.6667 0.6667
~ 0.6667 0.6000 0.7333 0.6667
V 0.7333 0.6000 0.8000 0.6667
~ 0.8000 0.6000 0.8667 0.6667
~ 0.8667 0.6000 0.9333 0.6667
~ 0.9333 0.6000 1.0000 0.6667
~ 0.0000 0.6667 0.0667 0.7333
~ 0.0667 0.6667 0.1333 0.7333
~ 0.1333 0.6667 0.2000 0.7333
~ 0.2000 0.6667 0.2667 0.7333
I 0.2667 0.6667 0.3333 0.7333
D 0.3333 0.6667 0.4000 0.7333
~ 0.4000 0.6667 0.4667 0.7333
~ 0.4667 0.6667 0.5333 0.7333
E 0.5333 0.6667 0.6000 0.7333
~ 0.6000 0.6667 0.6667 0.7333
F 0.6667 0.6667 0.7333 0.7333
E 0.7333 0.6667 0.8000 0.7333
N 0.8000 0.6667 0.8667 0.7333
~ 0.8667 0.6667 0.9333 0.7333
~ 0.9333 0.6667 1.0000 0.7333
~ 0.0000 0.7333 0.0667 0.8000
~ 0.0667 0.7333 0.1333 0.8000
~ 0.1333 0.7333 0.2000 0.8000
~ 0.2000 0.7333 0.2667 0.8000
R 0.2667 0.7333 0.3333 0.8000
~ 0.3333 0.7333 0.4000 0.8000
~ 0.4000 0.7333 0.4667 0.8000
~ 0.4667 0.7333 0.5333 0.8000
S 0.5333 0.7333 0.6000 0.8000
~ 0.6000 0.7333 0.6667 0.8000
O 0.6667 0.7333 0.7333 0.8000
N 0.7333 0.7333 0.8000 0.8000
O 0.8000 0.7333 0.8667 0.8000
~ 0.8667 0.7333 0.9333 0.8000
~ 0.9333 0.7333 1.0000 0.8000
~ 0.0000 0.8000 0.0667 0.8667
J 0.0667 0.8000 0.1333 0.8667
U 0.1333 0.8000 0.2000 0.8667
K 0.2000 0.8000 0.2667 0.8667
E 0.2667 0.8000 0.3333 0.8667
~ 0.3333 0.8000 0.4000 0.8667
~ 0.4000 0.8000 0.4667 0.8667
~ 0.4667 0.8000 0.5333 0.8667
~ 0.5333 0.8000 0.6000 0.8667
~ 0.6000 0.8000 0.6667 0.8667
P 0.6667 0.8000 0.7333 0.8667
I 0.7333 0.8000 0.8000 0.8667
G 0.8000 0.8000 0.8667 0.8667
~ 0.8667 0.8000 0.9333 0.8667
~ 0.9333 0.8000 1.0000 0.8667
~ 0.0000 0.8667 0.0667 0.9333
O 0.0667 0.8667 0.1333 0.9333
~ 0.1333 0.8667 0.2000 0.9333
~ 0.2000 0.8667 0.2667 0.9333
C 0.2667 0.8667 0.3333 0.9333
~ 0.3333 0.8667 0.4000 0.9333
~ 0.4000 0.8667 0.4667 0.9333
~ 0.4667 0.8667 0.5333 0.9333
~ 0.5333 0.8667 0.6000 0.9333
Q 0.6000 0.8667 0.6667 0.9333
~ 0.6667 0.8667 0.7333 0.9333
N 0.7333 0.8667 0.8000 0.9333
~ 0.8000 0.8667 0.8667 0.9333
~ 0.8667 0.8667 0.9333 0.9333
~ 0.9333 0.8667 1.0000 0.9333
L 0.0000 0.9333 0.0667 1.0000
E 0.0667 0.9333 0.1333 1.0000
T 0.1333 0.9333 0.2000 1.0000
~ 0.2000 0.9333 0.2667 1.0000
T 0.2667 0.9333 0.3333 1.0000
R 0.3333 0.9333 0.4000 1.0000
O 0.4000 0.9333 0.4667 1.0000
U 0.4667 0.9333 0.5333 1.0000
P 0.5333 0.9333 0.6000 1.0000
I 0.6000 0.9333 0.6667 1.0000
N 0.6667 0.9333 0.7333 1.0000
G 0.7333 0.9333 0.8000 1.0000
~ 0.8000 0.9333 0.8667 1.0000
~ 0.8667 0.9333 0.9333 1.0000
~ 0.9333 0.9333 1.0000 1.0000
