~ 0.0000 0.0000 0.0667 0.0667
~ 0.0667 0.0000 0.1333 0.0667
~ 0.1333 0.0000 0.2000 0.0667
~ 0.2000 0.0000 0.2667 0.0667
~ 0.2667 0.0000 0.3333 0.0667
~ 0.3333 0.0000 0.4000 0.0667
~ 0.4000 0.0000 0.4667 0.0667
P 0.4667 0.0000 0.5333 0.0667
~ 0.5333 0.0000 0.6000 0.0667
~ 0.6000 0.0000 0.6667 0.0667
~ 0.6667 0.0000 0.7333 0.0667
~ 0.7333 0.0000 0.8000 0.0667
~ 0.8000 0.0000 0.8667 0.0667
~ 0.8667 0.0000 0.9333 0.0667
~ 0.9333 0.0000 1.0000 0.0667
~ 0.0000 0.0667 0.0667 0.1333
N 0.0667 0.0667 0.1333 0.1333
A 0.1333 0.0667 0.2000 0.1333
I 0.2000 0.0667 0.2667 0.1333
V 0.2667 0.0667 0.3333 0.1333
E 0.3333 0.0667 0.4000 0.1333
~ 0.4000 0.0667 0.4667 0.1333
U 0.4667 0.0667 0.5333 0.1333
~ 0.5333 0.0667 0.6000 0.1333
H 0.6000 0.0667 0.6667 0.1333
~ 0.6667 0.0667 0.7333 0.1333
~ 0.7333 0.0667 0.8000 0.1333
~ 0.8000 0.0667 0.8667 0.1333
~ 0.8667 0.0667 0.9333 0.1333
~ 0.9333 0.0667 1.0000 0.1333
~ 0.0000 0.1333 0.0667 0.2000
~ 0.0667 0.1333 0.1333 0.2000
~ 0.1333 0.1333 0.2000 0.2000
~ 0.2000 0.1333 0.2667 0.2000
E 0.2667 0.1333 0.3333 0.2000
D 0.3333 0.1333 0.4000 0.2000
I 0.4000 0.1333 0.4667 0.2000
T 0.4667 0.1333 0.5333 0.2000
I 0.5333 0.1333 0.6000 0.2000
O 0.6000 0.1333 0.6667 0.2000
~ 0.6667 0.1333 0.7333 0.2000
S 0.7333 0.1333 0.8000 0.2000
~ 0.8000 0.1333 0.8667 0.2000
~ 0.8667 0.1333 0.9333 0.2000
~ 0.9333 0.1333 1.0000 0.2000
~ 0.0000 0.2000 0.0667 0.2667
~ 0.0667 0.2000 0.1333 0.2667
F 0.1333 0.2000 0.2000 0.2667
O 0.2000 0.2000 0.2667 0.2667
R 0.2667 0.2000 0.3333 0.2667
~ 0.3333 0.2000 0.4000 0.2667
~ 0.4000 0.2000 0.4667 0.2667
T 0.4667 0.2000 0.5333 0.2667
~ 0.5333 0.2000 0.6000 0.2667
T 0.6000 0.2000 0.6667 0.2667
~ 0.6667 0.2000 0.7333 0.2667
U 0.7333 0.2000 0.8000 0.2667
~ 0.8000 0.2000 0.8667 0.2667
~ 0.8667 0.2000 0.9333 0.2667
~ 0.9333 0.2000 1.0000 0.2667
~ 0.0000 0.2667 0.0667 0.3333
~ 0.0667 0.2667 0.1333 0.3333
R 0.1333 0.2667 0.2000 0.3333
~ 0.2000 0.2667 0.2667 0.3333
B 0.2667 0.2667 0.3333 0.3333
A 0.3333 0.2667 0.4000 0.3333
~ 0.4000 0.2667 0.4667 0.3333
~ 0.4667 0.2667 0.5333 0.3333
~ 0.5333 0.2667 0.6000 0.3333
~ 0.6000 0.2667 0.6667 0.3333
~ 0.6667 0.2667 0.7333 0.3333
R 0.7333 0.2667 0.8000 0.3333
~ 0.8000 0.2667 0.8667 0.3333
~ 0.8667 0.2667 0.9333 0.3333
~ 0.9333 0.2667 1.0000 0.3333
~ 0.0000 0.3333 0.0667 0.4000
M 0.0667 0.3333 0.1333 0.4000
A 0.1333 0.3333 0.2000 0.4000
C 0.2000 0.3333 0.2667 0.4000
~ 0.2667 0.3333 0.3333 0.4000
W 0.3333 0.3333 0.4000 0.4000
~ 0.4000 0.3333 0.4667 0.4000
L 0.4667 0.3333 0.5333 0.4000
E 0.5333 0.3333 0.6000 0.4000
Z 0.6000 0.3333 0.6667 0.4000
~ 0.6667 0.3333 0.7333 0.4000
E 0.7333 0.3333 0.8000 0.4000
N 0.8000 0.3333 0.8667 0.4000
~ 0.8667 0.3333 0.9333 0.4000
R 0.9333 0.3333 1.0000 0.4000
~ 0.0000 0.4000 0.0667 0.4667
~ 0.0667 0.4000 0.1333 0.4667
Y 0.1333 0.4000 0.2000 0.4667
A 0.2000 0.4000 0.2667 0.4667
~ 0.2667 0.4000 0.3333 0.4667
A 0.3333 0.4000 0.4000 0.4667
~ 0.4000 0.4000 0.4667 0.4667
I 0.4667 0.4000 0.5333 0.4667
~ 0.5333 0.4000 0.6000 0.4667
I 0.6000 0.4000 0.6667 0.4667
~ 0.6667 0.4000 0.7333 0.4667
~ 0.7333 0.4000 0.8000 0.4667
O 0.8000 0.4000 0.8667 0.4667
~ 0.8667 0.4000 0.9333 0.4667
A 0.9333 0.4000 1.0000 0.4667
~ 0.0000 0.4667 0.0667 0.5333
~ 0.0667 0.4667 0.1333 0.5333
~ 0.1333 0.4667 0.2000 0.5333
M 0.2000 0.4667 0.2667 0.5333
A 0.2667 0.4667 0.3333 0.5333
K 0.3333 0.4667 0.4000 0.5333
E 0.4000 0.4667 0.4667 0.5333
R 0.4667 0.4667 0.5333 0.5333
~ 0.5333 0.4667 0.6000 0.5333
N 0.6000 0.4667 0.6667 0.5333
~ 0.6667 0.4667 0.7333 0.5333
~ 0.7333 0.4667 0.8000 0.5333
D 0.8000 0.4667 0.8667 0.5333
I 0.8667 0.4667 0.9333 0.5333
G 0.9333 0.4667 1.0000 0.5333
~ 0.0000 0.5333 0.0667 0.6000
~ 0.0667 0.5333 0.1333 0.6000
G 0.1333 0.5333 0.2000 0.6000
~ 0.2000 0.5333 0.2667 0.6000
~ 0.2667 0.5333 0.3333 0.6000
E 0.3333 0.5333 0.4000 0.6000
~ 0.4000 0.5333 0.4667 0.6000
I 0.4667 0.5333 0.5333 0.6000
D 0.5333 0.5333 0.6000 0.6000
~ 0.6000 0.5333 0.6667 0.6000
E 0.6667 0.5333 0.7333 0.6000
L 0.7333 0.5333 0.8000 0.6000
U 0.8000 0.5333 0.8667 0.6000
T 0.8667 0.5333 0.9333 0.6000
E 0.9333 0.5333 1.0000 0.6000
~ 0.0000 0.6000 0.0667 0.6667
Q 0.0667 0.6000 0.1333 0.6667
U 0.1333 0.6000 0.2000 0.6667
E 0.2000 0.6000 0.2667 0.6667
A 0.2667 0.6000 0.3333 0.6667
N 0.3333 0.6000 0.4000 0.6667
~ 0.4000 0.6000 0.4667 0.6667
~ 0.4667 0.6000 0.5333 0.6667
O 0.5333 0.6000 0.6000 0.6667
~ 0.6000 0.6000 0.6667 0.6667
~ 0.6667 0.6000 0.7333 0.6667
~ 0.7333 0.6000 0.8000 0.6667
L 0.8000 0.6000 0.8667 0.6667
~ 0.8667 0.6000 0.9333 0.6667
~ 0.9333 0.6000 1.0000 0.6667
~ 0.0000 0.6667 0.0667 0.7333
~ 0.0667 0.6667 0.1333 0.7333
L 0.1333 0.6667 0.2000 0.7333
~ 0.2000 0.6667 0.2667 0.7333
~ 0.2667 0.6667 0.3333 0.7333
~ 0.3333 0.6667 0.4000 0.7333
~ 0.4000 0.6667 0.4667 0.7333
~ 0.4667 0.6667 0.5333 0.7333
T 0.5333 0.6667 0.6000 0.7333
~ 0.6000 0.6667 0.6667 0.7333
V 0.6667 0.6667 0.7333 0.7333
~ 0.7333 0.6667 0.8000 0.7333
E 0.8000 0.6667 0.8667 0.7333
D 0.8667 0.6667 0.9333 0.7333
~ 0.9333 0.6667 1.0000 0.7333
~ 0.0000 0.7333 0.0667 0.8000
~ 0.0667 0.7333 0.1333 0.8000
C 0.1333 0.7333 0.2000 0.8000
R 0.2000 0.7333 0.2667 0.8000
O 0.2667 0.7333 0.3333 0.8000
W 0.3333 0.7333 0.4000 0.8000
N 0.4000 0.7333 0.4667 0.8000
~ 0.4667 0.7333 0.5333 0.8000
A 0.5333 0.7333 0.6000 0.8000
B 0.6000 0.7333 0.6667 0.8000
O 0.6667 0.7333 0.7333 0.8000
~ 0.7333 0.7333 0.8000 0.8000
S 0.8000 0.7333 0.8667 0.8000
I 0.8667 0.7333 0.9333 0.8000
~ 0.9333 0.7333 1.0000 0.8000
~ 0.0000 0.8000 0.0667 0.8667
~ 0.0667 0.8000 0.1333 0.8667
H 0.1333 0.8000 0.2000 0.8667
~ 0.2000 0.8000 0.2667 0.8667
~ 0.2667 0.8000 0.3333 0.8667
~ 0.3333 0.8000 0.4000 0.8667
E 0.4000 0.8000 0.4667 0.8667
~ 0.4667 0.8000 0.5333 0.8667
G 0.5333 0.8000 0.6000 0.8667
O 0.6000 0.8000 0.6667 0.8667
X 0.6667 0.8000 0.7333 0.8667
~ 0.7333 0.8000 0.8000 0.8667
~ 0.8000 0.8000 0.8667 0.8667
N 0.8667 0.8000 0.9333 0.8667
~ 0.9333 0.8000 1.0000 0.8667
~ 0.0000 0.8667 0.0667 0.9333
~ 0.0667 0.8667 0.1333 0.9333
~ 0.1333 0.8667 0.2000 0.9333
~ 0.2000 0.8667 0.2667 0.9333
~ 0.2667 0.8667 0.3333 0.9333
~ 0.3333 0.8667 0.4000 0.9333
T 0.4000 0.8667 0.4667 0.9333
H 0.4667 0.8667 0.5333 0.9333
E 0.5333 0.8667 0.6000 0.9333
Y 0.6000 0.8667 0.6667 0.9333
~ 0.6667 0.8667 0.7333 0.9333
~ 0.7333 0.8667 0.8000 0.9333
~ 0.8000 0.8667 0.8667 0.9333
~ 0.8667 0.8667 0.9333 0.9333
~ 0.9333 0.8667 1.0000 0.9333
~ 0.0000 0.9333 0.0667 1.0000
~ 0.0667 0.9333 0.1333 1.0000
~ 0.1333 0.9333 0.2000 1.0000
~ 0.2000 0.9333 0.2667 1.0000
~ 0.2667 0.9333 0.3333 1.0000
~ 0.3333 0.9333 0.4000 1.0000
~ 0.4000 0.9333 0.4667 1.0000
I 0.4667 0.9333 0.5333 1.0000
S 0.5333 0.9333 0.6000 1.0000
~ 0.6000 0.9333 0.6667 1.0000
~ 0.6667 0.9333 0.7333 1.0000
~ 0.7333 0.9333 0.8000 1.0000
~ 0.8000 0.9333 0.8667 1.0000
S 0.8667 0.9333 0.9333 1.0000
~ 0.9333 0.9333 1.0000 1.0000
