V 0.0000 0.0000 0.0667 0.0667
A 0.0667 0.0000 0.1333 0.0667
R 0.1333 0.0000 0.2000 0.0667
L 0.2000 0.0000 0.2667 0.0667
E 0.2667 0.0000 0.3333 0.0667
T 0.3333 0.0000 0.4000 0.0667
~ 0.4000 0.0000 0.4667 0.0667
H 0.4667 0.0000 0.5333 0.0667
~ 0.5333 0.0000 0.6000 0.0667
~ 0.6000 0.0000 0.6667 0.0667
~ 0.6667 0.0000 0.7333 0.0667
~ 0.7333 0.0000 0.8000 0.0667
~ 0.8000 0.0000 0.8667 0.0667
~ 0.8667 0.0000 0.9333 0.0667
~ 0.9333 0.0000 1.0000 0.0667
~ 0.0000 0.0667 0.0667 0.1333
N 0.0667 0.0667 0.1333 0.1333
~ 0.1333 0.0667 0.2000 0.1333
~ 0.2000 0.0667 0.2667 0.1333
~ 0.2667 0.0667 0.3333 0.1333
R 0.3333 0.0667 0.4000 0.1333
~ 0.4000 0.0667 0.4667 0.1333
U 0.4667 0.0667 0.5333 0.1333
~ 0.5333 0.0667 0.6000 0.1333
~ 0.6000 0.0667 0.6667 0.1333
~ 0.6667 0.0667 0.7333 0.1333
~ 0.7333 0.0667 0.8000 0.1333
C 0.8000 0.0667 0.8667 0.1333
~ 0.8667 0.0667 0.9333 0.1333
~ 0.9333 0.0667 1.0000 0.1333
~ 0.0000 0.1333 0.0667 0.2000
T 0.0667 0.1333 0.1333 0.2000
~ 0.1333 0.1333 0.2000 0.2000
~ 0.2000 0.1333 0.2667 0.2000
~ 0.2667 0.1333 0.3333 0.2000
U 0.3333 0.1333 0.4000 0.2000
~ 0.4000 0.1333 0.4667 0.2000
S 0.4667 0.1333 0.5333 0.2000
~ 0.5333 0.1333 0.6000 0.2000
~ 0.6000 0.1333 0.6667 0.2000
~ 0.6667 0.1333 0.7333 0.2000
D 0.7333 0.1333 0.8000 0.2000
I 0.8000 0.1333 0.8667 0.2000
~ 0.8667 0.1333 0.9333 0.2000
~ 0.9333 0.1333 1.0000 0.2000
~ 0.0000 0.2000 0.0667 0.2667
~ 0.0667 0.2000 0.1333 0.2667
~ 0.1333 0.2000 0.2000 0.2667
~ 0.2000 0.2000 0.2667 0.2667
~ 0.2667 0.2000 0.3333 0.2667
E 0.3333 0.2000 0.4000 0.2667
C 0.4000 0.2000 0.4667 0.2667
H 0.4667 0.2000 0.5333 0.2667
~ 0.5333 0.2000 0.6000 0.2667
~ 0.6000 0.2000 0.6667 0.2667
W 0.6667 0.2000 0.7333 0.2667
E 0.7333 0.2000 0.8000 0.2667
T 0.8000 0.2000 0.8667 0.2667
~ 0.8667 0.2000 0.9333 0.2667
~ 0.9333 0.2000 1.0000 0.2667
~ 0.0000 0.2667 0.0667 0.3333
~ 0.0667 0.2667 0.1333 0.3333
~ 0.1333 0.2667 0.2000 0.3333
~ 0.2000 0.2667 0.2667 0.3333
~ 0.2667 0.2667 0.3333 0.3333
~ 0.3333 0.2667 0.4000 0.3333
O 0.4000 0.2667 0.4667 0.3333
~ 0.4667 0.2667 0.5333 0.3333
~ 0.5333 0.2667 0.6000 0.3333
~ 0.6000 0.2667 0.6667 0.3333
A 0.6667 0.2667 0.7333 0.3333
A 0.7333 0.2667 0.8000 0.3333
~ 0.8000 0.2667 0.8667 0.3333
~ 0.8667 0.2667 0.9333 0.3333
R 0.9333 0.2667 1.0000 0.3333
~ 0.0000 0.3333 0.0667 0.4000
~ 0.0667 0.3333 0.1333 0.4000
~ 0.1333 0.3333 0.2000 0.4000
~ 0.2000 0.3333 0.2667 0.4000
~ 0.2667 0.3333 0.3333 0.4000
V 0.3333 0.3333 0.4000 0.4000
O 0.4000 0.3333 0.4667 0.4000
R 0.4667 0.3333 0.5333 0.4000
~ 0.5333 0.3333 0.6000 0.4000
Q 0.6000 0.3333 0.6667 0.4000
I 0.6667 0.3333 0.7333 0.4000
N 0.7333 0.3333 0.8000 0.4000
~ 0.8000 0.3333 0.8667 0.4000
~ 0.8667 0.3333 0.9333 0.4000
E 0.9333 0.3333 1.0000 0.4000
~ 0.0000 0.4000 0.0667 0.4667
~ 0.0667 0.4000 0.1333 0.4667
~ 0.1333 0.4000 0.2000 0.4667
~ 0.2000 0.4000 0.2667 0.4667
~ 0.2667 0.4000 0.3333 0.4667
~ 0.3333 0.4000 0.4000 0.4667
~ 0.4000 0.4000 0.4667 0.4667
A 0.4667 0.4000 0.5333 0.4667
N 0.5333 0.4000 0.6000 0.4667
I 0.6000 0.4000 0.6667 0.4667
~ 0.6667 0.4000 0.7333 0.4667
~ 0.7333 0.4000 0.8000 0.4667
~ 0.8000 0.4000 0.8667 0.4667
~ 0.8667 0.4000 0.9333 0.4667
T 0.9333 0.4000 1.0000 0.4667
O 0.0000 0.4667 0.0667 0.5333
R 0.0667 0.4667 0.1333 0.5333
~ 0.1333 0.4667 0.2000 0.5333
~ 0.2000 0.4667 0.2667 0.5333
~ 0.2667 0.4667 0.3333 0.5333
~ 0.3333 0.4667 0.4000 0.5333
S 0.4000 0.4667 0.4667 0.5333
I 0.4667 0.4667 0.5333 0.5333
~ 0.5333 0.4667 0.6000 0.5333
S 0.6000 0.4667 0.6667 0.5333
E 0.6667 0.4667 0.7333 0.5333
T 0.7333 0.4667 0.8000 0.5333
~ 0.8000 0.4667 0.8667 0.5333
~ 0.8667 0.4667 0.9333 0.5333
I 0.9333 0.4667 1.0000 0.5333
~ 0.0000 0.5333 0.0667 0.6000
~ 0.0667 0.5333 0.1333 0.6000
~ 0.1333 0.5333 0.2000 0.6000
~ 0.2000 0.5333 0.2667 0.6000
~ 0.2667 0.5333 0.3333 0.6000
~ 0.3333 0.5333 0.4000 0.6000
~ 0.4000 0.5333 0.4667 0.6000
A 0.4667 0.5333 0.5333 0.6000
E 0.5333 0.5333 0.6000 0.6000
~ 0.6000 0.5333 0.6667 0.6000
~ 0.6667 0.5333 0.7333 0.6000
E 0.7333 0.5333 0.8000 0.6000
F 0.8000 0.5333 0.8667 0.6000
~ 0.8667 0.5333 0.9333 0.6000
L 0.9333 0.5333 1.0000 0.6000
~ 0.0000 0.6000 0.0667 0.6667
D 0.0667 0.6000 0.1333 0.6667
E 0.1333 0.6000 0.2000 0.6667
T 0.2000 0.6000 0.2667 0.6667
O 0.2667 0.6000 0.3333 0.6667
X 0.3333 0.6000 0.4000 0.6667
E 0.4000 0.6000 0.4667 0.6667
S 0.4667 0.6000 0.5333 0.6667
~ 0.5333 0.6000 0.6000 0.6667
~ 0.6000 0.6000 0.6667 0.6667
~ 0.6667 0.6000 0.7333 0.6667
~ 0.7333 0.6000 0.8000 0.6667
E 0.8000 0.6000 0.8667 0.6667
~ 0.8667 0.6000 0.9333 0.6667
E 0.9333 0.6000 1.0000 0.6667
~ 0.0000 0.6667 0.0667 0.7333
~ 0.0667 0.6667 0.1333 0.7333
~ 0.1333 0.6667 0.2000 0.7333
A 0.2000 0.6667 0.2667 0.7333
N 0.2667 0.6667 0.3333 0.7333
I 0.3333 0.6667 0.4000 0.7333
L 0.4000 0.6667 0.4667 0.7333
~ 0.4667 0.6667 0.5333 0.7333
~ 0.5333 0.6667 0.6000 0.7333
~ 0.6000 0.6667 0.6667 0.7333
J 0.6667 0.6667 0.7333 0.7333
A 0.7333 0.6667 0.8000 0.7333
G 0.8000 0.6667 0.8667 0.7333
G 0.8667 0.6667 0.9333 0.7333
~ 0.9333 0.6667 1.0000 0.7333
G 0.0000 0.7333 0.0667 0.8000
A 0.0667 0.7333 0.1333 0.8000
W 0.1333 0.7333 0.2000 0.8000
D 0.2000 0.7333 0.2667 0.8000
~ 0.2667 0.7333 0.3333 0.8000
~ 0.3333 0.7333 0.4000 0.8000
~ 0.4000 0.7333 0.4667 0.8000
~ 0.4667 0.7333 0.5333 0.8000
~ 0.5333 0.7333 0.6000 0.8000
~ 0.6000 0.7333 0.6667 0.8000
O 0.6667 0.7333 0.7333 0.8000
F 0.7333 0.7333 0.8000 0.8000
~ 0.8000 0.7333 0.8667 0.8000
U 0.8667 0.7333 0.9333 0.8000
~ 0.9333 0.7333 1.0000 0.8000
A 0.0000 0.8000 0.0667 0.8667
M 0.0667 0.8000 0.1333 0.8667
I 0.1333 0.8000 0.2000 0.8667
~ 0.2000 0.8000 0.2667 0.8667
~ 0.2667 0.8000 0.3333 0.8667
~ 0.3333 0.8000 0.4000 0.8667
~ 0.4000 0.8000 0.4667 0.8667
~ 0.4667 0.8000 0.5333 0.8667
~ 0.5333 0.8000 0.6000 0.8667
~ 0.6000 0.8000 0.6667 0.8667
~ 0.6667 0.8000 0.7333 0.8667
L 0.7333 0.8000 0.8000 0.8667
~ 0.8000 0.8000 0.8667 0.8667
~ 0.8667 0.8000 0.9333 0.8667
~ 0.9333 0.8000 1.0000 0.8667
B 0.0000 0.8667 0.0667 0.9333
I 0.0667 0.8667 0.1333 0.9333
Z 0.1333 0.8667 0.2000 0.9333
~ 0.2000 0.8667 0.2667 0.9333
~ 0.2667 0.8667 0.3333 0.9333
B 0.3333 0.8667 0.4000 0.9333
O 0.4000 0.8667 0.4667 0.9333
P 0.4667 0.8667 0.5333 0.9333
~ 0.5333 0.8667 0.6000 0.9333
K 0.6000 0.8667 0.6667 0.9333
R 0.6667 0.8667 0.7333 0.9333
O 0.7333 0.8667 0.8000 0.9333
O 0.8000 0.8667 0.8667 0.9333
N 0.8667 0.8667 0.9333 0.9333
~ 0.9333 0.8667 1.0000 0.9333
Y 0.0000 0.9333 0.0667 1.0000
~ 0.0667 0.9333 0.1333 1.0000
~ 0.1333 0.9333 0.2000 1.0000
~ 0.2000 0.9333 0.2667 1.0000
~ 0.2667 0.9333 0.3333 1.0000
~ 0.3333 0.9333 0.4000 1.0000
D 0.4000 0.9333 0.4667 1.0000
E 0.4667 0.9333 0.5333 1.0000
N 0.5333 0.9333 0.6000 1.0000
Y 0.6000 0.9333 0.6667 1.0000
~ 0.6667 0.9333 0.7333 1.0000
P 0.7333 0.9333 0.8000 1.0000
I 0.8000 0.9333 0.8667 1.0000
U 0.8667 0.9333 0.9333 1.0000
M 0.9333 0.9333 1.0000 1.0000
