~ 0.0000 0.0000 0.0667 0.0667
~ 0.0667 0.0000 0.1333 0.0667
~ 0.1333 0.0000 0.2000 0.0667
~ 0.2000 0.0000 0.2667 0.0667
~ 0.2667 0.0000 0.3333 0.0667
~ 0.3333 0.0000 0.4000 0.0667
~ 0.4000 0.0000 0.4667 0.0667
~ 0.4667 0.0000 0.5333 0.0667
~ 0.5333 0.0000 0.6000 0.0667
~ 0.6000 0.0000 0.6667 0.0667
~ 0.6667 0.0000 0.7333 0.0667
S 0.7333 0.0000 0.8000 0.0667
I 0.8000 0.0000 0.8667 0.0667
T 0.8667 0.0000 0.9333 0.0667
E 0.9333 0.0000 1.0000 0.0667
~ 0.0000 0.0667 0.0667 0.1333
~ 0.0667 0.0667 0.1333 0.1333
~ 0.1333 0.0667 0.2000 0.1333
~ 0.2000 0.0667 0.2667 0.1333
~ 0.2667 0.0667 0.3333 0.1333
~ 0.3333 0.0667 0.4000 0.1333
~ 0.4000 0.0667 0.4667 0.1333
~ 0.4667 0.0667 0.5333 0.1333
~ 0.5333 0.0667 0.6000 0.1333
~ 0.6000 0.0667 0.6667 0.1333
Q 0.6667 0.0667 0.7333 0.1333
Q 0.7333 0.0667 0.8000 0.1333
~ 0.8000 0.0667 0.8667 0.1333
~ 0.8667 0.0667 0.9333 0.1333
N 0.9333 0.0667 1.0000 0.1333
~ 0.0000 0.1333 0.0667 0.2000
~ 0.0667 0.1333 0.1333 0.2000
~ 0.1333 0.1333 0.2000 0.2000
~ 0.2000 0.1333 0.2667 0.2000
~ 0.2667 0.1333 0.3333 0.2000
T 0.3333 0.1333 0.4000 0.2000
~ 0.4000 0.1333 0.4667 0.2000
~ 0.4667 0.1333 0.5333 0.2000
~ 0.5333 0.1333 0.6000 0.2000
~ 0.6000 0.1333 0.6667 0.2000
~ 0.6667 0.1333 0.7333 0.2000
U 0.7333 0.1333 0.8000 0.2000
~ 0.8000 0.1333 0.8667 0.2000
~ 0.8667 0.1333 0.9333 0.2000
S 0.9333 0.1333 1.0000 0.2000
~ 0.0000 0.2000 0.0667 0.2667
~ 0.0667 0.2000 0.1333 0.2667
~ 0.1333 0.2000 0.2000 0.2667
~ 0.2000 0.2000 0.2667 0.2667
W 0.2667 0.2000 0.3333 0.2667
O 0.3333 0.2000 0.4000 0.2667
G 0.4000 0.2000 0.4667 0.2667
~ 0.4667 0.2000 0.5333 0.2667
~ 0.5333 0.2000 0.6000 0.2667
~ 0.6000 0.2000 0.6667 0.2667
F 0.6667 0.2000 0.7333 0.2667
A 0.7333 0.2000 0.8000 0.2667
~ 0.8000 0.2000 0.8667 0.2667
~ 0.8667 0.2000 0.9333 0.2667
L 0.9333 0.2000 1.0000 0.2667
~ 0.0000 0.2667 0.0667 0.3333
~ 0.0667 0.2667 0.1333 0.3333
~ 0.1333 0.2667 0.2000 0.3333
~ 0.2000 0.2667 0.2667 0.3333
O 0.2667 0.2667 0.3333 0.3333
R 0.3333 0.2667 0.4000 0.3333
A 0.4000 0.2667 0.4667 0.3333
~ 0.4667 0.2667 0.5333 0.3333
~ 0.5333 0.2667 0.6000 0.3333
J 0.6000 0.2667 0.6667 0.3333
O 0.6667 0.2667 0.7333 0.3333
W 0.7333 0.2667 0.8000 0.3333
L 0.8000 0.2667 0.8667 0.3333
~ 0.8667 0.2667 0.9333 0.3333
A 0.9333 0.2667 1.0000 0.3333
~ 0.0000 0.3333 0.0667 0.4000
~ 0.0667 0.3333 0.1333 0.4000
F 0.1333 0.3333 0.2000 0.4000
~ 0.2000 0.3333 0.2667 0.4000
~ 0.2667 0.3333 0.3333 0.4000
A 0.3333 0.3333 0.4000 0.4000
Y 0.4000 0.3333 0.4667 0.4000
~ 0.4667 0.3333 0.5333 0.4000
~ 0.5333 0.3333 0.6000 0.4000
O 0.6000 0.3333 0.6667 0.4000
X 0.6667 0.3333 0.7333 0.4000
~ 0.7333 0.3333 0.8000 0.4000
I 0.8000 0.3333 0.8667 0.4000
~ 0.8667 0.3333 0.9333 0.4000
V 0.9333 0.3333 1.0000 0.4000
~ 0.0000 0.4000 0.0667 0.4667
L 0.0667 0.4000 0.1333 0.4667
A 0.1333 0.4000 0.2000 0.4667
~ 0.2000 0.4000 0.2667 0.4667
U 0.2667 0.4000 0.3333 0.4667
H 0.3333 0.4000 0.4000 0.4667
~ 0.4000 0.4000 0.4667 0.4667
R 0.4667 0.4000 0.5333 0.4667
~ 0.5333 0.4000 0.6000 0.4667
C 0.6000 0.4000 0.6667 0.4667
~ 0.6667 0.4000 0.7333 0.4667
~ 0.7333 0.4000 0.8000 0.4667
L 0.8000 0.4000 0.8667 0.4667
~ 0.8667 0.4000 0.9333 0.4667
E 0.9333 0.4000 1.0000 0.4667
R 0.0000 0.4667 0.0667 0.5333
A 0.0667 0.4667 0.1333 0.5333
V 0.1333 0.4667 0.2000 0.5333
I 0.2000 0.4667 0.2667 0.5333
N 0.2667 0.4667 0.3333 0.5333
~ 0.3333 0.4667 0.4000 0.5333
P 0.4000 0.4667 0.4667 0.5333
E 0.4667 0.4667 0.5333 0.5333
C 0.5333 0.4667 0.6000 0.5333
K 0.6000 0.4667 0.6667 0.5333
~ 0.6667 0.4667 0.7333 0.5333
~ 0.7333 0.4667 0.8000 0.5333
O 0.8000 0.4667 0.8667 0.5333
~ 0.8667 0.4667 0.9333 0.5333
~ 0.9333 0.4667 1.0000 0.5333
~ 0.0000 0.5333 0.0667 0.6000
T 0.0667 0.5333 0.1333 0.6000
O 0.1333 0.5333 0.2000 0.6000
~ 0.2000 0.5333 0.2667 0.6000
A 0.2667 0.5333 0.3333 0.6000
G 0.3333 0.5333 0.4000 0.6000
E 0.4000 0.5333 0.4667 0.6000
D 0.4667 0.5333 0.5333 0.6000
~ 0.5333 0.5333 0.6000 0.6000
O 0.6000 0.5333 0.6667 0.6000
P 0.6667 0.5333 0.7333 0.6000
~ 0.7333 0.5333 0.8000 0.6000
~ 0.8000 0.5333 0.8667 0.6000
~ 0.8667 0.5333 0.9333 0.6000
~ 0.9333 0.5333 1.0000 0.6000
~ 0.0000 0.6000 0.0667 0.6667
~ 0.0667 0.6000 0.1333 0.6667
R 0.1333 0.6000 0.2000 0.6667
~ 0.2000 0.6000 0.2667 0.6667
U 0.2667 0.6000 0.3333 0.6667
~ 0.3333 0.6000 0.4000 0.6667
~ 0.4000 0.6000 0.4667 0.6667
~ 0.4667 0.6000 0.5333 0.6667
~ 0.5333 0.6000 0.6000 0.6667
~ 0.6000 0.6000 0.6667 0.6667
R 0.6667 0.6000 0.7333 0.6667
~ 0.7333 0.6000 0.8000 0.6667
~ 0.8000 0.6000 0.8667 0.6667
~ 0.8667 0.6000 0.9333 0.6667
~ 0.9333 0.6000 1.0000 0.6667
~ 0.0000 0.6667 0.0667 0.7333
~ 0.0667 0.6667 0.1333 0.7333
E 0.1333 0.6667 0.2000 0.7333
~ 0.2000 0.6667 0.2667 0.7333
S 0.2667 0.6667 0.3333 0.7333
H 0.3333 0.6667 0.4000 0.7333
~ 0.4000 0.6667 0.4667 0.7333
~ 0.4667 0.6667 0.5333 0.7333
~ 0.5333 0.6667 0.6000 0.7333
~ 0.6000 0.6667 0.6667 0.7333
E 0.6667 0.6667 0.7333 0.7333
~ 0.7333 0.6667 0.8000 0.7333
~ 0.8000 0.6667 0.8667 0.7333
~ 0.8667 0.6667 0.9333 0.7333
I 0.9333 0.6667 1.0000 0.7333
M 0.0000 0.7333 0.0667 0.8000
I 0.0667 0.7333 0.1333 0.8000
R 0.1333 0.7333 0.2000 0.8000
Y 0.2000 0.7333 0.2667 0.8000
~ 0.2667 0.7333 0.3333 0.8000
I 0.3333 0.7333 0.4000 0.8000
~ 0.4000 0.7333 0.4667 0.8000
D 0.4667 0.7333 0.5333 0.8000
E 0.5333 0.7333 0.6000 0.8000
N 0.6000 0.7333 0.6667 0.8000
T 0.6667 0.7333 0.7333 0.8000
E 0.7333 0.7333 0.8000 0.8000
D 0.8000 0.7333 0.8667 0.8000
~ 0.8667 0.7333 0.9333 0.8000
M 0.9333 0.7333 1.0000 0.8000
U 0.0000 0.8000 0.0667 0.8667
~ 0.0667 0.8000 0.1333 0.8667
S 0.1333 0.8000 0.2000 0.8667
~ 0.2000 0.8000 0.2667 0.8667
~ 0.2667 0.8000 0.3333 0.8667
~ 0.3333 0.8000 0.4000 0.8667
~ 0.4000 0.8000 0.4667 0.8667
~ 0.4667 0.8000 0.5333 0.8667
~ 0.5333 0.8000 0.6000 0.8667
~ 0.6000 0.8000 0.6667 0.8667
E 0.6667 0.8000 0.7333 0.8667
~ 0.7333 0.8000 0.8000 0.8667
~ 0.8000 0.8000 0.8667 0.8667
~ 0.8667 0.8000 0.9333 0.8667
I 0.9333 0.8000 1.0000 0.8667
O 0.0000 0.8667 0.0667 0.9333
~ 0.0667 0.8667 0.1333 0.9333
~ 0.1333 0.8667 0.2000 0.9333
~ 0.2000 0.8667 0.2667 0.9333
~ 0.2667 0.8667 0.3333 0.9333
Z 0.3333 0.8667 0.4000 0.9333
A 0.4000 0.8667 0.4667 0.9333
~ 0.4667 0.8667 0.5333 0.9333
~ 0.5333 0.8667 0.6000 0.9333
B 0.6000 0.8667 0.6667 0.9333
E 0.6667 0.8667 0.7333 0.9333
A 0.7333 0.8667 0.8000 0.9333
N 0.8000 0.8667 0.8667 0.9333
E 0.8667 0.8667 0.9333 0.9333
D 0.9333 0.8667 1.0000 0.9333
N 0.0000 0.9333 0.0667 1.0000
~ 0.0667 0.9333 0.1333 1.0000
~ 0.1333 0.9333 0.2000 1.0000
~ 0.2000 0.9333 0.2667 1.0000
~ 0.2667 0.9333 0.3333 1.0000
~ 0.3333 0.9333 0.4000 1.0000
B 0.4000 0.9333 0.4667 1.0000
I 0.4667 0.9333 0.5333 1.0000
T 0.5333 0.9333 0.6000 1.0000
I 0.6000 0.9333 0.6667 1.0000
N 0.6667 0.9333 0.7333 1.0000
G 0.7333 0.9333 0.8000 1.0000
~ 0.8000 0.9333 0.8667 1.0000
~ 0.8667 0.9333 0.9333 1.0000
E 0.9333 0.9333 1.0000 1.0000
