~ 0.0000 0.0000 0.0667 0.0667
I 0.0667 0.0000 0.1333 0.0667
N 0.1333 0.0000 0.2000 0.0667
V 0.2000 0.0000 0.2667 0.0667
A 0.2667 0.0000 0.3333 0.0667
~ 0.3333 0.0000 0.4000 0.0667
I 0.4000 0.0000 0.4667 0.0667
V 0.4667 0.0000 0.5333 0.0667
E 0.5333 0.0000 0.6000 0.0667
~ 0.6000 0.0000 0.6667 0.0667
~ 0.6667 0.0000 0.7333 0.0667
~ 0.7333 0.0000 0.8000 0.0667
M 0.8000 0.0000 0.8667 0.0667
~ 0.8667 0.0000 0.9333 0.0667
~ 0.9333 0.0000 1.0000 0.0667
O 0.0000 0.0667 0.0667 0.1333
N 0.0667 0.0667 0.1333 0.1333
~ 0.1333 0.0667 0.2000 0.1333
~ 0.2000 0.0667 0.2667 0.1333
~ 0.2667 0.0667 0.3333 0.1333
~ 0.3333 0.0667 0.4000 0.1333
~ 0.4000 0.0667 0.4667 0.1333
E 0.4667 0.0667 0.5333 0.1333
~ 0.5333 0.0667 0.6000 0.1333
~ 0.6000 0.0667 0.6667 0.1333
~ 0.6667 0.0667 0.7333 0.1333
B 0.7333 0.0667 0.8000 0.1333
I 0.8000 0.0667 0.8667 0.1333
B 0.8667 0.0667 0.9333 0.1333
~ 0.9333 0.0667 1.0000 0.1333
U 0.0000 0.1333 0.0667 0.2000
~ 0.0667 0.1333 0.1333 0.2000
~ 0.1333 0.1333 0.2000 0.2000
~ 0.2000 0.1333 0.2667 0.2000
S 0.2667 0.1333 0.3333 0.2000
P 0.3333 0.1333 0.4000 0.2000
A 0.4000 0.1333 0.4667 0.2000
E 0.4667 0.1333 0.5333 0.2000
T 0.5333 0.1333 0.6000 0.2000
Z 0.6000 0.1333 0.6667 0.2000
L 0.6667 0.1333 0.7333 0.2000
E 0.7333 0.1333 0.8000 0.2000
S 0.8000 0.1333 0.8667 0.2000
~ 0.8667 0.1333 0.9333 0.2000
~ 0.9333 0.1333 1.0000 0.2000
R 0.0000 0.2000 0.0667 0.2667
~ 0.0667 0.2000 0.1333 0.2667
~ 0.1333 0.2000 0.2000 0.2667
T 0.2000 0.2000 0.2667 0.2667
O 0.2667 0.2000 0.3333 0.2667
~ 0.3333 0.2000 0.4000 0.2667
~ 0.4000 0.2000 0.4667 0.2667
P 0.4667 0.2000 0.5333 0.2667
~ 0.5333 0.2000 0.6000 0.2667
~ 0.6000 0.2000 0.6667 0.2667
Y 0.6667 0.2000 0.7333 0.2667
E 0.7333 0.2000 0.8000 0.2667
T 0.8000 0.2000 0.8667 0.2667
I 0.8667 0.2000 0.9333 0.2667
~ 0.9333 0.2000 1.0000 0.2667
~ 0.0000 0.2667 0.0667 0.3333
~ 0.0667 0.2667 0.1333 0.3333
~ 0.1333 0.2667 0.2000 0.3333
~ 0.2000 0.2667 0.2667 0.3333
R 0.2667 0.2667 0.3333 0.3333
~ 0.3333 0.2667 0.4000 0.3333
~ 0.4000 0.2667 0.4667 0.3333
~ 0.4667 0.2667 0.5333 0.3333
~ 0.5333 0.2667 0.6000 0.3333
~ 0.6000 0.2667 0.6667 0.3333
R 0.6667 0.2667 0.7333 0.3333
~ 0.7333 0.2667 0.8000 0.3333
~ 0.8000 0.2667 0.8667 0.3333
~ 0.8667 0.2667 0.9333 0.3333
~ 0.9333 0.2667 1.0000 0.3333
~ 0.0000 0.3333 0.0667 0.4000
~ 0.0667 0.3333 0.1333 0.4000
L 0.1333 0.3333 0.2000 0.4000
U 0.2000 0.3333 0.2667 0.4000
R 0.2667 0.3333 0.3333 0.4000
K 0.3333 0.3333 0.4000 0.4000
~ 0.4000 0.3333 0.4667 0.4000
~ 0.4667 0.3333 0.5333 0.4000
~ 0.5333 0.3333 0.6000 0.4000
Q 0.6000 0.3333 0.6667 0.4000
I 0.6667 0.3333 0.7333 0.4000
~ 0.7333 0.3333 0.8000 0.4000
~ 0.8000 0.3333 0.8667 0.4000
J 0.8667 0.3333 0.9333 0.4000
~ 0.9333 0.3333 1.0000 0.4000
~ 0.0000 0.4000 0.0667 0.4667
~ 0.0667 0.4000 0.1333 0.4667
~ 0.1333 0.4000 0.2000 0.4667
~ 0.2000 0.4000 0.2667 0.4667
O 0.2667 0.4000 0.3333 0.4667
~ 0.3333 0.4000 0.4000 0.4667
~ 0.4000 0.4000 0.4667 0.4667
~ 0.4667 0.4000 0.5333 0.4667
~ 0.5333 0.4000 0.6000 0.4667
U 0.6000 0.4000 0.6667 0.4667
~ 0.6667 0.4000 0.7333 0.4667
~ 0.7333 0.4000 0.8000 0.4667
~ 0.8000 0.4000 0.8667 0.4667
O 0.8667 0.4000 0.9333 0.4667
~ 0.9333 0.4000 1.0000 0.4667
~ 0.0000 0.4667 0.0667 0.5333
~ 0.0667 0.4667 0.1333 0.5333
~ 0.1333 0.4667 0.2000 0.5333
~ 0.2000 0.4667 0.2667 0.5333
W 0.2667 0.4667 0.3333 0.5333
~ 0.3333 0.4667 0.4000 0.5333
~ 0.4000 0.4667 0.4667 0.5333
O 0.4667 0.4667 0.5333 0.5333
R 0.5333 0.4667 0.6000 0.5333
E 0.6000 0.4667 0.6667 0.5333
~ 0.6667 0.4667 0.7333 0.5333
~ 0.7333 0.4667 0.8000 0.5333
F 0.8000 0.4667 0.8667 0.5333
E 0.8667 0.4667 0.9333 0.5333
W 0.9333 0.4667 1.0000 0.5333
~ 0.0000 0.5333 0.0667 0.6000
~ 0.0667 0.5333 0.1333 0.6000
~ 0.1333 0.5333 0.2000 0.6000
~ 0.2000 0.5333 0.2667 0.6000
~ 0.2667 0.5333 0.3333 0.6000
~ 0.3333 0.5333 0.4000 0.6000
~ 0.4000 0.5333 0.4667 0.6000
~ 0.4667 0.5333 0.5333 0.6000
~ 0.5333 0.5333 0.6000 0.6000
E 0.6000 0.5333 0.6667 0.6000
~ 0.6667 0.5333 0.7333 0.6000
Y 0.7333 0.5333 0.8000 0.6000
A 0.8000 0.5333 0.8667 0.6000
~ 0.8667 0.5333 0.9333 0.6000
A 0.9333 0.5333 1.0000 0.6000
~ 0.0000 0.6000 0.0667 0.6667
~ 0.0667 0.6000 0.1333 0.6667
~ 0.1333 0.6000 0.2000 0.6667
A 0.2000 0.6000 0.2667 0.6667
N 0.2667 0.6000 0.3333 0.6667
O 0.3333 0.6000 0.4000 0.6667
A 0.4000 0.6000 0.4667 0.6667
~ 0.4667 0.6000 0.5333 0.6667
~ 0.5333 0.6000 0.6000 0.6667
N 0.6000 0.6000 0.6667 0.6667
~ 0.6667 0.6000 0.7333 0.6667
E 0.7333 0.6000 0.8000 0.6667
X 0.8000 0.6000 0.8667 0.6667
~ 0.8667 0.6000 0.9333 0.6667
M 0.9333 0.6000 1.0000 0.6667
~ 0.0000 0.6667 0.0667 0.7333
~ 0.0667 0.6667 0.1333 0.7333
~ 0.1333 0.6667 0.2000 0.7333
~ 0.2000 0.6667 0.2667 0.7333
~ 0.2667 0.6667 0.3333 0.7333
H 0.3333 0.6667 0.4000 0.7333
A 0.4000 0.6667 0.4667 0.7333
N 0.4667 0.6667 0.5333 0.7333
D 0.5333 0.6667 0.6000 0.7333
~ 0.6000 0.6667 0.6667 0.7333
E 0.6667 0.6667 0.7333 0.7333
T 0.7333 0.6667 0.8000 0.7333
~ 0.8000 0.6667 0.8667 0.7333
~ 0.8667 0.6667 0.9333 0.7333
U 0.9333 0.6667 1.0000 0.7333
~ 0.0000 0.7333 0.0667 0.8000
~ 0.0667 0.7333 0.1333 0.8000
A 0.1333 0.7333 0.2000 0.8000
G 0.2000 0.7333 0.2667 0.8000
I 0.2667 0.7333 0.3333 0.8000
O 0.3333 0.7333 0.4000 0.8000
~ 0.4000 0.7333 0.4667 0.8000
A 0.4667 0.7333 0.5333 0.8000
~ 0.5333 0.7333 0.6000 0.8000
~ 0.6000 0.7333 0.6667 0.8000
F 0.6667 0.7333 0.7333 0.8000
I 0.7333 0.7333 0.8000 0.8000
N 0.8000 0.7333 0.8667 0.8000
D 0.8667 0.7333 0.9333 0.8000
S 0.9333 0.7333 1.0000 0.8000
~ 0.0000 0.8000 0.0667 0.8667
~ 0.0667 0.8000 0.1333 0.8667
T 0.1333 0.8000 0.2000 0.8667
O 0.2000 0.8000 0.2667 0.8667
T 0.2667 0.8000 0.3333 0.8667
~ 0.3333 0.8000 0.4000 0.8667
~ 0.4000 0.8000 0.4667 0.8667
R 0.4667 0.8000 0.5333 0.8667
~ 0.5333 0.8000 0.6000 0.8667
~ 0.6000 0.8000 0.6667 0.8667
~ 0.6667 0.8000 0.7333 0.8667
~ 0.7333 0.8000 0.8000 0.8667
~ 0.8000 0.8000 0.8667 0.8667
~ 0.8667 0.8000 0.9333 0.8667
~ 0.9333 0.8000 1.0000 0.8667
~ 0.0000 0.8667 0.0667 0.9333
~ 0.0667 0.8667 0.1333 0.9333
~ 0.1333 0.8667 0.2000 0.9333
~ 0.2000 0.8667 0.2667 0.9333
~ 0.2667 0.8667 0.3333 0.9333
~ 0.3333 0.8667 0.4000 0.9333
L 0.4000 0.8667 0.4667 0.9333
I 0.4667 0.8667 0.5333 0.9333
D 0.5333 0.8667 0.6000 0.9333
S 0.6000 0.8667 0.6667 0.9333
~ 0.6667 0.8667 0.7333 0.9333
~ 0.7333 0.8667 0.8000 0.9333
~ 0.8000 0.8667 0.8667 0.9333
~ 0.8667 0.8667 0.9333 0.9333
~ 0.9333 0.8667 1.0000 0.9333
~ 0.0000 0.9333 0.0667 1.0000
~ 0.0667 0.9333 0.1333 1.0000
~ 0.1333 0.9333 0.2000 1.0000
~ 0.2000 0.9333 0.2667 1.0000
~ 0.2667 0.9333 0.3333 1.0000
~ 0.3333 0.9333 0.4000 1.0000
~ 0.4000 0.9333 0.4667 1.0000
C 0.4667 0.9333 0.5333 1.0000
~ 0.5333 0.9333 0.6000 1.0000
H 0.6000 0.9333 0.6667 1.0000
E 0.6667 0.9333 0.7333 1.0000
D 0.7333 0.9333 0.8000 1.0000
G 0.8000 0.9333 0.8667 1.0000
E 0.8667 0.9333 0.9333 1.0000
~ 0.9333 0.9333 1.0000 1.0000
