~ 0.0000 0.0000 0.0667 0.0667
~ 0.0667 0.0000 0.1333 0.0667
O 0.1333 0.0000 0.2000 0.0667
H 0.2000 0.0000 0.2667 0.0667
~ 0.2667 0.0000 0.3333 0.0667
~ 0.3333 0.0000 0.4000 0.0667
~ 0.4000 0.0000 0.4667 0.0667
M 0.4667 0.0000 0.5333 0.0667
E 0.5333 0.0000 0.6000 0.0667
N 0.6000 0.0000 0.6667 0.0667
A 0.6667 0.0000 0.7333 0.0667
C 0.7333 0.0000 0.8000 0.0667
E 0.8000 0.0000 0.8667 0.0667
~ 0.8667 0.0000 0.9333 0.0667
~ 0.9333 0.0000 1.0000 0.0667
~ 0.0000 0.0667 0.0667 0.1333
~ 0.0667 0.0667 0.1333 0.1333
Y 0.1333 0.0667 0.2000 0.1333
O 0.2000 0.0667 0.2667 0.1333
~ 0.2667 0.0667 0.3333 0.1333
~ 0.3333 0.0667 0.4000 0.1333
T 0.4000 0.0667 0.4667 0.1333
I 0.4667 0.0667 0.5333 0.1333
T 0.5333 0.0667 0.6000 0.1333
~ 0.6000 0.0667 0.6667 0.1333
E 0.6667 0.0667 0.7333 0.1333
~ 0.7333 0.0667 0.8000 0.1333
~ 0.8000 0.0667 0.8667 0.1333
C 0.8667 0.0667 0.9333 0.1333
~ 0.9333 0.0667 1.0000 0.1333
~ 0.0000 0.1333 0.0667 0.2000
D 0.0667 0.1333 0.1333 0.2000
E 0.1333 0.1333 0.2000 0.2000
M 0.2000 0.1333 0.2667 0.2000
O 0.2667 0.1333 0.3333 0.2000
~ 0.3333 0.1333 0.4000 0.2000
~ 0.4000 0.1333 0.4667 0.2000
~ 0.4667 0.1333 0.5333 0.2000
~ 0.5333 0.1333 0.6000 0.2000
~ 0.6000 0.1333 0.6667 0.2000
N 0.6667 0.1333 0.7333 0.2000
~ 0.7333 0.1333 0.8000 0.2000
J 0.8000 0.1333 0.8667 0.2000
A 0.8667 0.1333 0.9333 0.2000
~ 0.9333 0.1333 1.0000 0.2000
X 0.0000 0.2000 0.0667 0.2667
I 0.0667 0.2000 0.1333 0.2667
~ 0.1333 0.2000 0.2000 0.2667
A 0.2000 0.2000 0.2667 0.2667
T 0.2667 0.2000 0.3333 0.2667
~ 0.3333 0.2000 0.4000 0.2667
~ 0.4000 0.2000 0.4667 0.2667
~ 0.4667 0.2000 0.5333 0.2667
~ 0.5333 0.2000 0.6000 0.2667
~ 0.6000 0.2000 0.6667 0.2667
E 0.6667 0.2000 0.7333 0.2667
F 0.7333 0.2000 0.8000 0.2667
~ 0.8000 0.2000 0.8667 0.2667
T 0.8667 0.2000 0.9333 0.2667
~ 0.9333 0.2000 1.0000 0.2667
U 0.0000 0.2667 0.0667 0.3333
N 0.0667 0.2667 0.1333 0.3333
~ 0.1333 0.2667 0.2000 0.3333
~ 0.2000 0.2667 0.2667 0.3333
F 0.2667 0.2667 0.3333 0.3333
~ 0.3333 0.2667 0.4000 0.3333
~ 0.4000 0.2667 0.4667 0.3333
~ 0.4667 0.2667 0.5333 0.3333
~ 0.5333 0.2667 0.6000 0.3333
~ 0.6000 0.2667 0.6667 0.3333
O 0.6667 0.2667 0.7333 0.3333
U 0.7333 0.2667 0.8000 0.3333
~ 0.8000 0.2667 0.8667 0.3333
T 0.8667 0.2667 0.9333 0.3333
~ 0.9333 0.2667 1.0000 0.3333
~ 0.0000 0.3333 0.0667 0.4000
K 0.0667 0.3333 0.1333 0.4000
~ 0.1333 0.3333 0.2000 0.4000
~ 0.2000 0.3333 0.2667 0.4000
L 0.2667 0.3333 0.3333 0.4000
~ 0.3333 0.3333 0.4000 0.4000
~ 0.4000 0.3333 0.4667 0.4000
~ 0.4667 0.3333 0.5333 0.4000
~ 0.5333 0.3333 0.6000 0.4000
~ 0.6000 0.3333 0.6667 0.4000
U 0.6667 0.3333 0.7333 0.4000
N 0.7333 0.3333 0.8000 0.4000
~ 0.8000 0.3333 0.8667 0.4000
E 0.8667 0.3333 0.9333 0.4000
S 0.9333 0.3333 1.0000 0.4000
~ 0.0000 0.4000 0.0667 0.4667
~ 0.0667 0.4000 0.1333 0.4667
~ 0.1333 0.4000 0.2000 0.4667
~ 0.2000 0.4000 0.2667 0.4667
I 0.2667 0.4000 0.3333 0.4667
~ 0.3333 0.4000 0.4000 0.4667
~ 0.4000 0.4000 0.4667 0.4667
W 0.4667 0.4000 0.5333 0.4667
O 0.5333 0.4000 0.6000 0.4667
P 0.6000 0.4000 0.6667 0.4667
S 0.6667 0.4000 0.7333 0.4667
~ 0.7333 0.4000 0.8000 0.4667
~ 0.8000 0.4000 0.8667 0.4667
R 0.8667 0.4000 0.9333 0.4667
E 0.9333 0.4000 1.0000 0.4667
~ 0.0000 0.4667 0.0667 0.5333
~ 0.0667 0.4667 0.1333 0.5333
~ 0.1333 0.4667 0.2000 0.5333
V 0.2000 0.4667 0.2667 0.5333
E 0.2667 0.4667 0.3333 0.5333
I 0.3333 0.4667 0.4000 0.5333
L 0.4000 0.4667 0.4667 0.5333
E 0.4667 0.4667 0.5333 0.5333
D 0.5333 0.4667 0.6000 0.5333
~ 0.6000 0.4667 0.6667 0.5333
~ 0.6667 0.4667 0.7333 0.5333
~ 0.7333 0.4667 0.8000 0.5333
~ 0.8000 0.4667 0.8667 0.5333
~ 0.8667 0.4667 0.9333 0.5333
E 0.9333 0.4667 1.0000 0.5333
~ 0.0000 0.5333 0.0667 0.6000
~ 0.0667 0.5333 0.1333 0.6000
Q 0.1333 0.5333 0.2000 0.6000
I 0.2000 0.5333 0.2667 0.6000
S 0.2667 0.5333 0.3333 0.6000
~ 0.3333 0.5333 0.4000 0.6000
~ 0.4000 0.5333 0.4667 0.6000
B 0.4667 0.5333 0.5333 0.6000
E 0.5333 0.5333 0.6000 0.6000
~ 0.6000 0.5333 0.6667 0.6000
W 0.6667 0.5333 0.7333 0.6000
~ 0.7333 0.5333 0.8000 0.6000
~ 0.8000 0.5333 0.8667 0.6000
~ 0.8667 0.5333 0.9333 0.6000
L 0.9333 0.5333 1.0000 0.6000
~ 0.0000 0.6000 0.0667 0.6667
~ 0.0667 0.6000 0.1333 0.6667
I 0.1333 0.6000 0.2000 0.6667
O 0.2000 0.6000 0.2667 0.6667
~ 0.2667 0.6000 0.3333 0.6667
~ 0.3333 0.6000 0.4000 0.6667
~ 0.4000 0.6000 0.4667 0.6667
~ 0.4667 0.6000 0.5333 0.6667
~ 0.5333 0.6000 0.6000 0.6667
~ 0.6000 0.6000 0.6667 0.6667
O 0.6667 0.6000 0.7333 0.6667
~ 0.7333 0.6000 0.8000 0.6667
~ 0.8000 0.6000 0.8667 0.6667
H 0.8667 0.6000 0.9333 0.6667
I 0.9333 0.6000 1.0000 0.6667
~ 0.0000 0.6667 0.0667 0.7333
~ 0.0667 0.6667 0.1333 0.7333
~ 0.1333 0.6667 0.2000 0.7333
L 0.2000 0.6667 0.2667 0.7333
~ 0.2667 0.6667 0.3333 0.7333
~ 0.3333 0.6667 0.4000 0.7333
~ 0.4000 0.6667 0.4667 0.7333
G 0.4667 0.6667 0.5333 0.7333
~ 0.5333 0.6667 0.6000 0.7333
~ 0.6000 0.6667 0.6667 0.7333
R 0.6667 0.6667 0.7333 0.7333
~ 0.7333 0.6667 0.8000 0.7333
D 0.8000 0.6667 0.8667 0.7333
O 0.8667 0.6667 0.9333 0.7333
N 0.9333 0.6667 1.0000 0.7333
~ 0.0000 0.7333 0.0667 0.8000
~ 0.0667 0.7333 0.1333 0.8000
P 0.1333 0.7333 0.2000 0.8000
A 0.2000 0.7333 0.2667 0.8000
G 0.2667 0.7333 0.3333 0.8000
I 0.3333 0.7333 0.4000 0.8000
N 0.4000 0.7333 0.4667 0.8000
A 0.4667 0.7333 0.5333 0.8000
T 0.5333 0.7333 0.6000 0.8000
E 0.6000 0.7333 0.6667 0.8000
D 0.6667 0.7333 0.7333 0.8000
~ 0.7333 0.7333 0.8000 0.8000
R 0.8000 0.7333 0.8667 0.8000
A 0.8667 0.7333 0.9333 0.8000
G 0.9333 0.7333 1.0000 0.8000
U 0.0000 0.8000 0.0667 0.8667
V 0.0667 0.8000 0.1333 0.8667
A 0.1333 0.8000 0.2000 0.8667
S 0.2000 0.8000 0.2667 0.8667
~ 0.2667 0.8000 0.3333 0.8667
~ 0.3333 0.8000 0.4000 0.8667
~ 0.4000 0.8000 0.4667 0.8667
Z 0.4667 0.8000 0.5333 0.8667
~ 0.5333 0.8000 0.6000 0.8667
~ 0.6000 0.8000 0.6667 0.8667
~ 0.6667 0.8000 0.7333 0.8667
~ 0.7333 0.8000 0.8000 0.8667
A 0.8000 0.8000 0.8667 0.8667
R 0.8667 0.8000 0.9333 0.8667
~ 0.9333 0.8000 1.0000 0.8667
~ 0.0000 0.8667 0.0667 0.9333
~ 0.0667 0.8667 0.1333 0.9333
~ 0.1333 0.8667 0.2000 0.9333
~ 0.2000 0.8667 0.2667 0.9333
~ 0.2667 0.8667 0.3333 0.9333
~ 0.3333 0.8667 0.4000 0.9333
~ 0.4000 0.8667 0.4667 0.9333
A 0.4667 0.8667 0.5333 0.9333
~ 0.5333 0.8667 0.6000 0.9333
~ 0.6000 0.8667 0.6667 0.9333
~ 0.6667 0.8667 0.7333 0.9333
~ 0.7333 0.8667 0.8000 0.9333
B 0.8000 0.8667 0.8667 0.9333
Y 0.8667 0.8667 0.9333 0.9333
~ 0.9333 0.8667 1.0000 0.9333
~ 0.0000 0.9333 0.0667 1.0000
~ 0.0667 0.9333 0.1333 1.0000
~ 0.1333 0.9333 0.2000 1.0000
~ 0.2000 0.9333 0.2667 1.0000
~ 0.2667 0.9333 0.3333 1.0000
~ 0.3333 0.9333 0.4000 1.0000
~ 0.4000 0.9333 0.4667 1.0000
R 0.4667 0.9333 0.5333 1.0000
~ 0.5333 0.9333 0.6000 1.0000
~ 0.6000 0.9333 0.6667 1.0000
~ 0.6667 0.9333 0.7333 1.0000
~ 0.7333 0.9333 0.8000 1.0000
~ 0.8000 0.9333 0.8667 1.0000
~ 0.8667 0.9333 0.9333 1.0000
~ 0.9333 0.9333 1.0000 1.0000
