I 0.0000 0.0000 0.0667 0.0667
~ 0.0667 0.0000 0.1333 0.0667
~ 0.1333 0.0000 0.2000 0.0667
~ 0.2000 0.0000 0.2667 0.0667
~ 0.2667 0.0000 0.3333 0.0667
~ 0.3333 0.0000 0.4000 0.0667
~ 0.4000 0.0000 0.4667 0.0667
T 0.4667 0.0000 0.5333 0.0667
~ 0.5333 0.0000 0.6000 0.0667
~ 0.6000 0.0000 0.6667 0.0667
~ 0.6667 0.0000 0.7333 0.0667
~ 0.7333 0.0000 0.8000 0.0667
~ 0.8000 0.0000 0.8667 0.0667
~ 0.8667 0.0000 0.9333 0.0667
~ 0.9333 0.0000 1.0000 0.0667
G 0.0000 0.0667 0.0667 0.1333
R 0.0667 0.0667 0.1333 0.1333
I 0.1333 0.0667 0.2000 0.1333
M 0.2000 0.0667 0.2667 0.1333
~ 0.2667 0.0667 0.3333 0.1333
~ 0.3333 0.0667 0.4000 0.1333
Q 0.4000 0.0667 0.4667 0.1333
U 0.4667 0.0667 0.5333 0.1333
O 0.5333 0.0667 0.6000 0.1333
D 0.6000 0.0667 0.6667 0.1333
~ 0.6667 0.0667 0.7333 0.1333
V 0.7333 0.0667 0.8000 0.1333
~ 0.8000 0.0667 0.8667 0.1333
~ 0.8667 0.0667 0.9333 0.1333
~ 0.9333 0.0667 1.0000 0.1333
G 0.0000 0.1333 0.0667 0.2000
~ 0.0667 0.1333 0.1333 0.2000
~ 0.1333 0.1333 0.2000 0.2000
E 0.2000 0.1333 0.2667 0.2000
L 0.2667 0.1333 0.3333 0.2000
O 0.3333 0.1333 0.4000 0.2000
I 0.4000 0.1333 0.4667 0.2000
N 0.4667 0.1333 0.5333 0.2000
~ 0.5333 0.1333 0.6000 0.2000
I 0.6000 0.1333 0.6667 0.2000
~ 0.6667 0.1333 0.7333 0.2000
A 0.7333 0.1333 0.8000 0.2000
B 0.8000 0.1333 0.8667 0.2000
~ 0.8667 0.1333 0.9333 0.2000
~ 0.9333 0.1333 1.0000 0.2000
~ 0.0000 0.2000 0.0667 0.2667
~ 0.0667 0.2000 0.1333 0.2667
~ 0.1333 0.2000 0.2000 0.2667
~ 0.2000 0.2000 0.2667 0.2667
~ 0.2667 0.2000 0.3333 0.2667
~ 0.3333 0.2000 0.4000 0.2667
~ 0.4000 0.2000 0.4667 0.2667
A 0.4667 0.2000 0.5333 0.2667
~ 0.5333 0.2000 0.6000 0.2667
N 0.6000 0.2000 0.6667 0.2667
O 0.6667 0.2000 0.7333 0.2667
R 0.7333 0.2000 0.8000 0.2667
I 0.8000 0.2000 0.8667 0.2667
~ 0.8667 0.2000 0.9333 0.2667
~ 0.9333 0.2000 1.0000 0.2667
~ 0.0000 0.2667 0.0667 0.3333
~ 0.0667 0.2667 0.1333 0.3333
J 0.1333 0.2667 0.2000 0.3333
I 0.2000 0.2667 0.2667 0.3333
H 0.2667 0.2667 0.3333 0.3333
A 0.3333 0.2667 0.4000 0.3333
D 0.4000 0.2667 0.4667 0.3333
S 0.4667 0.2667 0.5333 0.3333
~ 0.5333 0.2667 0.6000 0.3333
E 0.6000 0.2667 0.6667 0.3333
F 0.6667 0.2667 0.7333 0.3333
~ 0.7333 0.2667 0.8000 0.3333
E 0.8000 0.2667 0.8667 0.3333
~ 0.8667 0.2667 0.9333 0.3333
~ 0.9333 0.2667 1.0000 0.3333
~ 0.0000 0.3333 0.0667 0.4000
~ 0.0667 0.3333 0.1333 0.4000
~ 0.1333 0.3333 0.2000 0.4000
N 0.2000 0.3333 0.2667 0.4000
A 0.2667 0.3333 0.3333 0.4000
W 0.3333 0.3333 0.4000 0.4000
~ 0.4000 0.3333 0.4667 0.4000
~ 0.4667 0.3333 0.5333 0.4000
~ 0.5333 0.3333 0.6000 0.4000
R 0.6000 0.3333 0.6667 0.4000
~ 0.6667 0.3333 0.7333 0.4000
A 0.7333 0.3333 0.8000 0.4000
R 0.8000 0.3333 0.8667 0.4000
C 0.8667 0.3333 0.9333 0.4000
~ 0.9333 0.3333 1.0000 0.4000
~ 0.0000 0.4000 0.0667 0.4667
~ 0.0667 0.4000 0.1333 0.4667
~ 0.1333 0.4000 0.2000 0.4667
~ 0.2000 0.4000 0.2667 0.4667
~ 0.2667 0.4000 0.3333 0.4667
~ 0.3333 0.4000 0.4000 0.4667
~ 0.4000 0.4000 0.4667 0.4667
G 0.4667 0.4000 0.5333 0.4667
~ 0.5333 0.4000 0.6000 0.4667
O 0.6000 0.4000 0.6667 0.4667
~ 0.6667 0.4000 0.7333 0.4667
B 0.7333 0.4000 0.8000 0.4667
~ 0.8000 0.4000 0.8667 0.4667
H 0.8667 0.4000 0.9333 0.4667
I 0.9333 0.4000 1.0000 0.4667
~ 0.0000 0.4667 0.0667 0.5333
~ 0.0667 0.4667 0.1333 0.5333
~ 0.1333 0.4667 0.2000 0.5333
~ 0.2000 0.4667 0.2667 0.5333
~ 0.2667 0.4667 0.3333 0.5333
~ 0.3333 0.4667 0.4000 0.5333
Z 0.4000 0.4667 0.4667 0.5333
A 0.4667 0.4667 0.5333 0.5333
P 0.5333 0.4667 0.6000 0.5333
S 0.6000 0.4667 0.6667 0.5333
~ 0.6667 0.4667 0.7333 0.5333
L 0.7333 0.4667 0.8000 0.5333
~ 0.8000 0.4667 0.8667 0.5333
A 0.8667 0.4667 0.9333 0.5333
D 0.9333 0.4667 1.0000 0.5333
~ 0.0000 0.5333 0.0667 0.6000
~ 0.0667 0.5333 0.1333 0.6000
~ 0.1333 0.5333 0.2000 0.6000
~ 0.2000 0.5333 0.2667 0.6000
~ 0.2667 0.5333 0.3333 0.6000
~ 0.3333 0.5333 0.4000 0.6000
~ 0.4000 0.5333 0.4667 0.6000
E 0.4667 0.5333 0.5333 0.6000
~ 0.5333 0.5333 0.6000 0.6000
~ 0.6000 0.5333 0.6667 0.6000
~ 0.6667 0.5333 0.7333 0.6000
E 0.7333 0.5333 0.8000 0.6000
~ 0.8000 0.5333 0.8667 0.6000
N 0.8667 0.5333 0.9333 0.6000
~ 0.9333 0.5333 1.0000 0.6000
~ 0.0000 0.6000 0.0667 0.6667
C 0.0667 0.6000 0.1333 0.6667
R 0.1333 0.6000 0.2000 0.6667
E 0.2000 0.6000 0.2667 0.6667
A 0.2667 0.6000 0.3333 0.6667
T 0.3333 0.6000 0.4000 0.6667
E 0.4000 0.6000 0.4667 0.6667
~ 0.4667 0.6000 0.5333 0.6667
~ 0.5333 0.6000 0.6000 0.6667
~ 0.6000 0.6000 0.6667 0.6667
X 0.6667 0.6000 0.7333 0.6667
I 0.7333 0.6000 0.8000 0.6667
~ 0.8000 0.6000 0.8667 0.6667
T 0.8667 0.6000 0.9333 0.6667
~ 0.9333 0.6000 1.0000 0.6667
~ 0.0000 0.6667 0.0667 0.7333
~ 0.0667 0.6667 0.1333 0.7333
~ 0.1333 0.6667 0.2000 0.7333
~ 0.2000 0.6667 0.2667 0.7333
Y 0.2667 0.6667 0.3333 0.7333
O 0.3333 0.6667 0.4000 0.7333
~ 0.4000 0.6667 0.4667 0.7333
~ 0.4667 0.6667 0.5333 0.7333
~ 0.5333 0.6667 0.6000 0.7333
~ 0.6000 0.6667 0.6667 0.7333
I 0.6667 0.6667 0.7333 0.7333
S 0.7333 0.6667 0.8000 0.7333
~ 0.8000 0.6667 0.8667 0.7333
E 0.8667 0.6667 0.9333 0.7333
~ 0.9333 0.6667 1.0000 0.7333
~ 0.0000 0.7333 0.0667 0.8000
M 0.0667 0.7333 0.1333 0.8000
O 0.1333 0.7333 0.2000 0.8000
U 0.2000 0.7333 0.2667 0.8000
E 0.2667 0.7333 0.3333 0.8000
~ 0.3333 0.7333 0.4000 0.8000
~ 0.4000 0.7333 0.4667 0.8000
~ 0.4667 0.7333 0.5333 0.8000
~ 0.5333 0.7333 0.6000 0.8000
~ 0.6000 0.7333 0.6667 0.8000
~ 0.6667 0.7333 0.7333 0.8000
T 0.7333 0.7333 0.8000 0.8000
~ 0.8000 0.7333 0.8667 0.8000
~ 0.8667 0.7333 0.9333 0.8000
E 0.9333 0.7333 1.0000 0.8000
D 0.0000 0.8000 0.0667 0.8667
E 0.0667 0.8000 0.1333 0.8667
Y 0.1333 0.8000 0.2000 0.8667
~ 0.2000 0.8000 0.2667 0.8667
~ 0.2667 0.8000 0.3333 0.8667
~ 0.3333 0.8000 0.4000 0.8667
~ 0.4000 0.8000 0.4667 0.8667
~ 0.4667 0.8000 0.5333 0.8667
~ 0.5333 0.8000 0.6000 0.8667
~ 0.6000 0.8000 0.6667 0.8667
~ 0.6667 0.8000 0.7333 0.8667
~ 0.7333 0.8000 0.8000 0.8667
~ 0.8000 0.8000 0.8667 0.8667
~ 0.8667 0.8000 0.9333 0.8667
L 0.9333 0.8000 1.0000 0.8667
O 0.0000 0.8667 0.0667 0.9333
W 0.0667 0.8667 0.1333 0.9333
~ 0.1333 0.8667 0.2000 0.9333
~ 0.2000 0.8667 0.2667 0.9333
~ 0.2667 0.8667 0.3333 0.9333
~ 0.3333 0.8667 0.4000 0.9333
~ 0.4000 0.8667 0.4667 0.9333
~ 0.4667 0.8667 0.5333 0.9333
~ 0.5333 0.8667 0.6000 0.9333
~ 0.6000 0.8667 0.6667 0.9333
~ 0.6667 0.8667 0.7333 0.9333
F 0.7333 0.8667 0.8000 0.9333
U 0.8000 0.8667 0.8667 0.9333
N 0.8667 0.8667 0.9333 0.9333
K 0.9333 0.8667 1.0000 0.9333
~ 0.0000 0.9333 0.0667 1.0000
L 0.0667 0.9333 0.1333 1.0000
A 0.1333 0.9333 0.2000 1.0000
P 0.2000 0.9333 0.2667 1.0000
~ 0.2667 0.9333 0.3333 1.0000
~ 0.3333 0.9333 0.4000 1.0000
~ 0.4000 0.9333 0.4667 1.0000
R 0.4667 0.9333 0.5333 1.0000
O 0.5333 0.9333 0.6000 1.0000
U 0.6000 0.9333 0.6667 1.0000
T 0.6667 0.9333 0.7333 1.0000
E 0.7333 0.9333 0.8000 1.0000
~ 0.8000 0.9333 0.8667 1.0000
~ 0.8667 0.9333 0.9333 1.0000
S 0.9333 0.9333 1.0000 1.0000
