F 0.0000 0.0000 0.0667 0.0667
E 0.0667 0.0000 0.1333 0.0667
C 0.1333 0.0000 0.2000 0.0667
E 0.2000 0.0000 0.2667 0.0667
S 0.2667 0.0000 0.3333 0.0667
~ 0.3333 0.0000 0.4000 0.0667
P 0.4000 0.0000 0.4667 0.0667
I 0.4667 0.0000 0.5333 0.0667
M 0.5333 0.0000 0.6000 0.0667
A 0.6000 0.0000 0.6667 0.0667
~ 0.6667 0.0000 0.7333 0.0667
~ 0.7333 0.0000 0.8000 0.0667
~ 0.8000 0.0000 0.8667 0.0667
~ 0.8667 0.0000 0.9333 0.0667
R 0.9333 0.0000 1.0000 0.0667
~ 0.0000 0.0667 0.0667 0.1333
~ 0.0667 0.0667 0.1333 0.1333
~ 0.1333 0.0667 0.2000 0.1333
~ 0.2000 0.0667 0.2667 0.1333
E 0.2667 0.0667 0.3333 0.1333
W 0.3333 0.0667 0.4000 0.1333
E 0.4000 0.0667 0.4667 0.1333
~ 0.4667 0.0667 0.5333 0.1333
~ 0.5333 0.0667 0.6000 0.1333
G 0.6000 0.0667 0.6667 0.1333
O 0.6667 0.0667 0.7333 0.1333
A 0.7333 0.0667 0.8000 0.1333
L 0.8000 0.0667 0.8667 0.1333
I 0.8667 0.0667 0.9333 0.1333
E 0.9333 0.0667 1.0000 0.1333
~ 0.0000 0.1333 0.0667 0.2000
~ 0.0667 0.1333 0.1333 0.2000
H 0.1333 0.1333 0.2000 0.2000
E 0.2000 0.1333 0.2667 0.2000
X 0.2667 0.1333 0.3333 0.2000
~ 0.3333 0.1333 0.4000 0.2000
~ 0.4000 0.1333 0.4667 0.2000
~ 0.4667 0.1333 0.5333 0.2000
~ 0.5333 0.1333 0.6000 0.2000
~ 0.6000 0.1333 0.6667 0.2000
V 0.6667 0.1333 0.7333 0.2000
~ 0.7333 0.1333 0.8000 0.2000
U 0.8000 0.1333 0.8667 0.2000
~ 0.8667 0.1333 0.9333 0.2000
N 0.9333 0.1333 1.0000 0.2000
~ 0.0000 0.2000 0.0667 0.2667
R 0.0667 0.2000 0.1333 0.2667
O 0.1333 0.2000 0.2000 0.2667
S 0.2000 0.2000 0.2667 0.2667
Y 0.2667 0.2000 0.3333 0.2667
~ 0.3333 0.2000 0.4000 0.2667
~ 0.4000 0.2000 0.4667 0.2667
~ 0.4667 0.2000 0.5333 0.2667
~ 0.5333 0.2000 0.6000 0.2667
~ 0.6000 0.2000 0.6667 0.2667
O 0.6667 0.2000 0.7333 0.2667
U 0.7333 0.2000 0.8000 0.2667
T 0.8000 0.2000 0.8667 0.2667
~ 0.8667 0.2000 0.9333 0.2667
D 0.9333 0.2000 1.0000 0.2667
~ 0.0000 0.2667 0.0667 0.3333
~ 0.0667 0.2667 0.1333 0.3333
~ 0.1333 0.2667 0.2000 0.3333
~ 0.2000 0.2667 0.2667 0.3333
~ 0.2667 0.2667 0.3333 0.3333
~ 0.3333 0.2667 0.4000 0.3333
~ 0.4000 0.2667 0.4667 0.3333
~ 0.4667 0.2667 0.5333 0.3333
~ 0.5333 0.2667 0.6000 0.3333
~ 0.6000 0.2667 0.6667 0.3333
I 0.6667 0.2667 0.7333 0.3333
~ 0.7333 0.2667 0.8000 0.3333
E 0.8000 0.2667 0.8667 0.3333
~ 0.8667 0.2667 0.9333 0.3333
~ 0.9333 0.2667 1.0000 0.3333
~ 0.0000 0.3333 0.0667 0.4000
~ 0.0667 0.3333 0.1333 0.4000
~ 0.1333 0.3333 0.2000 0.4000
~ 0.2000 0.3333 0.2667 0.4000
~ 0.2667 0.3333 0.3333 0.4000
~ 0.3333 0.3333 0.4000 0.4000
~ 0.4000 0.3333 0.4667 0.4000
~ 0.4667 0.3333 0.5333 0.4000
~ 0.5333 0.3333 0.6000 0.4000
~ 0.6000 0.3333 0.6667 0.4000
D 0.6667 0.3333 0.7333 0.4000
~ 0.7333 0.3333 0.8000 0.4000
~ 0.8000 0.3333 0.8667 0.4000
A 0.8667 0.3333 0.9333 0.4000
~ 0.9333 0.3333 1.0000 0.4000
~ 0.0000 0.4000 0.0667 0.4667
~ 0.0667 0.4000 0.1333 0.4667
~ 0.1333 0.4000 0.2000 0.4667
~ 0.2000 0.4000 0.2667 0.4667
~ 0.2667 0.4000 0.3333 0.4667
~ 0.3333 0.4000 0.4000 0.4667
~ 0.4000 0.4000 0.4667 0.4667
Q 0.4667 0.4000 0.5333 0.4667
A 0.5333 0.4000 0.6000 0.4667
T 0.6000 0.4000 0.6667 0.4667
S 0.6667 0.4000 0.7333 0.4667
~ 0.7333 0.4000 0.8000 0.4667
~ 0.8000 0.4000 0.8667 0.4667
~ 0.8667 0.4000 0.9333 0.4667
~ 0.9333 0.4000 1.0000 0.4667
~ 0.0000 0.4667 0.0667 0.5333
~ 0.0667 0.4667 0.1333 0.5333
~ 0.1333 0.4667 0.2000 0.5333
~ 0.2000 0.4667 0.2667 0.5333
~ 0.2667 0.4667 0.3333 0.5333
~ 0.3333 0.4667 0.4000 0.5333
F 0.4000 0.4667 0.4667 0.5333
I 0.4667 0.4667 0.5333 0.5333
R 0.5333 0.4667 0.6000 0.5333
~ 0.6000 0.4667 0.6667 0.5333
~ 0.6667 0.4667 0.7333 0.5333
H 0.7333 0.4667 0.8000 0.5333
O 0.8000 0.4667 0.8667 0.5333
L 0.8667 0.4667 0.9333 0.5333
D 0.9333 0.4667 1.0000 0.5333
~ 0.0000 0.5333 0.0667 0.6000
~ 0.0667 0.5333 0.1333 0.6000
~ 0.1333 0.5333 0.2000 0.6000
~ 0.2000 0.5333 0.2667 0.6000
~ 0.2667 0.5333 0.3333 0.6000
~ 0.3333 0.5333 0.4000 0.6000
I 0.4000 0.5333 0.4667 0.6000
~ 0.4667 0.5333 0.5333 0.6000
~ 0.5333 0.5333 0.6000 0.6000
~ 0.6000 0.5333 0.6667 0.6000
~ 0.6667 0.5333 0.7333 0.6000
~ 0.7333 0.5333 0.8000 0.6000
~ 0.8000 0.5333 0.8667 0.6000
O 0.8667 0.5333 0.9333 0.6000
~ 0.9333 0.5333 1.0000 0.6000
~ 0.0000 0.6000 0.0667 0.6667
~ 0.0667 0.6000 0.1333 0.6667
~ 0.1333 0.6000 0.2000 0.6667
~ 0.2000 0.6000 0.2667 0.6667
~ 0.2667 0.6000 0.3333 0.6667
~ 0.3333 0.6000 0.4000 0.6667
~ 0.4000 0.6000 0.4667 0.6667
~ 0.4667 0.6000 0.5333 0.6667
~ 0.5333 0.6000 0.6000 0.6667
C 0.6000 0.6000 0.6667 0.6667
~ 0.6667 0.6000 0.7333 0.6667
~ 0.7333 0.6000 0.8000 0.6667
~ 0.8000 0.6000 0.8667 0.6667
Y 0.8667 0.6000 0.9333 0.6667
~ 0.9333 0.6000 1.0000 0.6667
K 0.0000 0.6667 0.0667 0.7333
~ 0.0667 0.6667 0.1333 0.7333
~ 0.1333 0.6667 0.2000 0.7333
J 0.2000 0.6667 0.2667 0.7333
A 0.2667 0.6667 0.3333 0.7333
G 0.3333 0.6667 0.4000 0.7333
R 0.4000 0.6667 0.4667 0.7333
A 0.4667 0.6667 0.5333 0.7333
~ 0.5333 0.6667 0.6000 0.7333
A 0.6000 0.6667 0.6667 0.7333
T 0.6667 0.6667 0.7333 0.7333
~ 0.7333 0.6667 0.8000 0.7333
~ 0.8000 0.6667 0.8667 0.7333
I 0.8667 0.6667 0.9333 0.7333
~ 0.9333 0.6667 1.0000 0.7333
A 0.0000 0.7333 0.0667 0.8000
E 0.0667 0.7333 0.1333 0.8000
~ 0.1333 0.7333 0.2000 0.8000
U 0.2000 0.7333 0.2667 0.8000
M 0.2667 0.7333 0.3333 0.8000
~ 0.3333 0.7333 0.4000 0.8000
I 0.4000 0.7333 0.4667 0.8000
~ 0.4667 0.7333 0.5333 0.8000
~ 0.5333 0.7333 0.6000 0.8000
N 0.6000 0.7333 0.6667 0.8000
O 0.6667 0.7333 0.7333 0.8000
~ 0.7333 0.7333 0.8000 0.8000
~ 0.8000 0.7333 0.8667 0.8000
N 0.8667 0.7333 0.9333 0.8000
~ 0.9333 0.7333 1.0000 0.8000
B 0.0000 0.8000 0.0667 0.8667
A 0.0667 0.8000 0.1333 0.8667
P 0.1333 0.8000 0.2000 0.8667
T 0.2000 0.8000 0.2667 0.8667
I 0.2667 0.8000 0.3333 0.8667
Z 0.3333 0.8000 0.4000 0.8667
E 0.4000 0.8000 0.4667 0.8667
~ 0.4667 0.8000 0.5333 0.8667
V 0.5333 0.8000 0.6000 0.8667
O 0.6000 0.8000 0.6667 0.8667
W 0.6667 0.8000 0.7333 0.8667
I 0.7333 0.8000 0.8000 0.8667
N 0.8000 0.8000 0.8667 0.8667
G 0.8667 0.8000 0.9333 0.8667
~ 0.9333 0.8000 1.0000 0.8667
O 0.0000 0.8667 0.0667 0.9333
R 0.0667 0.8667 0.1333 0.9333
~ 0.1333 0.8667 0.2000 0.9333
~ 0.2000 0.8667 0.2667 0.9333
~ 0.2667 0.8667 0.3333 0.9333
~ 0.3333 0.8667 0.4000 0.9333
S 0.4000 0.8667 0.4667 0.9333
~ 0.4667 0.8667 0.5333 0.9333
~ 0.5333 0.8667 0.6000 0.9333
E 0.6000 0.8667 0.6667 0.9333
N 0.6667 0.8667 0.7333 0.9333
~ 0.7333 0.8667 0.8000 0.9333
~ 0.8000 0.8667 0.8667 0.9333
~ 0.8667 0.8667 0.9333 0.9333
~ 0.9333 0.8667 1.0000 0.9333
B 0.0000 0.9333 0.0667 1.0000
~ 0.0667 0.9333 0.1333 1.0000
U 0.1333 0.9333 0.2000 1.0000
N 0.2000 0.9333 0.2667 1.0000
L 0.2667 0.9333 0.3333 1.0000
~ 0.3333 0.9333 0.4000 1.0000
~ 0.4000 0.9333 0.4667 1.0000
~ 0.4667 0.9333 0.5333 1.0000
E 0.5333 0.9333 0.6000 1.0000
D 0.6000 0.9333 0.6667 1.0000
~ 0.6667 0.9333 0.7333 1.0000
~ 0.7333 0.9333 0.8000 1.0000
~ 0.8000 0.9333 0.8667 1.0000
~ 0.8667 0.9333 0.9333 1.0000
~ 0.9333 0.9333 1.0000 1.0000
