~ 0.0000 0.0000 0.0667 0.0667
~ 0.0667 0.0000 0.1333 0.0667
~ 0.1333 0.0000 0.2000 0.0667
~ 0.2000 0.0000 0.2667 0.0667
~ 0.2667 0.0000 0.3333 0.0667
~ 0.3333 0.0000 0.4000 0.0667
~ 0.4000 0.0000 0.4667 0.0667
~ 0.4667 0.0000 0.5333 0.0667
~ 0.5333 0.0000 0.6000 0.0667
~ 0.6000 0.0000 0.6667 0.0667
~ 0.6667 0.0000 0.7333 0.0667
~ 0.7333 0.0000 0.8000 0.0667
~ 0.8000 0.0000 0.8667 0.0667
~ 0.8667 0.0000 0.9333 0.0667
B 0.9333 0.0000 1.0000 0.0667
~ 0.0000 0.0667 0.0667 0.1333
~ 0.0667 0.0667 0.1333 0.1333
~ 0.1333 0.0667 0.2000 0.1333
~ 0.2000 0.0667 0.2667 0.1333
~ 0.2667 0.0667 0.3333 0.1333
~ 0.3333 0.0667 0.4000 0.1333
~ 0.4000 0.0667 0.4667 0.1333
~ 0.4667 0.0667 0.5333 0.1333
~ 0.5333 0.0667 0.6000 0.1333
~ 0.6000 0.0667 0.6667 0.1333
~ 0.6667 0.0667 0.7333 0.1333
~ 0.7333 0.0667 0.8000 0.1333
~ 0.8000 0.0667 0.8667 0.1333
~ 0.8667 0.0667 0.9333 0.1333
R 0.9333 0.0667 1.0000 0.1333
~ 0.0000 0.1333 0.0667 0.2000
~ 0.0667 0.1333 0.1333 0.2000
~ 0.1333 0.1333 0.2000 0.2000
~ 0.2000 0.1333 0.2667 0.2000
W 0.2667 0.1333 0.3333 0.2000
A 0.3333 0.1333 0.4000 0.2000
V 0.4000 0.1333 0.4667 0.2000
E 0.4667 0.1333 0.5333 0.2000
S 0.5333 0.1333 0.6000 0.2000
~ 0.6000 0.1333 0.6667 0.2000
~ 0.6667 0.1333 0.7333 0.2000
~ 0.7333 0.1333 0.8000 0.2000
C 0.8000 0.1333 0.8667 0.2000
~ 0.8667 0.1333 0.9333 0.2000
A 0.9333 0.1333 1.0000 0.2000
~ 0.0000 0.2000 0.0667 0.2667
~ 0.0667 0.2000 0.1333 0.2667
~ 0.1333 0.2000 0.2000 0.2667
~ 0.2000 0.2000 0.2667 0.2667
~ 0.2667 0.2000 0.3333 0.2667
G 0.3333 0.2000 0.4000 0.2667
~ 0.4000 0.2000 0.4667 0.2667
~ 0.4667 0.2000 0.5333 0.2667
H 0.5333 0.2000 0.6000 0.2667
I 0.6000 0.2000 0.6667 0.2667
~ 0.6667 0.2000 0.7333 0.2667
~ 0.7333 0.2000 0.8000 0.2667
I 0.8000 0.2000 0.8667 0.2667
~ 0.8667 0.2000 0.9333 0.2667
C 0.9333 0.2000 1.0000 0.2667
~ 0.0000 0.2667 0.0667 0.3333
~ 0.0667 0.2667 0.1333 0.3333
~ 0.1333 0.2667 0.2000 0.3333
~ 0.2000 0.2667 0.2667 0.3333
Z 0.2667 0.2667 0.3333 0.3333
O 0.3333 0.2667 0.4000 0.3333
S 0.4000 0.2667 0.4667 0.3333
T 0.4667 0.2667 0.5333 0.3333
E 0.5333 0.2667 0.6000 0.3333
R 0.6000 0.2667 0.6667 0.3333
~ 0.6667 0.2667 0.7333 0.3333
T 0.7333 0.2667 0.8000 0.3333
R 0.8000 0.2667 0.8667 0.3333
E 0.8667 0.2667 0.9333 0.3333
E 0.9333 0.2667 1.0000 0.3333
~ 0.0000 0.3333 0.0667 0.4000
~ 0.0667 0.3333 0.1333 0.4000
~ 0.1333 0.3333 0.2000 0.4000
~ 0.2000 0.3333 0.2667 0.4000
I 0.2667 0.3333 0.3333 0.4000
N 0.3333 0.3333 0.4000 0.4000
~ 0.4000 0.3333 0.4667 0.4000
~ 0.4667 0.3333 0.5333 0.4000
~ 0.5333 0.3333 0.6000 0.4000
E 0.6000 0.3333 0.6667 0.4000
~ 0.6667 0.3333 0.7333 0.4000
W 0.7333 0.3333 0.8000 0.4000
E 0.8000 0.3333 0.8667 0.4000
X 0.8667 0.3333 0.9333 0.4000
~ 0.9333 0.3333 1.0000 0.4000
~ 0.0000 0.4000 0.0667 0.4667
~ 0.0667 0.4000 0.1333 0.4667
~ 0.1333 0.4000 0.2000 0.4667
~ 0.2000 0.4000 0.2667 0.4667
N 0.2667 0.4000 0.3333 0.4667
E 0.3333 0.4000 0.4000 0.4667
~ 0.4000 0.4000 0.4667 0.4667
~ 0.4667 0.4000 0.5333 0.4667
~ 0.5333 0.4000 0.6000 0.4667
~ 0.6000 0.4000 0.6667 0.4667
~ 0.6667 0.4000 0.7333 0.4667
O 0.7333 0.4000 0.8000 0.4667
~ 0.8000 0.4000 0.8667 0.4667
O 0.8667 0.4000 0.9333 0.4667
F 0.9333 0.4000 1.0000 0.4667
~ 0.0000 0.4667 0.0667 0.5333
~ 0.0667 0.4667 0.1333 0.5333
~ 0.1333 0.4667 0.2000 0.5333
B 0.2000 0.4667 0.2667 0.5333
E 0.2667 0.4667 0.3333 0.5333
~ 0.3333 0.4667 0.4000 0.5333
~ 0.4000 0.4667 0.4667 0.5333
F 0.4667 0.4667 0.5333 0.5333
L 0.5333 0.4667 0.6000 0.5333
Y 0.6000 0.4667 0.6667 0.5333
~ 0.6667 0.4667 0.7333 0.5333
~ 0.7333 0.4667 0.8000 0.5333
~ 0.8000 0.4667 0.8667 0.5333
~ 0.8667 0.4667 0.9333 0.5333
L 0.9333 0.4667 1.0000 0.5333
~ 0.0000 0.5333 0.0667 0.6000
~ 0.0667 0.5333 0.1333 0.6000
~ 0.1333 0.5333 0.2000 0.6000
O 0.2000 0.5333 0.2667 0.6000
~ 0.2667 0.5333 0.3333 0.6000
~ 0.3333 0.5333 0.4000 0.6000
~ 0.4000 0.5333 0.4667 0.6000
~ 0.4667 0.5333 0.5333 0.6000
O 0.5333 0.5333 0.6000 0.6000
U 0.6000 0.5333 0.6667 0.6000
T 0.6667 0.5333 0.7333 0.6000
~ 0.7333 0.5333 0.8000 0.6000
Q 0.8000 0.5333 0.8667 0.6000
~ 0.8667 0.5333 0.9333 0.6000
U 0.9333 0.5333 1.0000 0.6000
~ 0.0000 0.6000 0.0667 0.6667
V 0.0667 0.6000 0.1333 0.6667
~ 0.1333 0.6000 0.2000 0.6667
A 0.2000 0.6000 0.2667 0.6667
L 0.2667 0.6000 0.3333 0.6667
~ 0.3333 0.6000 0.4000 0.6667
J 0.4000 0.6000 0.4667 0.6667
O 0.4667 0.6000 0.5333 0.6667
G 0.5333 0.6000 0.6000 0.6667
~ 0.6000 0.6000 0.6667 0.6667
~ 0.6667 0.6000 0.7333 0.6667
~ 0.7333 0.6000 0.8000 0.6667
A 0.8000 0.6000 0.8667 0.6667
H 0.8667 0.6000 0.9333 0.6667
I 0.9333 0.6000 1.0000 0.6667
~ 0.0000 0.6667 0.0667 0.7333
O 0.0667 0.6667 0.1333 0.7333
~ 0.1333 0.6667 0.2000 0.7333
~ 0.2000 0.6667 0.2667 0.7333
U 0.2667 0.6667 0.3333 0.7333
~ 0.3333 0.6667 0.4000 0.7333
~ 0.4000 0.6667 0.4667 0.7333
~ 0.4667 0.6667 0.5333 0.7333
O 0.5333 0.6667 0.6000 0.7333
P 0.6000 0.6667 0.6667 0.7333
I 0.6667 0.6667 0.7333 0.7333
A 0.7333 0.6667 0.8000 0.7333
T 0.8000 0.6667 0.8667 0.7333
E 0.8667 0.6667 0.9333 0.7333
D 0.9333 0.6667 1.0000 0.7333
~ 0.0000 0.7333 0.0667 0.8000
L 0.0667 0.7333 0.1333 0.8000
I 0.1333 0.7333 0.2000 0.8000
N 0.2000 0.7333 0.2667 0.8000
N 0.2667 0.7333 0.3333 0.8000
S 0.3333 0.7333 0.4000 0.8000
~ 0.4000 0.7333 0.4667 0.8000
D 0.4667 0.7333 0.5333 0.8000
I 0.5333 0.7333 0.6000 0.8000
E 0.6000 0.7333 0.6667 0.8000
~ 0.6667 0.7333 0.7333 0.8000
~ 0.7333 0.7333 0.8000 0.8000
~ 0.8000 0.7333 0.8667 0.8000
~ 0.8667 0.7333 0.9333 0.8000
~ 0.9333 0.7333 1.0000 0.8000
~ 0.0000 0.8000 0.0667 0.8667
T 0.0667 0.8000 0.1333 0.8667
~ 0.1333 0.8000 0.2000 0.8667
~ 0.2000 0.8000 0.2667 0.8667
G 0.2667 0.8000 0.3333 0.8667
~ 0.3333 0.8000 0.4000 0.8667
K 0.4000 0.8000 0.4667 0.8667
A 0.4667 0.8000 0.5333 0.8667
~ 0.5333 0.8000 0.6000 0.8667
P 0.6000 0.8000 0.6667 0.8667
U 0.6667 0.8000 0.7333 0.8667
T 0.7333 0.8000 0.8000 0.8667
R 0.8000 0.8000 0.8667 0.8667
I 0.8667 0.8000 0.9333 0.8667
D 0.9333 0.8000 1.0000 0.8667
~ 0.0000 0.8667 0.0667 0.9333
~ 0.0667 0.8667 0.1333 0.9333
~ 0.1333 0.8667 0.2000 0.9333
~ 0.2000 0.8667 0.2667 0.9333
E 0.2667 0.8667 0.3333 0.9333
N 0.3333 0.8667 0.4000 0.9333
A 0.4000 0.8667 0.4667 0.9333
M 0.4667 0.8667 0.5333 0.9333
E 0.5333 0.8667 0.6000 0.9333
S 0.6000 0.8667 0.6667 0.9333
~ 0.6667 0.8667 0.7333 0.9333
~ 0.7333 0.8667 0.8000 0.9333
~ 0.8000 0.8667 0.8667 0.9333
~ 0.8667 0.8667 0.9333 0.9333
R 0.9333 0.8667 1.0000 0.9333
R 0.0000 0.9333 0.0667 1.0000
A 0.0667 0.9333 0.1333 1.0000
I 0.1333 0.9333 0.2000 1.0000
~ 0.2000 0.9333 0.2667 1.0000
D 0.2667 0.9333 0.3333 1.0000
~ 0.3333 0.9333 0.4000 1.0000
A 0.4000 0.9333 0.4667 1.0000
N 0.4667 0.9333 0.5333 1.0000
~ 0.5333 0.9333 0.6000 1.0000
~ 0.6000 0.9333 0.6667 1.0000
~ 0.6667 0.9333 0.7333 1.0000
~ 0.7333 0.9333 0.8000 1.0000
~ 0.8000 0.9333 0.8667 1.0000
~ 0.8667 0.9333 0.9333 1.0000
Y 0.9333 0.9333 1.0000 1.0000
