~ 0.0000 0.0000 0.0667 0.0667
~ 0.0667 0.0000 0.1333 0.0667
~ 0.1333 0.0000 0.2000 0.0667
~ 0.2000 0.0000 0.2667 0.0667
~ 0.2667 0.0000 0.3333 0.0667
~ 0.3333 0.0000 0.4000 0.0667
~ 0.4000 0.0000 0.4667 0.0667
L 0.4667 0.0000 0.5333 0.0667
~ 0.5333 0.0000 0.6000 0.0667
~ 0.6000 0.0000 0.6667 0.0667
~ 0.6667 0.0000 0.7333 0.0667
~ 0.7333 0.0000 0.8000 0.0667
~ 0.8000 0.0000 0.8667 0.0667
~ 0.8667 0.0000 0.9333 0.0667
~ 0.9333 0.0000 1.0000 0.0667
~ 0.0000 0.0667 0.0667 0.1333
L 0.0667 0.0667 0.1333 0.1333
~ 0.1333 0.0667 0.2000 0.1333
~ 0.2000 0.0667 0.2667 0.1333
~ 0.2667 0.0667 0.3333 0.1333
~ 0.3333 0.0667 0.4000 0.1333
~ 0.4000 0.0667 0.4667 0.1333
I 0.4667 0.0667 0.5333 0.1333
~ 0.5333 0.0667 0.6000 0.1333
~ 0.6000 0.0667 0.6667 0.1333
~ 0.6667 0.0667 0.7333 0.1333
~ 0.7333 0.0667 0.8000 0.1333
U 0.8000 0.0667 0.8667 0.1333
P 0.8667 0.0667 0.9333 0.1333
~ 0.9333 0.0667 1.0000 0.1333
J 0.0000 0.1333 0.0667 0.2000
E 0.0667 0.1333 0.1333 0.2000
W 0.1333 0.1333 0.2000 0.2000
I 0.2000 0.1333 0.2667 0.2000
N 0.2667 0.1333 0.3333 0.2000
G 0.3333 0.1333 0.4000 0.2000
~ 0.4000 0.1333 0.4667 0.2000
N 0.4667 0.1333 0.5333 0.2000
~ 0.5333 0.1333 0.6000 0.2000
~ 0.6000 0.1333 0.6667 0.2000
~ 0.6667 0.1333 0.7333 0.2000
~ 0.7333 0.1333 0.8000 0.2000
N 0.8000 0.1333 0.8667 0.2000
O 0.8667 0.1333 0.9333 0.2000
~ 0.9333 0.1333 1.0000 0.2000
I 0.0000 0.2000 0.0667 0.2667
T 0.0667 0.2000 0.1333 0.2667
~ 0.1333 0.2000 0.2000 0.2667
~ 0.2000 0.2000 0.2667 0.2667
~ 0.2667 0.2000 0.3333 0.2667
~ 0.3333 0.2000 0.4000 0.2667
~ 0.4000 0.2000 0.4667 0.2667
T 0.4667 0.2000 0.5333 0.2667
~ 0.5333 0.2000 0.6000 0.2667
~ 0.6000 0.2000 0.6667 0.2667
~ 0.6667 0.2000 0.7333 0.2667
~ 0.7333 0.2000 0.8000 0.2667
A 0.8000 0.2000 0.8667 0.2667
H 0.8667 0.2000 0.9333 0.2667
A 0.9333 0.2000 1.0000 0.2667
F 0.0000 0.2667 0.0667 0.3333
~ 0.0667 0.2667 0.1333 0.3333
S 0.1333 0.2667 0.2000 0.3333
Q 0.2000 0.2667 0.2667 0.3333
U 0.2667 0.2667 0.3333 0.3333
A 0.3333 0.2667 0.4000 0.3333
B 0.4000 0.2667 0.4667 0.3333
~ 0.4667 0.2667 0.5333 0.3333
~ 0.5333 0.2667 0.6000 0.3333
~ 0.6000 0.2667 0.6667 0.3333
C 0.6667 0.2667 0.7333 0.3333
~ 0.7333 0.2667 0.8000 0.3333
I 0.8000 0.2667 0.8667 0.3333
~ 0.8667 0.2667 0.9333 0.3333
C 0.9333 0.2667 1.0000 0.3333
F 0.0000 0.3333 0.0667 0.4000
E 0.0667 0.3333 0.1333 0.4000
T 0.1333 0.3333 0.2000 0.4000
~ 0.2000 0.3333 0.2667 0.4000
~ 0.2667 0.3333 0.3333 0.4000
H 0.3333 0.3333 0.4000 0.4000
I 0.4000 0.3333 0.4667 0.4000
~ 0.4667 0.3333 0.5333 0.4000
~ 0.5333 0.3333 0.6000 0.4000
~ 0.6000 0.3333 0.6667 0.4000
O 0.6667 0.3333 0.7333 0.4000
~ 0.7333 0.3333 0.8000 0.4000
R 0.8000 0.3333 0.8667 0.4000
~ 0.8667 0.3333 0.9333 0.4000
T 0.9333 0.3333 1.0000 0.4000
~ 0.0000 0.4000 0.0667 0.4667
R 0.0667 0.4000 0.1333 0.4667
A 0.1333 0.4000 0.2000 0.4667
T 0.2000 0.4000 0.2667 0.4667
L 0.2667 0.4000 0.3333 0.4667
I 0.3333 0.4000 0.4000 0.4667
N 0.4000 0.4000 0.4667 0.4667
S 0.4667 0.4000 0.5333 0.4667
~ 0.5333 0.4000 0.6000 0.4667
~ 0.6000 0.4000 0.6667 0.4667
U 0.6667 0.4000 0.7333 0.4667
~ 0.7333 0.4000 0.8000 0.4667
E 0.8000 0.4000 0.8667 0.4667
~ 0.8667 0.4000 0.9333 0.4667
E 0.9333 0.4000 1.0000 0.4667
G 0.0000 0.4667 0.0667 0.5333
E 0.0667 0.4667 0.1333 0.5333
T 0.1333 0.4667 0.2000 0.5333
~ 0.2000 0.4667 0.2667 0.5333
~ 0.2667 0.4667 0.3333 0.5333
~ 0.3333 0.4667 0.4000 0.5333
~ 0.4000 0.4667 0.4667 0.5333
I 0.4667 0.4667 0.5333 0.5333
R 0.5333 0.4667 0.6000 0.5333
O 0.6000 0.4667 0.6667 0.5333
N 0.6667 0.4667 0.7333 0.5333
E 0.7333 0.4667 0.8000 0.5333
D 0.8000 0.4667 0.8667 0.5333
~ 0.8667 0.4667 0.9333 0.5333
D 0.9333 0.4667 1.0000 0.5333
~ 0.0000 0.5333 0.0667 0.6000
~ 0.0667 0.5333 0.1333 0.6000
~ 0.1333 0.5333 0.2000 0.6000
~ 0.2000 0.5333 0.2667 0.6000
~ 0.2667 0.5333 0.3333 0.6000
~ 0.3333 0.5333 0.4000 0.6000
V 0.4000 0.5333 0.4667 0.6000
~ 0.4667 0.5333 0.5333 0.6000
~ 0.5333 0.5333 0.6000 0.6000
~ 0.6000 0.5333 0.6667 0.6000
~ 0.6667 0.5333 0.7333 0.6000
~ 0.7333 0.5333 0.8000 0.6000
~ 0.8000 0.5333 0.8667 0.6000
~ 0.8667 0.5333 0.9333 0.6000
~ 0.9333 0.5333 1.0000 0.6000
~ 0.0000 0.6000 0.0667 0.6667
~ 0.0667 0.6000 0.1333 0.6667
~ 0.1333 0.6000 0.2000 0.6667
~ 0.2000 0.6000 0.2667 0.6667
A 0.2667 0.6000 0.3333 0.6667
M 0.3333 0.6000 0.4000 0.6667
I 0.4000 0.6000 0.4667 0.6667
A 0.4667 0.6000 0.5333 0.6667
~ 0.5333 0.6000 0.6000 0.6667
P 0.6000 0.6000 0.6667 0.6667
E 0.6667 0.6000 0.7333 0.6667
R 0.7333 0.6000 0.8000 0.6667
R 0.8000 0.6000 0.8667 0.6667
Y 0.8667 0.6000 0.9333 0.6667
~ 0.9333 0.6000 1.0000 0.6667
~ 0.0000 0.6667 0.0667 0.7333
~ 0.0667 0.6667 0.1333 0.7333
~ 0.1333 0.6667 0.2000 0.7333
K 0.2000 0.6667 0.2667 0.7333
L 0.2667 0.6667 0.3333 0.7333
U 0.3333 0.6667 0.4000 0.7333
D 0.4000 0.6667 0.4667 0.7333
G 0.4667 0.6667 0.5333 0.7333
I 0.5333 0.6667 0.6000 0.7333
E 0.6000 0.6667 0.6667 0.7333
R 0.6667 0.6667 0.7333 0.7333
~ 0.7333 0.6667 0.8000 0.7333
~ 0.8000 0.6667 0.8667 0.7333
~ 0.8667 0.6667 0.9333 0.7333
~ 0.9333 0.6667 1.0000 0.7333
~ 0.0000 0.7333 0.0667 0.8000
~ 0.0667 0.7333 0.1333 0.8000
~ 0.1333 0.7333 0.2000 0.8000
A 0.2000 0.7333 0.2667 0.8000
A 0.2667 0.7333 0.3333 0.8000
~ 0.3333 0.7333 0.4000 0.8000
~ 0.4000 0.7333 0.4667 0.8000
A 0.4667 0.7333 0.5333 0.8000
N 0.5333 0.7333 0.6000 0.8000
E 0.6000 0.7333 0.6667 0.8000
S 0.6667 0.7333 0.7333 0.8000
~ 0.7333 0.7333 0.8000 0.8000
~ 0.8000 0.7333 0.8667 0.8000
~ 0.8667 0.7333 0.9333 0.8000
~ 0.9333 0.7333 1.0000 0.8000
~ 0.0000 0.8000 0.0667 0.8667
~ 0.0667 0.8000 0.1333 0.8667
E 0.1333 0.8000 0.2000 0.8667
Y 0.2000 0.8000 0.2667 0.8667
E 0.2667 0.8000 0.3333 0.8667
~ 0.3333 0.8000 0.4000 0.8667
~ 0.4000 0.8000 0.4667 0.8667
V 0.4667 0.8000 0.5333 0.8667
~ 0.5333 0.8000 0.6000 0.8667
D 0.6000 0.8000 0.6667 0.8667
~ 0.6667 0.8000 0.7333 0.8667
~ 0.7333 0.8000 0.8000 0.8667
~ 0.8000 0.8000 0.8667 0.8667
~ 0.8667 0.8000 0.9333 0.8667
~ 0.9333 0.8000 1.0000 0.8667
B 0.0000 0.8667 0.0667 0.9333
O 0.0667 0.8667 0.1333 0.9333
X 0.1333 0.8667 0.2000 0.9333
~ 0.2000 0.8667 0.2667 0.9333
~ 0.2667 0.8667 0.3333 0.9333
~ 0.3333 0.8667 0.4000 0.9333
~ 0.4000 0.8667 0.4667 0.9333
E 0.4667 0.8667 0.5333 0.9333
~ 0.5333 0.8667 0.6000 0.9333
~ 0.6000 0.8667 0.6667 0.9333
~ 0.6667 0.8667 0.7333 0.9333
~ 0.7333 0.8667 0.8000 0.9333
~ 0.8000 0.8667 0.8667 0.9333
~ 0.8667 0.8667 0.9333 0.9333
~ 0.9333 0.8667 1.0000 0.9333
O 0.0000 0.9333 0.0667 1.0000
W 0.0667 0.9333 0.1333 1.0000
~ 0.1333 0.9333 0.2000 1.0000
Z 0.2000 0.9333 0.2667 1.0000
O 0.2667 0.9333 0.3333 1.0000
O 0.3333 0.9333 0.4000 1.0000
M 0.4000 0.9333 0.4667 1.0000
S 0.4667 0.9333 0.5333 1.0000
~ 0.5333 0.9333 0.6000 1.0000
~ 0.6000 0.9333 0.6667 1.0000
~ 0.6667 0.9333 0.7333 1.0000
~ 0.7333 0.9333 0.8000 1.0000
~ 0.8000 0.9333 0.8667 1.0000
~ 0.8667 0.9333 0.9333 1.0000
~ 0.9333 0.9333 1.0000 1.0000
