~ 0.0000 0.0000 0.0667 0.0667
~ 0.0667 0.0000 0.1333 0.0667
~ 0.1333 0.0000 0.2000 0.0667
~ 0.2000 0.0000 0.2667 0.0667
~ 0.2667 0.0000 0.3333 0.0667
~ 0.3333 0.0000 0.4000 0.0667
~ 0.4000 0.0000 0.4667 0.0667
~ 0.4667 0.0000 0.5333 0.0667
~ 0.5333 0.0000 0.6000 0.0667
~ 0.6000 0.0000 0.6667 0.0667
~ 0.6667 0.0000 0.7333 0.0667
~ 0.7333 0.0000 0.8000 0.0667
B 0.8000 0.0000 0.8667 0.0667
~ 0.8667 0.0000 0.9333 0.0667
M 0.9333 0.0000 1.0000 0.0667
~ 0.0000 0.0667 0.0667 0.1333
~ 0.0667 0.0667 0.1333 0.1333
~ 0.1333 0.0667 0.2000 0.1333
~ 0.2000 0.0667 0.2667 0.1333
~ 0.2667 0.0667 0.3333 0.1333
~ 0.3333 0.0667 0.4000 0.1333
~ 0.4000 0.0667 0.4667 0.1333
~ 0.4667 0.0667 0.5333 0.1333
~ 0.5333 0.0667 0.6000 0.1333
~ 0.6000 0.0667 0.6667 0.1333
~ 0.6667 0.0667 0.7333 0.1333
V 0.7333 0.0667 0.8000 0.1333
I 0.8000 0.0667 0.8667 0.1333
V 0.8667 0.0667 0.9333 0.1333
A 0.9333 0.0667 1.0000 0.1333
~ 0.0000 0.1333 0.0667 0.2000
~ 0.0667 0.1333 0.1333 0.2000
~ 0.1333 0.1333 0.2000 0.2000
~ 0.2000 0.1333 0.2667 0.2000
~ 0.2667 0.1333 0.3333 0.2000
~ 0.3333 0.1333 0.4000 0.2000
~ 0.4000 0.1333 0.4667 0.2000
~ 0.4667 0.1333 0.5333 0.2000
~ 0.5333 0.1333 0.6000 0.2000
~ 0.6000 0.1333 0.6667 0.2000
~ 0.6667 0.1333 0.7333 0.2000
O 0.7333 0.1333 0.8000 0.2000
D 0.8000 0.1333 0.8667 0.2000
~ 0.8667 0.1333 0.9333 0.2000
R 0.9333 0.1333 1.0000 0.2000
~ 0.0000 0.2000 0.0667 0.2667
~ 0.0667 0.2000 0.1333 0.2667
~ 0.1333 0.2000 0.2000 0.2667
N 0.2000 0.2000 0.2667 0.2667
~ 0.2667 0.2000 0.3333 0.2667
~ 0.3333 0.2000 0.4000 0.2667
~ 0.4000 0.2000 0.4667 0.2667
S 0.4667 0.2000 0.5333 0.2667
~ 0.5333 0.2000 0.6000 0.2667
~ 0.6000 0.2000 0.6667 0.2667
~ 0.6667 0.2000 0.7333 0.2667
X 0.7333 0.2000 0.8000 0.2667
I 0.8000 0.2000 0.8667 0.2667
~ 0.8667 0.2000 0.9333 0.2667
Q 0.9333 0.2000 1.0000 0.2667
~ 0.0000 0.2667 0.0667 0.3333
~ 0.0667 0.2667 0.1333 0.3333
P 0.1333 0.2667 0.2000 0.3333
E 0.2000 0.2667 0.2667 0.3333
N 0.2667 0.2667 0.3333 0.3333
U 0.3333 0.2667 0.4000 0.3333
L 0.4000 0.2667 0.4667 0.3333
T 0.4667 0.2667 0.5333 0.3333
~ 0.5333 0.2667 0.6000 0.3333
~ 0.6000 0.2667 0.6667 0.3333
~ 0.6667 0.2667 0.7333 0.3333
~ 0.7333 0.2667 0.8000 0.3333
S 0.8000 0.2667 0.8667 0.3333
~ 0.8667 0.2667 0.9333 0.3333
U 0.9333 0.2667 1.0000 0.3333
~ 0.0000 0.3333 0.0667 0.4000
B 0.0667 0.3333 0.1333 0.4000
~ 0.1333 0.3333 0.2000 0.4000
A 0.2000 0.3333 0.2667 0.4000
~ 0.2667 0.3333 0.3333 0.4000
~ 0.3333 0.3333 0.4000 0.4000
~ 0.4000 0.3333 0.4667 0.4000
~ 0.4667 0.3333 0.5333 0.4000
~ 0.5333 0.3333 0.6000 0.4000
~ 0.6000 0.3333 0.6667 0.4000
~ 0.6667 0.3333 0.7333 0.4000
~ 0.7333 0.3333 0.8000 0.4000
~ 0.8000 0.3333 0.8667 0.4000
H 0.8667 0.3333 0.9333 0.4000
E 0.9333 0.3333 1.0000 0.4000
~ 0.0000 0.4000 0.0667 0.4667
E 0.0667 0.4000 0.1333 0.4667
~ 0.1333 0.4000 0.2000 0.4667
T 0.2000 0.4000 0.2667 0.4667
W 0.2667 0.4000 0.3333 0.4667
E 0.3333 0.4000 0.4000 0.4667
A 0.4000 0.4000 0.4667 0.4667
K 0.4667 0.4000 0.5333 0.4667
~ 0.5333 0.4000 0.6000 0.4667
~ 0.6000 0.4000 0.6667 0.4667
~ 0.6667 0.4000 0.7333 0.4667
~ 0.7333 0.4000 0.8000 0.4667
~ 0.8000 0.4000 0.8667 0.4667
A 0.8667 0.4000 0.9333 0.4667
~ 0.9333 0.4000 1.0000 0.4667
G 0.0000 0.4667 0.0667 0.5333
I 0.0667 0.4667 0.1333 0.5333
T 0.1333 0.4667 0.2000 0.5333
E 0.2000 0.4667 0.2667 0.5333
~ 0.2667 0.4667 0.3333 0.5333
~ 0.3333 0.4667 0.4000 0.5333
L 0.4000 0.4667 0.4667 0.5333
I 0.4667 0.4667 0.5333 0.5333
F 0.5333 0.4667 0.6000 0.5333
E 0.6000 0.4667 0.6667 0.5333
~ 0.6667 0.4667 0.7333 0.5333
~ 0.7333 0.4667 0.8000 0.5333
O 0.8000 0.4667 0.8667 0.5333
O 0.8667 0.4667 0.9333 0.5333
Z 0.9333 0.4667 1.0000 0.5333
E 0.0000 0.5333 0.0667 0.6000
G 0.0667 0.5333 0.1333 0.6000
~ 0.1333 0.5333 0.2000 0.6000
N 0.2000 0.5333 0.2667 0.6000
~ 0.2667 0.5333 0.3333 0.6000
~ 0.3333 0.5333 0.4000 0.6000
~ 0.4000 0.5333 0.4667 0.6000
F 0.4667 0.5333 0.5333 0.6000
A 0.5333 0.5333 0.6000 0.6000
D 0.6000 0.5333 0.6667 0.6000
D 0.6667 0.5333 0.7333 0.6000
Y 0.7333 0.5333 0.8000 0.6000
~ 0.8000 0.5333 0.8667 0.6000
E 0.8667 0.5333 0.9333 0.6000
~ 0.9333 0.5333 1.0000 0.6000
~ 0.0000 0.6000 0.0667 0.6667
E 0.0667 0.6000 0.1333 0.6667
~ 0.1333 0.6000 0.2000 0.6667
~ 0.2000 0.6000 0.2667 0.6667
~ 0.2667 0.6000 0.3333 0.6667
~ 0.3333 0.6000 0.4000 0.6667
~ 0.4000 0.6000 0.4667 0.6667
~ 0.4667 0.6000 0.5333 0.6667
~ 0.5333 0.6000 0.6000 0.6667
~ 0.6000 0.6000 0.6667 0.6667
O 0.6667 0.6000 0.7333 0.6667
~ 0.7333 0.6000 0.8000 0.6667
~ 0.8000 0.6000 0.8667 0.6667
L 0.8667 0.6000 0.9333 0.6667
O 0.9333 0.6000 1.0000 0.6667
~ 0.0000 0.6667 0.0667 0.7333
~ 0.0667 0.6667 0.1333 0.7333
~ 0.1333 0.6667 0.2000 0.7333
~ 0.2000 0.6667 0.2667 0.7333
~ 0.2667 0.6667 0.3333 0.7333
~ 0.3333 0.6667 0.4000 0.7333
~ 0.4000 0.6667 0.4667 0.7333
~ 0.4667 0.6667 0.5333 0.7333
~ 0.5333 0.6667 0.6000 0.7333
~ 0.6000 0.6667 0.6667 0.7333
J 0.6667 0.6667 0.7333 0.7333
~ 0.7333 0.6667 0.8000 0.7333
~ 0.8000 0.6667 0.8667 0.7333
~ 0.8667 0.6667 0.9333 0.7333
R 0.9333 0.6667 1.0000 0.7333
C 0.0000 0.7333 0.0667 0.8000
~ 0.0667 0.7333 0.1333 0.8000
~ 0.1333 0.7333 0.2000 0.8000
~ 0.2000 0.7333 0.2667 0.8000
~ 0.2667 0.7333 0.3333 0.8000
~ 0.3333 0.7333 0.4000 0.8000
~ 0.4000 0.7333 0.4667 0.8000
~ 0.4667 0.7333 0.5333 0.8000
~ 0.5333 0.7333 0.6000 0.8000
~ 0.6000 0.7333 0.6667 0.8000
O 0.6667 0.7333 0.7333 0.8000
~ 0.7333 0.7333 0.8000 0.8000
~ 0.8000 0.7333 0.8667 0.8000
~ 0.8667 0.7333 0.9333 0.8000
D 0.9333 0.7333 1.0000 0.8000
L 0.0000 0.8000 0.0667 0.8667
~ 0.0667 0.8000 0.1333 0.8667
M 0.1333 0.8000 0.2000 0.8667
U 0.2000 0.8000 0.2667 0.8667
T 0.2667 0.8000 0.3333 0.8667
~ 0.3333 0.8000 0.4000 0.8667
P 0.4000 0.8000 0.4667 0.8667
R 0.4667 0.8000 0.5333 0.8667
A 0.5333 0.8000 0.6000 0.8667
I 0.6000 0.8000 0.6667 0.8667
S 0.6667 0.8000 0.7333 0.8667
E 0.7333 0.8000 0.8000 0.8667
R 0.8000 0.8000 0.8667 0.8667
~ 0.8667 0.8000 0.9333 0.8667
U 0.9333 0.8000 1.0000 0.8667
A 0.0000 0.8667 0.0667 0.9333
C 0.0667 0.8667 0.1333 0.9333
O 0.1333 0.8667 0.2000 0.9333
N 0.2000 0.8667 0.2667 0.9333
I 0.2667 0.8667 0.3333 0.9333
T 0.3333 0.8667 0.4000 0.9333
E 0.4000 0.8667 0.4667 0.9333
~ 0.4667 0.8667 0.5333 0.9333
~ 0.5333 0.8667 0.6000 0.9333
~ 0.6000 0.8667 0.6667 0.9333
~ 0.6667 0.8667 0.7333 0.9333
~ 0.7333 0.8667 0.8000 0.9333
~ 0.8000 0.8667 0.8667 0.9333
~ 0.8667 0.8667 0.9333 0.9333
R 0.9333 0.8667 1.0000 0.9333
W 0.0000 0.9333 0.0667 1.0000
~ 0.0667 0.9333 0.1333 1.0000
~ 0.1333 0.9333 0.2000 1.0000
~ 0.2000 0.9333 0.2667 1.0000
~ 0.2667 0.9333 0.3333 1.0000
~ 0.3333 0.9333 0.4000 1.0000
T 0.4000 0.9333 0.4667 1.0000
R 0.4667 0.9333 0.5333 1.0000
A 0.5333 0.9333 0.6000 1.0000
S 0.6000 0.9333 0.6667 1.0000
H 0.6667 0.9333 0.7333 1.0000
Y 0.7333 0.9333 0.8000 1.0000
~ 0.8000 0.9333 0.8667 1.0000
~ 0.8667 0.9333 0.9333 1.0000
E 0.9333 0.9333 1.0000 1.0000
