A 0.0000 0.0000 0.0667 0.0667
G 0.0667 0.0000 0.1333 0.0667
E 0.1333 0.0000 0.2000 0.0667
L 0.2000 0.0000 0.2667 0.0667
C 0.2667 0.0000 0.3333 0.0667
~ 0.3333 0.0000 0.4000 0.0667
~ 0.4000 0.0000 0.4667 0.0667
~ 0.4667 0.0000 0.5333 0.0667
~ 0.5333 0.0000 0.6000 0.0667
~ 0.6000 0.0000 0.6667 0.0667
~ 0.6667 0.0000 0.7333 0.0667
~ 0.7333 0.0000 0.8000 0.0667
~ 0.8000 0.0000 0.8667 0.0667
~ 0.8667 0.0000 0.9333 0.0667
R 0.9333 0.0000 1.0000 0.0667
~ 0.0000 0.0667 0.0667 0.1333
~ 0.0667 0.0667 0.1333 0.1333
~ 0.1333 0.0667 0.2000 0.1333
~ 0.2000 0.0667 0.2667 0.1333
~ 0.2667 0.0667 0.3333 0.1333
~ 0.3333 0.0667 0.4000 0.1333
~ 0.4000 0.0667 0.4667 0.1333
~ 0.4667 0.0667 0.5333 0.1333
~ 0.5333 0.0667 0.6000 0.1333
W 0.6000 0.0667 0.6667 0.1333
A 0.6667 0.0667 0.7333 0.1333
T 0.7333 0.0667 0.8000 0.1333
~ 0.8000 0.0667 0.8667 0.1333
~ 0.8667 0.0667 0.9333 0.1333
U 0.9333 0.0667 1.0000 0.1333
~ 0.0000 0.1333 0.0667 0.2000
~ 0.0667 0.1333 0.1333 0.2000
~ 0.1333 0.1333 0.2000 0.2000
~ 0.2000 0.1333 0.2667 0.2000
~ 0.2667 0.1333 0.3333 0.2000
~ 0.3333 0.1333 0.4000 0.2000
~ 0.4000 0.1333 0.4667 0.2000
~ 0.4667 0.1333 0.5333 0.2000
V 0.5333 0.1333 0.6000 0.2000
A 0.6000 0.1333 0.6667 0.2000
L 0.6667 0.1333 0.7333 0.2000
I 0.7333 0.1333 0.8000 0.2000
D 0.8000 0.1333 0.8667 0.2000
~ 0.8667 0.1333 0.9333 0.2000
M 0.9333 0.1333 1.0000 0.2000
~ 0.0000 0.2000 0.0667 0.2667
~ 0.0667 0.2000 0.1333 0.2667
~ 0.1333 0.2000 0.2000 0.2667
~ 0.2000 0.2000 0.2667 0.2667
~ 0.2667 0.2000 0.3333 0.2667
~ 0.3333 0.2000 0.4000 0.2667
~ 0.4000 0.2000 0.4667 0.2667
Y 0.4667 0.2000 0.5333 0.2667
E 0.5333 0.2000 0.6000 0.2667
N 0.6000 0.2000 0.6667 0.2667
~ 0.6667 0.2000 0.7333 0.2667
P 0.7333 0.2000 0.8000 0.2667
E 0.8000 0.2000 0.8667 0.2667
H 0.8667 0.2000 0.9333 0.2667
S 0.9333 0.2000 1.0000 0.2667
~ 0.0000 0.2667 0.0667 0.3333
~ 0.0667 0.2667 0.1333 0.3333
~ 0.1333 0.2667 0.2000 0.3333
~ 0.2000 0.2667 0.2667 0.3333
~ 0.2667 0.2667 0.3333 0.3333
~ 0.3333 0.2667 0.4000 0.3333
F 0.4000 0.2667 0.4667 0.3333
O 0.4667 0.2667 0.5333 0.3333
G 0.5333 0.2667 0.6000 0.3333
E 0.6000 0.2667 0.6667 0.3333
Y 0.6667 0.2667 0.7333 0.3333
~ 0.7333 0.2667 0.8000 0.3333
~ 0.8000 0.2667 0.8667 0.3333
I 0.8667 0.2667 0.9333 0.3333
~ 0.9333 0.2667 1.0000 0.3333
~ 0.0000 0.3333 0.0667 0.4000
~ 0.0667 0.3333 0.1333 0.4000
~ 0.1333 0.3333 0.2000 0.4000
~ 0.2000 0.3333 0.2667 0.4000
~ 0.2667 0.3333 0.3333 0.4000
J 0.3333 0.3333 0.4000 0.4000
E 0.4000 0.3333 0.4667 0.4000
W 0.4667 0.3333 0.5333 0.4000
~ 0.5333 0.3333 0.6000 0.4000
D 0.6000 0.3333 0.6667 0.4000
O 0.6667 0.3333 0.7333 0.4000
E 0.7333 0.3333 0.8000 0.4000
~ 0.8000 0.3333 0.8667 0.4000
R 0.8667 0.3333 0.9333 0.4000
~ 0.9333 0.3333 1.0000 0.4000
~ 0.0000 0.4000 0.0667 0.4667
~ 0.0667 0.4000 0.1333 0.4667
~ 0.1333 0.4000 0.2000 0.4667
~ 0.2000 0.4000 0.2667 0.4667
~ 0.2667 0.4000 0.3333 0.4667
I 0.3333 0.4000 0.4000 0.4667
~ 0.4000 0.4000 0.4667 0.4667
I 0.4667 0.4000 0.5333 0.4667
F 0.5333 0.4000 0.6000 0.4667
~ 0.6000 0.4000 0.6667 0.4667
~ 0.6667 0.4000 0.7333 0.4667
~ 0.7333 0.4000 0.8000 0.4667
~ 0.8000 0.4000 0.8667 0.4667
E 0.8667 0.4000 0.9333 0.4667
~ 0.9333 0.4000 1.0000 0.4667
~ 0.0000 0.4667 0.0667 0.5333
~ 0.0667 0.4667 0.1333 0.5333
~ 0.1333 0.4667 0.2000 0.5333
P 0.2000 0.4667 0.2667 0.5333
I 0.2667 0.4667 0.3333 0.5333
N 0.3333 0.4667 0.4000 0.5333
C 0.4000 0.4667 0.4667 0.5333
E 0.4667 0.4667 0.5333 0.5333
R 0.5333 0.4667 0.6000 0.5333
~ 0.6000 0.4667 0.6667 0.5333
~ 0.6667 0.4667 0.7333 0.5333
~ 0.7333 0.4667 0.8000 0.5333
~ 0.8000 0.4667 0.8667 0.5333
~ 0.8667 0.4667 0.9333 0.5333
~ 0.9333 0.4667 1.0000 0.5333
~ 0.0000 0.5333 0.0667 0.6000
~ 0.0667 0.5333 0.1333 0.6000
~ 0.1333 0.5333 0.2000 0.6000
R 0.2000 0.5333 0.2667 0.6000
~ 0.2667 0.5333 0.3333 0.6000
~ 0.3333 0.5333 0.4000 0.6000
U 0.4000 0.5333 0.4667 0.6000
~ 0.4667 0.5333 0.5333 0.6000
O 0.5333 0.5333 0.6000 0.6000
~ 0.6000 0.5333 0.6667 0.6000
~ 0.6667 0.5333 0.7333 0.6000
~ 0.7333 0.5333 0.8000 0.6000
~ 0.8000 0.5333 0.8667 0.6000
~ 0.8667 0.5333 0.9333 0.6000
~ 0.9333 0.5333 1.0000 0.6000
~ 0.0000 0.6000 0.0667 0.6667
V 0.0667 0.6000 0.1333 0.6667
I 0.1333 0.6000 0.2000 0.6667
A 0.2000 0.6000 0.2667 0.6667
~ 0.2667 0.6000 0.3333 0.6667
~ 0.3333 0.6000 0.4000 0.6667
R 0.4000 0.6000 0.4667 0.6667
~ 0.4667 0.6000 0.5333 0.6667
M 0.5333 0.6000 0.6000 0.6667
O 0.6000 0.6000 0.6667 0.6667
B 0.6667 0.6000 0.7333 0.6667
~ 0.7333 0.6000 0.8000 0.6667
Z 0.8000 0.6000 0.8667 0.6667
~ 0.8667 0.6000 0.9333 0.6667
H 0.9333 0.6000 1.0000 0.6667
~ 0.0000 0.6667 0.0667 0.7333
~ 0.0667 0.6667 0.1333 0.7333
~ 0.1333 0.6667 0.2000 0.7333
T 0.2000 0.6667 0.2667 0.7333
~ 0.2667 0.6667 0.3333 0.7333
~ 0.3333 0.6667 0.4000 0.7333
~ 0.4000 0.6667 0.4667 0.7333
~ 0.4667 0.6667 0.5333 0.7333
~ 0.5333 0.6667 0.6000 0.7333
S 0.6000 0.6667 0.6667 0.7333
O 0.6667 0.6667 0.7333 0.7333
N 0.7333 0.6667 0.8000 0.7333
E 0.8000 0.6667 0.8667 0.7333
~ 0.8667 0.6667 0.9333 0.7333
O 0.9333 0.6667 1.0000 0.7333
~ 0.0000 0.7333 0.0667 0.8000
~ 0.0667 0.7333 0.1333 0.8000
~ 0.1333 0.7333 0.2000 0.8000
T 0.2000 0.7333 0.2667 0.8000
~ 0.2667 0.7333 0.3333 0.8000
~ 0.3333 0.7333 0.4000 0.8000
~ 0.4000 0.7333 0.4667 0.8000
~ 0.4667 0.7333 0.5333 0.8000
~ 0.5333 0.7333 0.6000 0.8000
~ 0.6000 0.7333 0.6667 0.8000
D 0.6667 0.7333 0.7333 0.8000
A 0.7333 0.7333 0.8000 0.8000
R 0.8000 0.7333 0.8667 0.8000
T 0.8667 0.7333 0.9333 0.8000
S 0.9333 0.7333 1.0000 0.8000
~ 0.0000 0.8000 0.0667 0.8667
~ 0.0667 0.8000 0.1333 0.8667
T 0.1333 0.8000 0.2000 0.8667
I 0.2000 0.8000 0.2667 0.8667
~ 0.2667 0.8000 0.3333 0.8667
~ 0.3333 0.8000 0.4000 0.8667
~ 0.4000 0.8000 0.4667 0.8667
~ 0.4667 0.8000 0.5333 0.8667
Q 0.5333 0.8000 0.6000 0.8667
I 0.6000 0.8000 0.6667 0.8667
S 0.6667 0.8000 0.7333 0.8667
~ 0.7333 0.8000 0.8000 0.8667
~ 0.8000 0.8000 0.8667 0.8667
U 0.8667 0.8000 0.9333 0.8667
T 0.9333 0.8000 1.0000 0.8667
A 0.0000 0.8667 0.0667 0.9333
X 0.0667 0.8667 0.1333 0.9333
O 0.1333 0.8667 0.2000 0.9333
N 0.2000 0.8667 0.2667 0.9333
~ 0.2667 0.8667 0.3333 0.9333
~ 0.3333 0.8667 0.4000 0.9333
L 0.4000 0.8667 0.4667 0.9333
O 0.4667 0.8667 0.5333 0.9333
I 0.5333 0.8667 0.6000 0.9333
N 0.6000 0.8667 0.6667 0.9333
~ 0.6667 0.8667 0.7333 0.9333
A 0.7333 0.8667 0.8000 0.9333
~ 0.8000 0.8667 0.8667 0.9333
B 0.8667 0.8667 0.9333 0.9333
E 0.9333 0.8667 1.0000 0.9333
L 0.0000 0.9333 0.0667 1.0000
U 0.0667 0.9333 0.1333 1.0000
N 0.1333 0.9333 0.2000 1.0000
~ 0.2000 0.9333 0.2667 1.0000
~ 0.2667 0.9333 0.3333 1.0000
K 0.3333 0.9333 0.4000 1.0000
A 0.4000 0.9333 0.4667 1.0000
E 0.4667 0.9333 0.5333 1.0000
~ 0.5333 0.9333 0.6000 1.0000
~ 0.6000 0.9333 0.6667 1.0000
~ 0.6667 0.9333 0.7333 1.0000
E 0.7333 0.9333 0.8000 1.0000
G 0.8000 0.9333 0.8667 1.0000
A 0.8667 0.9333 0.9333 1.0000
D 0.9333 0.9333 1.0000 1.0000
