D 0.0000 0.0000 0.0667 0.0667
~ 0.0667 0.0000 0.1333 0.0667
~ 0.1333 0.0000 0.2000 0.0667
~ 0.2000 0.0000 0.2667 0.0667
~ 0.2667 0.0000 0.3333 0.0667
~ 0.3333 0.0000 0.4000 0.0667
~ 0.4000 0.0000 0.4667 0.0667
~ 0.4667 0.0000 0.5333 0.0667
~ 0.5333 0.0000 0.6000 0.0667
~ 0.6000 0.0000 0.6667 0.0667
~ 0.6667 0.0000 0.7333 0.0667
~ 0.7333 0.0000 0.8000 0.0667
~ 0.8000 0.0000 0.8667 0.0667
~ 0.8667 0.0000 0.9333 0.0667
~ 0.9333 0.0000 1.0000 0.0667
E 0.0000 0.0667 0.0667 0.1333
L 0.0667 0.0667 0.1333 0.1333
~ 0.1333 0.0667 0.2000 0.1333
~ 0.2000 0.0667 0.2667 0.1333
~ 0.2667 0.0667 0.3333 0.1333
~ 0.3333 0.0667 0.4000 0.1333
~ 0.4000 0.0667 0.4667 0.1333
~ 0.4667 0.0667 0.5333 0.1333
~ 0.5333 0.0667 0.6000 0.1333
~ 0.6000 0.0667 0.6667 0.1333
~ 0.6667 0.0667 0.7333 0.1333
~ 0.7333 0.0667 0.8000 0.1333
~ 0.8000 0.0667 0.8667 0.1333
M 0.8667 0.0667 0.9333 0.1333
~ 0.9333 0.0667 1.0000 0.1333
N 0.0000 0.1333 0.0667 0.2000
E 0.0667 0.1333 0.1333 0.2000
~ 0.1333 0.1333 0.2000 0.2000
~ 0.2000 0.1333 0.2667 0.2000
~ 0.2667 0.1333 0.3333 0.2000
~ 0.3333 0.1333 0.4000 0.2000
~ 0.4000 0.1333 0.4667 0.2000
~ 0.4667 0.1333 0.5333 0.2000
~ 0.5333 0.1333 0.6000 0.2000
~ 0.6000 0.1333 0.6667 0.2000
~ 0.6667 0.1333 0.7333 0.2000
~ 0.7333 0.1333 0.8000 0.2000
~ 0.8000 0.1333 0.8667 0.2000
O 0.8667 0.1333 0.9333 0.2000
~ 0.9333 0.1333 1.0000 0.2000
Y 0.0000 0.2000 0.0667 0.2667
A 0.0667 0.2000 0.1333 0.2667
~ 0.1333 0.2000 0.2000 0.2667
~ 0.2000 0.2000 0.2667 0.2667
~ 0.2667 0.2000 0.3333 0.2667
~ 0.3333 0.2000 0.4000 0.2667
~ 0.4000 0.2000 0.4667 0.2667
~ 0.4667 0.2000 0.5333 0.2667
~ 0.5333 0.2000 0.6000 0.2667
~ 0.6000 0.2000 0.6667 0.2667
~ 0.6667 0.2000 0.7333 0.2667
C 0.7333 0.2000 0.8000 0.2667
~ 0.8000 0.2000 0.8667 0.2667
V 0.8667 0.2000 0.9333 0.2667
~ 0.9333 0.2000 1.0000 0.2667
~ 0.0000 0.2667 0.0667 0.3333
T 0.0667 0.2667 0.1333 0.3333
~ 0.1333 0.2667 0.2000 0.3333
~ 0.2000 0.2667 0.2667 0.3333
~ 0.2667 0.2667 0.3333 0.3333
~ 0.3333 0.2667 0.4000 0.3333
~ 0.4000 0.2667 0.4667 0.3333
~ 0.4667 0.2667 0.5333 0.3333
~ 0.5333 0.2667 0.6000 0.3333
~ 0.6000 0.2667 0.6667 0.3333
J 0.6667 0.2667 0.7333 0.3333
O 0.7333 0.2667 0.8000 0.3333
B 0.8000 0.2667 0.8667 0.3333
E 0.8667 0.2667 0.9333 0.3333
~ 0.9333 0.2667 1.0000 0.3333
~ 0.0000 0.3333 0.0667 0.4000
H 0.0667 0.3333 0.1333 0.4000
E 0.1333 0.3333 0.2000 0.4000
T 0.2000 0.3333 0.2667 0.4000
~ 0.2667 0.3333 0.3333 0.4000
Q 0.3333 0.3333 0.4000 0.4000
~ 0.4000 0.3333 0.4667 0.4000
~ 0.4667 0.3333 0.5333 0.4000
~ 0.5333 0.3333 0.6000 0.4000
W 0.6000 0.3333 0.6667 0.4000
A 0.6667 0.3333 0.7333 0.4000
R 0.7333 0.3333 0.8000 0.4000
~ 0.8000 0.3333 0.8667 0.4000
R 0.8667 0.3333 0.9333 0.4000
E 0.9333 0.3333 1.0000 0.4000
~ 0.0000 0.4000 0.0667 0.4667
E 0.0667 0.4000 0.1333 0.4667
L 0.1333 0.4000 0.2000 0.4667
U 0.2000 0.4000 0.2667 0.4667
~ 0.2667 0.4000 0.3333 0.4667
I 0.3333 0.4000 0.4000 0.4667
O 0.4000 0.4000 0.4667 0.4667
N 0.4667 0.4000 0.5333 0.4667
~ 0.5333 0.4000 0.6000 0.4667
O 0.6000 0.4000 0.6667 0.4667
~ 0.6667 0.4000 0.7333 0.4667
T 0.7333 0.4000 0.8000 0.4667
I 0.8000 0.4000 0.8667 0.4667
~ 0.8667 0.4000 0.9333 0.4667
~ 0.9333 0.4000 1.0000 0.4667
U 0.0000 0.4667 0.0667 0.5333
R 0.0667 0.4667 0.1333 0.5333
~ 0.1333 0.4667 0.2000 0.5333
~ 0.2000 0.4667 0.2667 0.5333
~ 0.2667 0.4667 0.3333 0.5333
~ 0.3333 0.4667 0.4000 0.5333
B 0.4000 0.4667 0.4667 0.5333
E 0.4667 0.4667 0.5333 0.5333
Z 0.5333 0.4667 0.6000 0.5333
~ 0.6000 0.4667 0.6667 0.5333
~ 0.6667 0.4667 0.7333 0.5333
I 0.7333 0.4667 0.8000 0.5333
O 0.8000 0.4667 0.8667 0.5333
~ 0.8667 0.4667 0.9333 0.5333
T 0.9333 0.4667 1.0000 0.5333
P 0.0000 0.5333 0.0667 0.6000
E 0.0667 0.5333 0.1333 0.6000
~ 0.1333 0.5333 0.2000 0.6000
~ 0.2000 0.5333 0.2667 0.6000
~ 0.2667 0.5333 0.3333 0.6000
V 0.3333 0.5333 0.4000 0.6000
I 0.4000 0.5333 0.4667 0.6000
T 0.4667 0.5333 0.5333 0.6000
A 0.5333 0.5333 0.6000 0.6000
~ 0.6000 0.5333 0.6667 0.6000
A 0.6667 0.5333 0.7333 0.6000
N 0.7333 0.5333 0.8000 0.6000
D 0.8000 0.5333 0.8667 0.6000
~ 0.8667 0.5333 0.9333 0.6000
R 0.9333 0.5333 1.0000 0.6000
O 0.0000 0.6000 0.0667 0.6667
D 0.0667 0.6000 0.1333 0.6667
~ 0.1333 0.6000 0.2000 0.6667
D 0.2000 0.6000 0.2667 0.6667
A 0.2667 0.6000 0.3333 0.6667
E 0.3333 0.6000 0.4000 0.6667
~ 0.4000 0.6000 0.4667 0.6667
~ 0.4667 0.6000 0.5333 0.6667
G 0.5333 0.6000 0.6000 0.6667
E 0.6000 0.6000 0.6667 0.6667
T 0.6667 0.6000 0.7333 0.6667
~ 0.7333 0.6000 0.8000 0.6667
I 0.8000 0.6000 0.8667 0.6667
~ 0.8667 0.6000 0.9333 0.6667
A 0.9333 0.6000 1.0000 0.6667
~ 0.0000 0.6667 0.0667 0.7333
~ 0.0667 0.6667 0.1333 0.7333
~ 0.1333 0.6667 0.2000 0.7333
U 0.2000 0.6667 0.2667 0.7333
N 0.2667 0.6667 0.3333 0.7333
G 0.3333 0.6667 0.4000 0.7333
U 0.4000 0.6667 0.4667 0.7333
I 0.4667 0.6667 0.5333 0.7333
S 0.5333 0.6667 0.6000 0.7333
~ 0.6000 0.6667 0.6667 0.7333
W 0.6667 0.6667 0.7333 0.7333
~ 0.7333 0.6667 0.8000 0.7333
S 0.8000 0.6667 0.8667 0.7333
~ 0.8667 0.6667 0.9333 0.7333
I 0.9333 0.6667 1.0000 0.7333
P 0.0000 0.7333 0.0667 0.8000
E 0.0667 0.7333 0.1333 0.8000
G 0.1333 0.7333 0.2000 0.8000
H 0.2000 0.7333 0.2667 0.8000
~ 0.2667 0.7333 0.3333 0.8000
~ 0.3333 0.7333 0.4000 0.8000
~ 0.4000 0.7333 0.4667 0.8000
K 0.4667 0.7333 0.5333 0.8000
~ 0.5333 0.7333 0.6000 0.8000
~ 0.6000 0.7333 0.6667 0.8000
A 0.6667 0.7333 0.7333 0.8000
~ 0.7333 0.7333 0.8000 0.8000
M 0.8000 0.7333 0.8667 0.8000
~ 0.8667 0.7333 0.9333 0.8000
L 0.9333 0.7333 1.0000 0.8000
R 0.0000 0.8000 0.0667 0.8667
~ 0.0667 0.8000 0.1333 0.8667
~ 0.1333 0.8000 0.2000 0.8667
~ 0.2000 0.8000 0.2667 0.8667
~ 0.2667 0.8000 0.3333 0.8667
T 0.3333 0.8000 0.4000 0.8667
R 0.4000 0.8000 0.4667 0.8667
A 0.4667 0.8000 0.5333 0.8667
F 0.5333 0.8000 0.6000 0.8667
F 0.6000 0.8000 0.6667 0.8667
I 0.6667 0.8000 0.7333 0.8667
C 0.7333 0.8000 0.8000 0.8667
S 0.8000 0.8000 0.8667 0.8667
~ 0.8667 0.8000 0.9333 0.8667
~ 0.9333 0.8000 1.0000 0.8667
E 0.0000 0.8667 0.0667 0.9333
L 0.0667 0.8667 0.1333 0.9333
~ 0.1333 0.8667 0.2000 0.9333
~ 0.2000 0.8667 0.2667 0.9333
~ 0.2667 0.8667 0.3333 0.9333
~ 0.3333 0.8667 0.4000 0.9333
~ 0.4000 0.8667 0.4667 0.9333
E 0.4667 0.8667 0.5333 0.9333
~ 0.5333 0.8667 0.6000 0.9333
~ 0.6000 0.8667 0.6667 0.9333
E 0.6667 0.8667 0.7333 0.9333
~ 0.7333 0.8667 0.8000 0.9333
~ 0.8000 0.8667 0.8667 0.9333
~ 0.8667 0.8667 0.9333 0.9333
~ 0.9333 0.8667 1.0000 0.9333
X 0.0000 0.9333 0.0667 1.0000
I 0.0667 0.9333 0.1333 1.0000
~ 0.1333 0.9333 0.2000 1.0000
~ 0.2000 0.9333 0.2667 1.0000
~ 0.2667 0.9333 0.3333 1.0000
~ 0.3333 0.9333 0.4000 1.0000
~ 0.4000 0.9333 0.4667 1.0000
S 0.4667 0.9333 0.5333 1.0000
~ 0.5333 0.9333 0.6000 1.0000
~ 0.6000 0.9333 0.6667 1.0000
~ 0.6667 0.9333 0.7333 1.0000
~ 0.7333 0.9333 0.8000 1.0000
~ 0.8000 0.9333 0.8667 1.0000
~ 0.8667 0.9333 0.9333 1.0000
~ 0.9333 0.9333 1.0000 1.0000
