~ 0.0000 0.0000 0.0667 0.0667
~ 0.0667 0.0000 0.1333 0.0667
~ 0.1333 0.0000 0.2000 0.0667
~ 0.2000 0.0000 0.2667 0.0667
L 0.2667 0.0000 0.3333 0.0667
I 0.3333 0.0000 0.4000 0.0667
R 0.4000 0.0000 0.4667 0.0667
I 0.4667 0.0000 0.5333 0.0667
~ 0.5333 0.0000 0.6000 0.0667
~ 0.6000 0.0000 0.6667 0.0667
~ 0.6667 0.0000 0.7333 0.0667
~ 0.7333 0.0000 0.8000 0.0667
~ 0.8000 0.0000 0.8667 0.0667
~ 0.8667 0.0000 0.9333 0.0667
~ 0.9333 0.0000 1.0000 0.0667
~ 0.0000 0.0667 0.0667 0.1333
E 0.0667 0.0667 0.1333 0.1333
Q 0.1333 0.0667 0.2000 0.1333
U 0.2000 0.0667 0.2667 0.1333
I 0.2667 0.0667 0.3333 0.1333
D 0.3333 0.0667 0.4000 0.1333
~ 0.4000 0.0667 0.4667 0.1333
~ 0.4667 0.0667 0.5333 0.1333
~ 0.5333 0.0667 0.6000 0.1333
~ 0.6000 0.0667 0.6667 0.1333
~ 0.6667 0.0667 0.7333 0.1333
R 0.7333 0.0667 0.8000 0.1333
A 0.8000 0.0667 0.8667 0.1333
~ 0.8667 0.0667 0.9333 0.1333
~ 0.9333 0.0667 1.0000 0.1333
~ 0.0000 0.1333 0.0667 0.2000
~ 0.0667 0.1333 0.1333 0.2000
A 0.1333 0.1333 0.2000 0.2000
~ 0.2000 0.1333 0.2667 0.2000
~ 0.2667 0.1333 0.3333 0.2000
~ 0.3333 0.1333 0.4000 0.2000
~ 0.4000 0.1333 0.4667 0.2000
~ 0.4667 0.1333 0.5333 0.2000
~ 0.5333 0.1333 0.6000 0.2000
~ 0.6000 0.1333 0.6667 0.2000
~ 0.6667 0.1333 0.7333 0.2000
U 0.7333 0.1333 0.8000 0.2000
~ 0.8000 0.1333 0.8667 0.2000
~ 0.8667 0.1333 0.9333 0.2000
D 0.9333 0.1333 1.0000 0.2000
~ 0.0000 0.2000 0.0667 0.2667
V 0.0667 0.2000 0.1333 0.2667
I 0.1333 0.2000 0.2000 0.2667
G 0.2000 0.2000 0.2667 0.2667
O 0.2667 0.2000 0.3333 0.2667
R 0.3333 0.2000 0.4000 0.2667
~ 0.4000 0.2000 0.4667 0.2667
~ 0.4667 0.2000 0.5333 0.2667
~ 0.5333 0.2000 0.6000 0.2667
~ 0.6000 0.2000 0.6667 0.2667
~ 0.6667 0.2000 0.7333 0.2667
M 0.7333 0.2000 0.8000 0.2667
~ 0.8000 0.2000 0.8667 0.2667
~ 0.8667 0.2000 0.9333 0.2667
A 0.9333 0.2000 1.0000 0.2667
~ 0.0000 0.2667 0.0667 0.3333
~ 0.0667 0.2667 0.1333 0.3333
D 0.1333 0.2667 0.2000 0.3333
~ 0.2000 0.2667 0.2667 0.3333
H 0.2667 0.2667 0.3333 0.3333
E 0.3333 0.2667 0.4000 0.3333
A 0.4000 0.2667 0.4667 0.3333
D 0.4667 0.2667 0.5333 0.3333
B 0.5333 0.2667 0.6000 0.3333
E 0.6000 0.2667 0.6667 0.3333
~ 0.6667 0.2667 0.7333 0.3333
M 0.7333 0.2667 0.8000 0.3333
~ 0.8000 0.2667 0.8667 0.3333
~ 0.8667 0.2667 0.9333 0.3333
G 0.9333 0.2667 1.0000 0.3333
~ 0.0000 0.3333 0.0667 0.4000
K 0.0667 0.3333 0.1333 0.4000
~ 0.1333 0.3333 0.2000 0.4000
L 0.2000 0.3333 0.2667 0.4000
O 0.2667 0.3333 0.3333 0.4000
B 0.3333 0.3333 0.4000 0.4000
~ 0.4000 0.3333 0.4667 0.4000
E 0.4667 0.3333 0.5333 0.4000
~ 0.5333 0.3333 0.6000 0.4000
F 0.6000 0.3333 0.6667 0.4000
A 0.6667 0.3333 0.7333 0.4000
Y 0.7333 0.3333 0.8000 0.4000
~ 0.8000 0.3333 0.8667 0.4000
J 0.8667 0.3333 0.9333 0.4000
O 0.9333 0.3333 1.0000 0.4000
~ 0.0000 0.4000 0.0667 0.4667
O 0.0667 0.4000 0.1333 0.4667
~ 0.1333 0.4000 0.2000 0.4667
~ 0.2000 0.4000 0.2667 0.4667
~ 0.2667 0.4000 0.3333 0.4667
~ 0.3333 0.4000 0.4000 0.4667
~ 0.4000 0.4000 0.4667 0.4667
N 0.4667 0.4000 0.5333 0.4667
~ 0.5333 0.4000 0.6000 0.4667
~ 0.6000 0.4000 0.6667 0.4667
~ 0.6667 0.4000 0.7333 0.4667
~ 0.7333 0.4000 0.8000 0.4667
~ 0.8000 0.4000 0.8667 0.4667
U 0.8667 0.4000 0.9333 0.4667
~ 0.9333 0.4000 1.0000 0.4667
H 0.0000 0.4667 0.0667 0.5333
A 0.0667 0.4667 0.1333 0.5333
~ 0.1333 0.4667 0.2000 0.5333
~ 0.2000 0.4667 0.2667 0.5333
~ 0.2667 0.4667 0.3333 0.5333
~ 0.3333 0.4667 0.4000 0.5333
~ 0.4000 0.4667 0.4667 0.5333
E 0.4667 0.4667 0.5333 0.5333
~ 0.5333 0.4667 0.6000 0.5333
~ 0.6000 0.4667 0.6667 0.5333
V 0.6667 0.4667 0.7333 0.5333
I 0.7333 0.4667 0.8000 0.5333
T 0.8000 0.4667 0.8667 0.5333
T 0.8667 0.4667 0.9333 0.5333
A 0.9333 0.4667 1.0000 0.5333
O 0.0000 0.5333 0.0667 0.6000
~ 0.0667 0.5333 0.1333 0.6000
~ 0.1333 0.5333 0.2000 0.6000
C 0.2000 0.5333 0.2667 0.6000
O 0.2667 0.5333 0.3333 0.6000
O 0.3333 0.5333 0.4000 0.6000
R 0.4000 0.5333 0.4667 0.6000
S 0.4667 0.5333 0.5333 0.6000
E 0.5333 0.5333 0.6000 0.6000
N 0.6000 0.5333 0.6667 0.6000
~ 0.6667 0.5333 0.7333 0.6000
E 0.7333 0.5333 0.8000 0.6000
E 0.8000 0.5333 0.8667 0.6000
~ 0.8667 0.5333 0.9333 0.6000
~ 0.9333 0.5333 1.0000 0.6000
G 0.0000 0.6000 0.0667 0.6667
~ 0.0667 0.6000 0.1333 0.6667
~ 0.1333 0.6000 0.2000 0.6667
~ 0.2000 0.6000 0.2667 0.6667
~ 0.2667 0.6000 0.3333 0.6667
~ 0.3333 0.6000 0.4000 0.6667
~ 0.4000 0.6000 0.4667 0.6667
~ 0.4667 0.6000 0.5333 0.6667
L 0.5333 0.6000 0.6000 0.6667
E 0.6000 0.6000 0.6667 0.6667
P 0.6667 0.6000 0.7333 0.6667
T 0.7333 0.6000 0.8000 0.6667
A 0.8000 0.6000 0.8667 0.6667
~ 0.8667 0.6000 0.9333 0.6667
~ 0.9333 0.6000 1.0000 0.6667
T 0.0000 0.6667 0.0667 0.7333
~ 0.0667 0.6667 0.1333 0.7333
W 0.1333 0.6667 0.2000 0.7333
I 0.2000 0.6667 0.2667 0.7333
T 0.2667 0.6667 0.3333 0.7333
N 0.3333 0.6667 0.4000 0.7333
E 0.4000 0.6667 0.4667 0.7333
S 0.4667 0.6667 0.5333 0.7333
S 0.5333 0.6667 0.6000 0.7333
~ 0.6000 0.6667 0.6667 0.7333
~ 0.6667 0.6667 0.7333 0.7333
A 0.7333 0.6667 0.8000 0.7333
R 0.8000 0.6667 0.8667 0.7333
~ 0.8667 0.6667 0.9333 0.7333
~ 0.9333 0.6667 1.0000 0.7333
I 0.0000 0.7333 0.0667 0.8000
C 0.0667 0.7333 0.1333 0.8000
O 0.1333 0.7333 0.2000 0.8000
N 0.2000 0.7333 0.2667 0.8000
~ 0.2667 0.7333 0.3333 0.8000
~ 0.3333 0.7333 0.4000 0.8000
~ 0.4000 0.7333 0.4667 0.8000
O 0.4667 0.7333 0.5333 0.8000
~ 0.5333 0.7333 0.6000 0.8000
~ 0.6000 0.7333 0.6667 0.8000
~ 0.6667 0.7333 0.7333 0.8000
X 0.7333 0.7333 0.8000 0.8000
I 0.8000 0.7333 0.8667 0.8000
~ 0.8667 0.7333 0.9333 0.8000
~ 0.9333 0.7333 1.0000 0.8000
E 0.0000 0.8000 0.0667 0.8667
~ 0.0667 0.8000 0.1333 0.8667
W 0.1333 0.8000 0.2000 0.8667
~ 0.2000 0.8000 0.2667 0.8667
~ 0.2667 0.8000 0.3333 0.8667
~ 0.3333 0.8000 0.4000 0.8667
~ 0.4000 0.8000 0.4667 0.8667
F 0.4667 0.8000 0.5333 0.8667
~ 0.5333 0.8000 0.6000 0.8667
~ 0.6000 0.8000 0.6667 0.8667
~ 0.6667 0.8000 0.7333 0.8667
~ 0.7333 0.8000 0.8000 0.8667
E 0.8000 0.8000 0.8667 0.8667
L 0.8667 0.8000 0.9333 0.8667
~ 0.9333 0.8000 1.0000 0.8667
~ 0.0000 0.8667 0.0667 0.9333
~ 0.0667 0.8667 0.1333 0.9333
~ 0.1333 0.8667 0.2000 0.9333
~ 0.2000 0.8667 0.2667 0.9333
~ 0.2667 0.8667 0.3333 0.9333
~ 0.3333 0.8667 0.4000 0.9333
~ 0.4000 0.8667 0.4667 0.9333
T 0.4667 0.8667 0.5333 0.9333
~ 0.5333 0.8667 0.6000 0.9333
~ 0.6000 0.8667 0.6667 0.9333
~ 0.6667 0.8667 0.7333 0.9333
~ 0.7333 0.8667 0.8000 0.9333
R 0.8000 0.8667 0.8667 0.9333
E 0.8667 0.8667 0.9333 0.9333
~ 0.9333 0.8667 1.0000 0.9333
~ 0.0000 0.9333 0.0667 1.0000
~ 0.0667 0.9333 0.1333 1.0000
~ 0.1333 0.9333 0.2000 1.0000
P 0.2000 0.9333 0.2667 1.0000
U 0.2667 0.9333 0.3333 1.0000
N 0.3333 0.9333 0.4000 1.0000
N 0.4000 0.9333 0.4667 1.0000
Y 0.4667 0.9333 0.5333 1.0000
~ 0.5333 0.9333 0.6000 1.0000
~ 0.6000 0.9333 0.6667 1.0000
~ 0.6667 0.9333 0.7333 1.0000
~ 0.7333 0.9333 0.8000 1.0000
~ 0.8000 0.9333 0.8667 1.0000
Z 0.8667 0.9333 0.9333 1.0000
A 0.9333 0.9333 1.0000 1.0000
