P 0.0000 0.0000 0.0667 0.0667
A 0.0667 0.0000 0.1333 0.0667
R 0.1333 0.0000 0.2000 0.0667
T 0.2000 0.0000 0.2667 0.0667
N 0.2667 0.0000 0.3333 0.0667
E 0.3333 0.0000 0.4000 0.0667
~ 0.4000 0.0000 0.4667 0.0667
S 0.4667 0.0000 0.5333 0.0667
~ 0.5333 0.0000 0.6000 0.0667
~ 0.6000 0.0000 0.6667 0.0667
~ 0.6667 0.0000 0.7333 0.0667
~ 0.7333 0.0000 0.8000 0.0667
~ 0.8000 0.0000 0.8667 0.0667
~ 0.8667 0.0000 0.9333 0.0667
A 0.9333 0.0000 1.0000 0.0667
O 0.0000 0.0667 0.0667 0.1333
~ 0.0667 0.0667 0.1333 0.1333
~ 0.1333 0.0667 0.2000 0.1333
~ 0.2000 0.0667 0.2667 0.1333
~ 0.2667 0.0667 0.3333 0.1333
~ 0.3333 0.0667 0.4000 0.1333
~ 0.4000 0.0667 0.4667 0.1333
~ 0.4667 0.0667 0.5333 0.1333
~ 0.5333 0.0667 0.6000 0.1333
D 0.6000 0.0667 0.6667 0.1333
E 0.6667 0.0667 0.7333 0.1333
V 0.7333 0.0667 0.8000 0.1333
O 0.8000 0.0667 0.8667 0.1333
U 0.8667 0.0667 0.9333 0.1333
R 0.9333 0.0667 1.0000 0.1333
D 0.0000 0.1333 0.0667 0.2000
E 0.0667 0.1333 0.1333 0.2000
X 0.1333 0.1333 0.2000 0.2000
~ 0.2000 0.1333 0.2667 0.2000
~ 0.2667 0.1333 0.3333 0.2000
~ 0.3333 0.1333 0.4000 0.2000
R 0.4000 0.1333 0.4667 0.2000
O 0.4667 0.1333 0.5333 0.2000
T 0.5333 0.1333 0.6000 0.2000
O 0.6000 0.1333 0.6667 0.2000
R 0.6667 0.1333 0.7333 0.2000
~ 0.7333 0.1333 0.8000 0.2000
~ 0.8000 0.1333 0.8667 0.2000
~ 0.8667 0.1333 0.9333 0.2000
C 0.9333 0.1333 1.0000 0.2000
~ 0.0000 0.2000 0.0667 0.2667
F 0.0667 0.2000 0.1333 0.2667
I 0.1333 0.2000 0.2000 0.2667
N 0.2000 0.2000 0.2667 0.2667
K 0.2667 0.2000 0.3333 0.2667
~ 0.3333 0.2000 0.4000 0.2667
~ 0.4000 0.2000 0.4667 0.2667
~ 0.4667 0.2000 0.5333 0.2667
~ 0.5333 0.2000 0.6000 0.2667
L 0.6000 0.2000 0.6667 0.2667
E 0.6667 0.2000 0.7333 0.2667
G 0.7333 0.2000 0.8000 0.2667
~ 0.8000 0.2000 0.8667 0.2667
~ 0.8667 0.2000 0.9333 0.2667
U 0.9333 0.2000 1.0000 0.2667
~ 0.0000 0.2667 0.0667 0.3333
~ 0.0667 0.2667 0.1333 0.3333
~ 0.1333 0.2667 0.2000 0.3333
~ 0.2000 0.2667 0.2667 0.3333
I 0.2667 0.2667 0.3333 0.3333
~ 0.3333 0.2667 0.4000 0.3333
~ 0.4000 0.2667 0.4667 0.3333
~ 0.4667 0.2667 0.5333 0.3333
~ 0.5333 0.2667 0.6000 0.3333
~ 0.6000 0.2667 0.6667 0.3333
~ 0.6667 0.2667 0.7333 0.3333
~ 0.7333 0.2667 0.8000 0.3333
~ 0.8000 0.2667 0.8667 0.3333
~ 0.8667 0.2667 0.9333 0.3333
A 0.9333 0.2667 1.0000 0.3333
P 0.0000 0.3333 0.0667 0.4000
~ 0.0667 0.3333 0.1333 0.4000
~ 0.1333 0.3333 0.2000 0.4000
~ 0.2000 0.3333 0.2667 0.4000
L 0.2667 0.3333 0.3333 0.4000
A 0.3333 0.3333 0.4000 0.4000
T 0.4000 0.3333 0.4667 0.4000
U 0.4667 0.3333 0.5333 0.4000
~ 0.5333 0.3333 0.6000 0.4000
~ 0.6000 0.3333 0.6667 0.4000
~ 0.6667 0.3333 0.7333 0.4000
~ 0.7333 0.3333 0.8000 0.4000
~ 0.8000 0.3333 0.8667 0.4000
~ 0.8667 0.3333 0.9333 0.4000
T 0.9333 0.3333 1.0000 0.4000
I 0.0000 0.4000 0.0667 0.4667
~ 0.0667 0.4000 0.1333 0.4667
M 0.1333 0.4000 0.2000 0.4667
O 0.2000 0.4000 0.2667 0.4667
O 0.2667 0.4000 0.3333 0.4667
D 0.3333 0.4000 0.4000 0.4667
~ 0.4000 0.4000 0.4667 0.4667
~ 0.4667 0.4000 0.5333 0.4667
~ 0.5333 0.4000 0.6000 0.4667
~ 0.6000 0.4000 0.6667 0.4667
~ 0.6667 0.4000 0.7333 0.4667
~ 0.7333 0.4000 0.8000 0.4667
C 0.8000 0.4000 0.8667 0.4667
~ 0.8667 0.4000 0.9333 0.4667
E 0.9333 0.4000 1.0000 0.4667
R 0.0000 0.4667 0.0667 0.5333
H 0.0667 0.4667 0.1333 0.5333
U 0.1333 0.4667 0.2000 0.5333
M 0.2000 0.4667 0.2667 0.5333
B 0.2667 0.4667 0.3333 0.5333
~ 0.3333 0.4667 0.4000 0.5333
H 0.4000 0.4667 0.4667 0.5333
O 0.4667 0.4667 0.5333 0.5333
W 0.5333 0.4667 0.6000 0.5333
L 0.6000 0.4667 0.6667 0.5333
~ 0.6667 0.4667 0.7333 0.5333
J 0.7333 0.4667 0.8000 0.5333
E 0.8000 0.4667 0.8667 0.5333
E 0.8667 0.4667 0.9333 0.5333
D 0.9333 0.4667 1.0000 0.5333
A 0.0000 0.5333 0.0667 0.6000
~ 0.0667 0.5333 0.1333 0.6000
~ 0.1333 0.5333 0.2000 0.6000
~ 0.2000 0.5333 0.2667 0.6000
A 0.2667 0.5333 0.3333 0.6000
Y 0.3333 0.5333 0.4000 0.6000
I 0.4000 0.5333 0.4667 0.6000
N 0.4667 0.5333 0.5333 0.6000
~ 0.5333 0.5333 0.6000 0.6000
O 0.6000 0.5333 0.6667 0.6000
~ 0.6667 0.5333 0.7333 0.6000
~ 0.7333 0.5333 0.8000 0.6000
A 0.8000 0.5333 0.8667 0.6000
~ 0.8667 0.5333 0.9333 0.6000
~ 0.9333 0.5333 1.0000 0.6000
T 0.0000 0.6000 0.0667 0.6667
~ 0.0667 0.6000 0.1333 0.6667
~ 0.1333 0.6000 0.2000 0.6667
~ 0.2000 0.6000 0.2667 0.6667
S 0.2667 0.6000 0.3333 0.6667
A 0.3333 0.6000 0.4000 0.6667
N 0.4000 0.6000 0.4667 0.6667
S 0.4667 0.6000 0.5333 0.6667
E 0.5333 0.6000 0.6000 0.6667
R 0.6000 0.6000 0.6667 0.6667
I 0.6667 0.6000 0.7333 0.6667
F 0.7333 0.6000 0.8000 0.6667
S 0.8000 0.6000 0.8667 0.6667
~ 0.8667 0.6000 0.9333 0.6667
~ 0.9333 0.6000 1.0000 0.6667
E 0.0000 0.6667 0.0667 0.7333
~ 0.0667 0.6667 0.1333 0.7333
~ 0.1333 0.6667 0.2000 0.7333
W 0.2000 0.6667 0.2667 0.7333
E 0.2667 0.6667 0.3333 0.7333
~ 0.3333 0.6667 0.4000 0.7333
~ 0.4000 0.6667 0.4667 0.7333
~ 0.4667 0.6667 0.5333 0.7333
~ 0.5333 0.6667 0.6000 0.7333
N 0.6000 0.6667 0.6667 0.7333
~ 0.6667 0.6667 0.7333 0.7333
~ 0.7333 0.6667 0.8000 0.7333
~ 0.8000 0.6667 0.8667 0.7333
~ 0.8667 0.6667 0.9333 0.7333
~ 0.9333 0.6667 1.0000 0.7333
~ 0.0000 0.7333 0.0667 0.8000
~ 0.0667 0.7333 0.1333 0.8000
Q 0.1333 0.7333 0.2000 0.8000
I 0.2000 0.7333 0.2667 0.8000
~ 0.2667 0.7333 0.3333 0.8000
~ 0.3333 0.7333 0.4000 0.8000
~ 0.4000 0.7333 0.4667 0.8000
~ 0.4667 0.7333 0.5333 0.8000
~ 0.5333 0.7333 0.6000 0.8000
~ 0.6000 0.7333 0.6667 0.8000
~ 0.6667 0.7333 0.7333 0.8000
E 0.7333 0.7333 0.8000 0.8000
N 0.8000 0.7333 0.8667 0.8000
V 0.8667 0.7333 0.9333 0.8000
Y 0.9333 0.7333 1.0000 0.8000
~ 0.0000 0.8000 0.0667 0.8667
B 0.0667 0.8000 0.1333 0.8667
I 0.1333 0.8000 0.2000 0.8667
Z 0.2000 0.8000 0.2667 0.8667
~ 0.2667 0.8000 0.3333 0.8667
~ 0.3333 0.8000 0.4000 0.8667
~ 0.4000 0.8000 0.4667 0.8667
~ 0.4667 0.8000 0.5333 0.8667
~ 0.5333 0.8000 0.6000 0.8667
~ 0.6000 0.8000 0.6667 0.8667
~ 0.6667 0.8000 0.7333 0.8667
~ 0.7333 0.8000 0.8000 0.8667
G 0.8000 0.8000 0.8667 0.8667
~ 0.8667 0.8000 0.9333 0.8667
E 0.9333 0.8000 1.0000 0.8667
~ 0.0000 0.8667 0.0667 0.9333
I 0.0667 0.8667 0.1333 0.9333
~ 0.1333 0.8667 0.2000 0.9333
~ 0.2000 0.8667 0.2667 0.9333
~ 0.2667 0.8667 0.3333 0.9333
~ 0.3333 0.8667 0.4000 0.9333
~ 0.4000 0.8667 0.4667 0.9333
~ 0.4667 0.8667 0.5333 0.9333
~ 0.5333 0.8667 0.6000 0.9333
~ 0.6000 0.8667 0.6667 0.9333
~ 0.6667 0.8667 0.7333 0.9333
~ 0.7333 0.8667 0.8000 0.9333
~ 0.8000 0.8667 0.8667 0.9333
~ 0.8667 0.8667 0.9333 0.9333
T 0.9333 0.8667 1.0000 0.9333
~ 0.0000 0.9333 0.0667 1.0000
G 0.0667 0.9333 0.1333 1.0000
~ 0.1333 0.9333 0.2000 1.0000
~ 0.2000 0.9333 0.2667 1.0000
~ 0.2667 0.9333 0.3333 1.0000
~ 0.3333 0.9333 0.4000 1.0000
~ 0.4000 0.9333 0.4667 1.0000
~ 0.4667 0.9333 0.5333 1.0000
~ 0.5333 0.9333 0.6000 1.0000
~ 0.6000 0.9333 0.6667 1.0000
~ 0.6667 0.9333 0.7333 1.0000
~ 0.7333 0.9333 0.8000 1.0000
~ 0.8000 0.9333 0.8667 1.0000
~ 0.8667 0.9333 0.9333 1.0000
I 0.9333 0.9333 1.0000 1.0000
