N 0.0000 0.0000 0.0667 0.0667
U 0.0667 0.0000 0.1333 0.0667
~ 0.1333 0.0000 0.2000 0.0667
~ 0.2000 0.0000 0.2667 0.0667
~ 0.2667 0.0000 0.3333 0.0667
~ 0.3333 0.0000 0.4000 0.0667
~ 0.4000 0.0000 0.4667 0.0667
~ 0.4667 0.0000 0.5333 0.0667
~ 0.5333 0.0000 0.6000 0.0667
~ 0.6000 0.0000 0.6667 0.0667
~ 0.6667 0.0000 0.7333 0.0667
~ 0.7333 0.0000 0.8000 0.0667
G 0.8000 0.0000 0.8667 0.0667
~ 0.8667 0.0000 0.9333 0.0667
C 0.9333 0.0000 1.0000 0.0667
O 0.0000 0.0667 0.0667 0.1333
N 0.0667 0.0667 0.1333 0.1333
~ 0.1333 0.0667 0.2000 0.1333
~ 0.2000 0.0667 0.2667 0.1333
~ 0.2667 0.0667 0.3333 0.1333
~ 0.3333 0.0667 0.4000 0.1333
~ 0.4000 0.0667 0.4667 0.1333
~ 0.4667 0.0667 0.5333 0.1333
~ 0.5333 0.0667 0.6000 0.1333
E 0.6000 0.0667 0.6667 0.1333
T 0.6667 0.0667 0.7333 0.1333
~ 0.7333 0.0667 0.8000 0.1333
R 0.8000 0.0667 0.8667 0.1333
~ 0.8667 0.0667 0.9333 0.1333
A 0.9333 0.0667 1.0000 0.1333
B 0.0000 0.1333 0.0667 0.2000
I 0.0667 0.1333 0.1333 0.2000
~ 0.1333 0.1333 0.2000 0.2000
~ 0.2000 0.1333 0.2667 0.2000
L 0.2667 0.1333 0.3333 0.2000
A 0.3333 0.1333 0.4000 0.2000
S 0.4000 0.1333 0.4667 0.2000
S 0.4667 0.1333 0.5333 0.2000
~ 0.5333 0.1333 0.6000 0.2000
~ 0.6000 0.1333 0.6667 0.2000
~ 0.6667 0.1333 0.7333 0.2000
~ 0.7333 0.1333 0.8000 0.2000
O 0.8000 0.1333 0.8667 0.2000
~ 0.8667 0.1333 0.9333 0.2000
V 0.9333 0.1333 1.0000 0.2000
~ 0.0000 0.2000 0.0667 0.2667
T 0.0667 0.2000 0.1333 0.2667
W 0.1333 0.2000 0.2000 0.2667
O 0.2000 0.2000 0.2667 0.2667
O 0.2667 0.2000 0.3333 0.2667
N 0.3333 0.2000 0.4000 0.2667
I 0.4000 0.2000 0.4667 0.2667
E 0.4667 0.2000 0.5333 0.2667
~ 0.5333 0.2000 0.6000 0.2667
~ 0.6000 0.2000 0.6667 0.2667
P 0.6667 0.2000 0.7333 0.2667
A 0.7333 0.2000 0.8000 0.2667
T 0.8000 0.2000 0.8667 0.2667
T 0.8667 0.2000 0.9333 0.2667
Y 0.9333 0.2000 1.0000 0.2667
~ 0.0000 0.2667 0.0667 0.3333
I 0.0667 0.2667 0.1333 0.3333
~ 0.1333 0.2667 0.2000 0.3333
~ 0.2000 0.2667 0.2667 0.3333
~ 0.2667 0.2667 0.3333 0.3333
~ 0.3333 0.2667 0.4000 0.3333
~ 0.4000 0.2667 0.4667 0.3333
R 0.4667 0.2667 0.5333 0.3333
E 0.5333 0.2667 0.6000 0.3333
J 0.6000 0.2667 0.6667 0.3333
I 0.6667 0.2667 0.7333 0.3333
G 0.7333 0.2667 0.8000 0.3333
~ 0.8000 0.2667 0.8667 0.3333
~ 0.8667 0.2667 0.9333 0.3333
~ 0.9333 0.2667 1.0000 0.3333
~ 0.0000 0.3333 0.0667 0.4000
V 0.0667 0.3333 0.1333 0.4000
~ 0.1333 0.3333 0.2000 0.4000
~ 0.2000 0.3333 0.2667 0.4000
~ 0.2667 0.3333 0.3333 0.4000
~ 0.3333 0.3333 0.4000 0.4000
~ 0.4000 0.3333 0.4667 0.4000
~ 0.4667 0.3333 0.5333 0.4000
~ 0.5333 0.3333 0.6000 0.4000
O 0.6000 0.3333 0.6667 0.4000
~ 0.6667 0.3333 0.7333 0.4000
~ 0.7333 0.3333 0.8000 0.4000
~ 0.8000 0.3333 0.8667 0.4000
~ 0.8667 0.3333 0.9333 0.4000
~ 0.9333 0.3333 1.0000 0.4000
F 0.0000 0.4000 0.0667 0.4667
E 0.0667 0.4000 0.1333 0.4667
Z 0.1333 0.4000 0.2000 0.4667
~ 0.2000 0.4000 0.2667 0.4667
H 0.2667 0.4000 0.3333 0.4667
~ 0.3333 0.4000 0.4000 0.4667
Q 0.4000 0.4000 0.4667 0.4667
A 0.4667 0.4000 0.5333 0.4667
T 0.5333 0.4000 0.6000 0.4667
S 0.6000 0.4000 0.6667 0.4667
~ 0.6667 0.4000 0.7333 0.4667
~ 0.7333 0.4000 0.8000 0.4667
~ 0.8000 0.4000 0.8667 0.4667
O 0.8667 0.4000 0.9333 0.4667
~ 0.9333 0.4000 1.0000 0.4667
U 0.0000 0.4667 0.0667 0.5333
~ 0.0667 0.4667 0.1333 0.5333
A 0.1333 0.4667 0.2000 0.5333
P 0.2000 0.4667 0.2667 0.5333
O 0.2667 0.4667 0.3333 0.5333
R 0.3333 0.4667 0.4000 0.5333
I 0.4000 0.4667 0.4667 0.5333
A 0.4667 0.4667 0.5333 0.5333
~ 0.5333 0.4667 0.6000 0.5333
H 0.6000 0.4667 0.6667 0.5333
E 0.6667 0.4667 0.7333 0.5333
R 0.7333 0.4667 0.8000 0.5333
M 0.8000 0.4667 0.8667 0.5333
I 0.8667 0.4667 0.9333 0.5333
T 0.9333 0.4667 1.0000 0.5333
L 0.0000 0.5333 0.0667 0.6000
~ 0.0667 0.5333 0.1333 0.6000
G 0.1333 0.5333 0.2000 0.6000
A 0.2000 0.5333 0.2667 0.6000
M 0.2667 0.5333 0.3333 0.6000
~ 0.3333 0.5333 0.4000 0.6000
~ 0.4000 0.5333 0.4667 0.6000
~ 0.4667 0.5333 0.5333 0.6000
~ 0.5333 0.5333 0.6000 0.6000
E 0.6000 0.5333 0.6667 0.6000
~ 0.6667 0.5333 0.7333 0.6000
~ 0.7333 0.5333 0.8000 0.6000
~ 0.8000 0.5333 0.8667 0.6000
L 0.8667 0.5333 0.9333 0.6000
~ 0.9333 0.5333 1.0000 0.6000
L 0.0000 0.6000 0.0667 0.6667
~ 0.0667 0.6000 0.1333 0.6667
~ 0.1333 0.6000 0.2000 0.6667
~ 0.2000 0.6000 0.2667 0.6667
E 0.2667 0.6000 0.3333 0.6667
X 0.3333 0.6000 0.4000 0.6667
~ 0.4000 0.6000 0.4667 0.6667
~ 0.4667 0.6000 0.5333 0.6667
~ 0.5333 0.6000 0.6000 0.6667
D 0.6000 0.6000 0.6667 0.6667
~ 0.6667 0.6000 0.7333 0.6667
~ 0.7333 0.6000 0.8000 0.6667
~ 0.8000 0.6000 0.8667 0.6667
B 0.8667 0.6000 0.9333 0.6667
~ 0.9333 0.6000 1.0000 0.6667
E 0.0000 0.6667 0.0667 0.7333
~ 0.0667 0.6667 0.1333 0.7333
~ 0.1333 0.6667 0.2000 0.7333
~ 0.2000 0.6667 0.2667 0.7333
~ 0.2667 0.6667 0.3333 0.7333
I 0.3333 0.6667 0.4000 0.7333
~ 0.4000 0.6667 0.4667 0.7333
~ 0.4667 0.6667 0.5333 0.7333
~ 0.5333 0.6667 0.6000 0.7333
~ 0.6000 0.6667 0.6667 0.7333
U 0.6667 0.6667 0.7333 0.7333
~ 0.7333 0.6667 0.8000 0.7333
~ 0.8000 0.6667 0.8667 0.7333
~ 0.8667 0.6667 0.9333 0.7333
~ 0.9333 0.6667 1.0000 0.7333
R 0.0000 0.7333 0.0667 0.8000
~ 0.0667 0.7333 0.1333 0.8000
~ 0.1333 0.7333 0.2000 0.8000
W 0.2000 0.7333 0.2667 0.8000
O 0.2667 0.7333 0.3333 0.8000
~ 0.3333 0.7333 0.4000 0.8000
~ 0.4000 0.7333 0.4667 0.8000
F 0.4667 0.7333 0.5333 0.8000
U 0.5333 0.7333 0.6000 0.8000
N 0.6000 0.7333 0.6667 0.8000
K 0.6667 0.7333 0.7333 0.8000
I 0.7333 0.7333 0.8000 0.8000
E 0.8000 0.7333 0.8667 0.8000
R 0.8667 0.7333 0.9333 0.8000
~ 0.9333 0.7333 1.0000 0.8000
~ 0.0000 0.8000 0.0667 0.8667
~ 0.0667 0.8000 0.1333 0.8667
~ 0.1333 0.8000 0.2000 0.8667
I 0.2000 0.8000 0.2667 0.8667
D 0.2667 0.8000 0.3333 0.8667
~ 0.3333 0.8000 0.4000 0.8667
~ 0.4000 0.8000 0.4667 0.8667
A 0.4667 0.8000 0.5333 0.8667
~ 0.5333 0.8000 0.6000 0.8667
~ 0.6000 0.8000 0.6667 0.8667
E 0.6667 0.8000 0.7333 0.8667
~ 0.7333 0.8000 0.8000 0.8667
~ 0.8000 0.8000 0.8667 0.8667
D 0.8667 0.8000 0.9333 0.8667
~ 0.9333 0.8000 1.0000 0.8667
C 0.0000 0.8667 0.0667 0.9333
A 0.0667 0.8667 0.1333 0.9333
N 0.1333 0.8667 0.2000 0.9333
D 0.2000 0.8667 0.2667 0.9333
Y 0.2667 0.8667 0.3333 0.9333
~ 0.3333 0.8667 0.4000 0.9333
~ 0.4000 0.8667 0.4667 0.9333
N 0.4667 0.8667 0.5333 0.9333
~ 0.5333 0.8667 0.6000 0.9333
~ 0.6000 0.8667 0.6667 0.9333
~ 0.6667 0.8667 0.7333 0.9333
~ 0.7333 0.8667 0.8000 0.9333
~ 0.8000 0.8667 0.8667 0.9333
S 0.8667 0.8667 0.9333 0.9333
~ 0.9333 0.8667 1.0000 0.9333
~ 0.0000 0.9333 0.0667 1.0000
~ 0.0667 0.9333 0.1333 1.0000
~ 0.1333 0.9333 0.2000 1.0000
E 0.2000 0.9333 0.2667 1.0000
~ 0.2667 0.9333 0.3333 1.0000
~ 0.3333 0.9333 0.4000 1.0000
~ 0.4000 0.9333 0.4667 1.0000
E 0.4667 0.9333 0.5333 1.0000
~ 0.5333 0.9333 0.6000 1.0000
~ 0.6000 0.9333 0.6667 1.0000
~ 0.6667 0.9333 0.7333 1.0000
~ 0.7333 0.9333 0.8000 1.0000
~ 0.8000 0.9333 0.8667 1.0000
~ 0.8667 0.9333 0.9333 1.0000
~ 0.9333 0.9333 1.0000 1.0000
