~ 0.0000 0.0000 0.0667 0.0667
~ 0.0667 0.0000 0.1333 0.0667
~ 0.1333 0.0000 0.2000 0.0667
~ 0.2000 0.0000 0.2667 0.0667
~ 0.2667 0.0000 0.3333 0.0667
~ 0.3333 0.0000 0.4000 0.0667
F 0.4000 0.0000 0.4667 0.0667
A 0.4667 0.0000 0.5333 0.0667
X 0.5333 0.0000 0.6000 0.0667
~ 0.6000 0.0000 0.6667 0.0667
G 0.6667 0.0000 0.7333 0.0667
O 0.7333 0.0000 0.8000 0.0667
O 0.8000 0.0000 0.8667 0.0667
N 0.8667 0.0000 0.9333 0.0667
Y 0.9333 0.0000 1.0000 0.0667
~ 0.0000 0.0667 0.0667 0.1333
~ 0.0667 0.0667 0.1333 0.1333
E 0.1333 0.0667 0.2000 0.1333
L 0.2000 0.0667 0.2667 0.1333
A 0.2667 0.0667 0.3333 0.1333
T 0.3333 0.0667 0.4000 0.1333
E 0.4000 0.0667 0.4667 0.1333
R 0.4667 0.0667 0.5333 0.1333
I 0.5333 0.0667 0.6000 0.1333
T 0.6000 0.0667 0.6667 0.1333
E 0.6667 0.0667 0.7333 0.1333
~ 0.7333 0.0667 0.8000 0.1333
~ 0.8000 0.0667 0.8667 0.1333
~ 0.8667 0.0667 0.9333 0.1333
~ 0.9333 0.0667 1.0000 0.1333
~ 0.0000 0.1333 0.0667 0.2000
~ 0.0667 0.1333 0.1333 0.2000
C 0.1333 0.1333 0.2000 0.2000
~ 0.2000 0.1333 0.2667 0.2000
D 0.2667 0.1333 0.3333 0.2000
A 0.3333 0.1333 0.4000 0.2000
W 0.4000 0.1333 0.4667 0.2000
~ 0.4667 0.1333 0.5333 0.2000
~ 0.5333 0.1333 0.6000 0.2000
~ 0.6000 0.1333 0.6667 0.2000
S 0.6667 0.1333 0.7333 0.2000
~ 0.7333 0.1333 0.8000 0.2000
~ 0.8000 0.1333 0.8667 0.2000
B 0.8667 0.1333 0.9333 0.2000
~ 0.9333 0.1333 1.0000 0.2000
~ 0.0000 0.2000 0.0667 0.2667
~ 0.0667 0.2000 0.1333 0.2667
H 0.1333 0.2000 0.2000 0.2667
~ 0.2000 0.2000 0.2667 0.2667
~ 0.2667 0.2000 0.3333 0.2667
~ 0.3333 0.2000 0.4000 0.2667
~ 0.4000 0.2000 0.4667 0.2667
P 0.4667 0.2000 0.5333 0.2667
~ 0.5333 0.2000 0.6000 0.2667
~ 0.6000 0.2000 0.6667 0.2667
T 0.6667 0.2000 0.7333 0.2667
~ 0.7333 0.2000 0.8000 0.2667
~ 0.8000 0.2000 0.8667 0.2667
O 0.8667 0.2000 0.9333 0.2667
~ 0.9333 0.2000 1.0000 0.2667
~ 0.0000 0.2667 0.0667 0.3333
~ 0.0667 0.2667 0.1333 0.3333
N 0.1333 0.2667 0.2000 0.3333
~ 0.2000 0.2667 0.2667 0.3333
Q 0.2667 0.2667 0.3333 0.3333
I 0.3333 0.2667 0.4000 0.3333
~ 0.4000 0.2667 0.4667 0.3333
A 0.4667 0.2667 0.5333 0.3333
~ 0.5333 0.2667 0.6000 0.3333
~ 0.6000 0.2667 0.6667 0.3333
U 0.6667 0.2667 0.7333 0.3333
~ 0.7333 0.2667 0.8000 0.3333
~ 0.8000 0.2667 0.8667 0.3333
L 0.8667 0.2667 0.9333 0.3333
~ 0.9333 0.2667 1.0000 0.3333
~ 0.0000 0.3333 0.0667 0.4000
~ 0.0667 0.3333 0.1333 0.4000
O 0.1333 0.3333 0.2000 0.4000
~ 0.2000 0.3333 0.2667 0.4000
~ 0.2667 0.3333 0.3333 0.4000
D 0.3333 0.3333 0.4000 0.4000
I 0.4000 0.3333 0.4667 0.4000
S 0.4667 0.3333 0.5333 0.4000
A 0.5333 0.3333 0.6000 0.4000
G 0.6000 0.3333 0.6667 0.4000
~ 0.6667 0.3333 0.7333 0.4000
E 0.7333 0.3333 0.8000 0.4000
E 0.8000 0.3333 0.8667 0.4000
D 0.8667 0.3333 0.9333 0.4000
~ 0.9333 0.3333 1.0000 0.4000
~ 0.0000 0.4000 0.0667 0.4667
~ 0.0667 0.4000 0.1333 0.4667
S 0.1333 0.4000 0.2000 0.4667
~ 0.2000 0.4000 0.2667 0.4667
~ 0.2667 0.4000 0.3333 0.4667
~ 0.3333 0.4000 0.4000 0.4667
~ 0.4000 0.4000 0.4667 0.4667
T 0.4667 0.4000 0.5333 0.4667
~ 0.5333 0.4000 0.6000 0.4667
~ 0.6000 0.4000 0.6667 0.4667
A 0.6667 0.4000 0.7333 0.4667
~ 0.7333 0.4000 0.8000 0.4667
N 0.8000 0.4000 0.8667 0.4667
~ 0.8667 0.4000 0.9333 0.4667
O 0.9333 0.4000 1.0000 0.4667
~ 0.0000 0.4667 0.0667 0.5333
~ 0.0667 0.4667 0.1333 0.5333
~ 0.1333 0.4667 0.2000 0.5333
~ 0.2000 0.4667 0.2667 0.5333
~ 0.2667 0.4667 0.3333 0.5333
K 0.3333 0.4667 0.4000 0.5333
~ 0.4000 0.4667 0.4667 0.5333
I 0.4667 0.4667 0.5333 0.5333
~ 0.5333 0.4667 0.6000 0.5333
~ 0.6000 0.4667 0.6667 0.5333
L 0.6667 0.4667 0.7333 0.5333
~ 0.7333 0.4667 0.8000 0.5333
H 0.8000 0.4667 0.8667 0.5333
U 0.8667 0.4667 0.9333 0.5333
B 0.9333 0.4667 1.0000 0.5333
~ 0.0000 0.5333 0.0667 0.6000
~ 0.0667 0.5333 0.1333 0.6000
~ 0.1333 0.5333 0.2000 0.6000
P 0.2000 0.5333 0.2667 0.6000
R 0.2667 0.5333 0.3333 0.6000
I 0.3333 0.5333 0.4000 0.6000
M 0.4000 0.5333 0.4667 0.6000
E 0.4667 0.5333 0.5333 0.6000
~ 0.5333 0.5333 0.6000 0.6000
~ 0.6000 0.5333 0.6667 0.6000
~ 0.6667 0.5333 0.7333 0.6000
~ 0.7333 0.5333 0.8000 0.6000
A 0.8000 0.5333 0.8667 0.6000
~ 0.8667 0.5333 0.9333 0.6000
E 0.9333 0.5333 1.0000 0.6000
~ 0.0000 0.6000 0.0667 0.6667
~ 0.0667 0.6000 0.1333 0.6667
~ 0.1333 0.6000 0.2000 0.6667
U 0.2000 0.6000 0.2667 0.6667
~ 0.2667 0.6000 0.3333 0.6667
F 0.3333 0.6000 0.4000 0.6667
O 0.4000 0.6000 0.4667 0.6667
R 0.4667 0.6000 0.5333 0.6667
~ 0.5333 0.6000 0.6000 0.6667
~ 0.6000 0.6000 0.6667 0.6667
~ 0.6667 0.6000 0.7333 0.6667
~ 0.7333 0.6000 0.8000 0.6667
N 0.8000 0.6000 0.8667 0.6667
~ 0.8667 0.6000 0.9333 0.6667
L 0.9333 0.6000 1.0000 0.6667
I 0.0000 0.6667 0.0667 0.7333
R 0.0667 0.6667 0.1333 0.7333
I 0.1333 0.6667 0.2000 0.7333
N 0.2000 0.6667 0.2667 0.7333
G 0.2667 0.6667 0.3333 0.7333
~ 0.3333 0.6667 0.4000 0.7333
W 0.4000 0.6667 0.4667 0.7333
~ 0.4667 0.6667 0.5333 0.7333
~ 0.5333 0.6667 0.6000 0.7333
~ 0.6000 0.6667 0.6667 0.7333
J 0.6667 0.6667 0.7333 0.7333
~ 0.7333 0.6667 0.8000 0.7333
C 0.8000 0.6667 0.8667 0.7333
~ 0.8667 0.6667 0.9333 0.7333
I 0.9333 0.6667 1.0000 0.7333
~ 0.0000 0.7333 0.0667 0.8000
~ 0.0667 0.7333 0.1333 0.8000
~ 0.1333 0.7333 0.2000 0.8000
T 0.2000 0.7333 0.2667 0.8000
~ 0.2667 0.7333 0.3333 0.8000
~ 0.3333 0.7333 0.4000 0.8000
~ 0.4000 0.7333 0.4667 0.8000
~ 0.4667 0.7333 0.5333 0.8000
M 0.5333 0.7333 0.6000 0.8000
A 0.6000 0.7333 0.6667 0.8000
U 0.6667 0.7333 0.7333 0.8000
V 0.7333 0.7333 0.8000 0.8000
E 0.8000 0.7333 0.8667 0.8000
~ 0.8667 0.7333 0.9333 0.8000
A 0.9333 0.7333 1.0000 0.8000
O 0.0000 0.8000 0.0667 0.8667
O 0.0667 0.8000 0.1333 0.8667
Z 0.1333 0.8000 0.2000 0.8667
E 0.2000 0.8000 0.2667 0.8667
~ 0.2667 0.8000 0.3333 0.8667
V 0.3333 0.8000 0.4000 0.8667
E 0.4000 0.8000 0.4667 0.8667
R 0.4667 0.8000 0.5333 0.8667
Y 0.5333 0.8000 0.6000 0.8667
~ 0.6000 0.8000 0.6667 0.8667
N 0.6667 0.8000 0.7333 0.8667
~ 0.7333 0.8000 0.8000 0.8667
S 0.8000 0.8000 0.8667 0.8667
~ 0.8667 0.8000 0.9333 0.8667
~ 0.9333 0.8000 1.0000 0.8667
~ 0.0000 0.8667 0.0667 0.9333
~ 0.0667 0.8667 0.1333 0.9333
~ 0.1333 0.8667 0.2000 0.9333
~ 0.2000 0.8667 0.2667 0.9333
~ 0.2667 0.8667 0.3333 0.9333
~ 0.3333 0.8667 0.4000 0.9333
~ 0.4000 0.8667 0.4667 0.9333
~ 0.4667 0.8667 0.5333 0.9333
~ 0.5333 0.8667 0.6000 0.9333
~ 0.6000 0.8667 0.6667 0.9333
~ 0.6667 0.8667 0.7333 0.9333
~ 0.7333 0.8667 0.8000 0.9333
~ 0.8000 0.8667 0.8667 0.9333
~ 0.8667 0.8667 0.9333 0.9333
~ 0.9333 0.8667 1.0000 0.9333
~ 0.0000 0.9333 0.0667 1.0000
~ 0.0667 0.9333 0.1333 1.0000
~ 0.1333 0.9333 0.2000 1.0000
~ 0.2000 0.9333 0.2667 1.0000
~ 0.2667 0.9333 0.3333 1.0000
~ 0.3333 0.9333 0.4000 1.0000
~ 0.4000 0.9333 0.4667 1.0000
~ 0.4667 0.9333 0.5333 1.0000
~ 0.5333 0.9333 0.6000 1.0000
~ 0.6000 0.9333 0.6667 1.0000
~ 0.6667 0.9333 0.7333 1.0000
~ 0.7333 0.9333 0.8000 1.0000
~ 0.8000 0.9333 0.8667 1.0000
~ 0.8667 0.9333 0.9333 1.0000
~ 0.9333 0.9333 1.0000 1.0000
