~ 0.0000 0.0000 0.0667 0.0667
~ 0.0667 0.0000 0.1333 0.0667
~ 0.1333 0.0000 0.2000 0.0667
~ 0.2000 0.0000 0.2667 0.0667
~ 0.2667 0.0000 0.3333 0.0667
~ 0.3333 0.0000 0.4000 0.0667
~ 0.4000 0.0000 0.4667 0.0667
~ 0.4667 0.0000 0.5333 0.0667
~ 0.5333 0.0000 0.6000 0.0667
~ 0.6000 0.0000 0.6667 0.0667
~ 0.6667 0.0000 0.7333 0.0667
J 0.7333 0.0000 0.8000 0.0667
O 0.8000 0.0000 0.8667 0.0667
L 0.8667 0.0000 0.9333 0.0667
E 0.9333 0.0000 1.0000 0.0667
~ 0.0000 0.0667 0.0667 0.1333
~ 0.0667 0.0667 0.1333 0.1333
~ 0.1333 0.0667 0.2000 0.1333
~ 0.2000 0.0667 0.2667 0.1333
~ 0.2667 0.0667 0.3333 0.1333
~ 0.3333 0.0667 0.4000 0.1333
~ 0.4000 0.0667 0.4667 0.1333
~ 0.4667 0.0667 0.5333 0.1333
~ 0.5333 0.0667 0.6000 0.1333
C 0.6000 0.0667 0.6667 0.1333
~ 0.6667 0.0667 0.7333 0.1333
A 0.7333 0.0667 0.8000 0.1333
~ 0.8000 0.0667 0.8667 0.1333
~ 0.8667 0.0667 0.9333 0.1333
~ 0.9333 0.0667 1.0000 0.1333
~ 0.0000 0.1333 0.0667 0.2000
~ 0.0667 0.1333 0.1333 0.2000
L 0.1333 0.1333 0.2000 0.2000
~ 0.2000 0.1333 0.2667 0.2000
~ 0.2667 0.1333 0.3333 0.2000
~ 0.3333 0.1333 0.4000 0.2000
~ 0.4000 0.1333 0.4667 0.2000
~ 0.4667 0.1333 0.5333 0.2000
W 0.5333 0.1333 0.6000 0.2000
I 0.6000 0.1333 0.6667 0.2000
N 0.6667 0.1333 0.7333 0.2000
G 0.7333 0.1333 0.8000 0.2000
E 0.8000 0.1333 0.8667 0.2000
~ 0.8667 0.1333 0.9333 0.2000
~ 0.9333 0.1333 1.0000 0.2000
~ 0.0000 0.2000 0.0667 0.2667
D 0.0667 0.2000 0.1333 0.2667
E 0.1333 0.2000 0.2000 0.2667
N 0.2000 0.2000 0.2667 0.2667
T 0.2667 0.2000 0.3333 0.2667
~ 0.3333 0.2000 0.4000 0.2667
~ 0.4000 0.2000 0.4667 0.2667
X 0.4667 0.2000 0.5333 0.2667
E 0.5333 0.2000 0.6000 0.2667
D 0.6000 0.2000 0.6667 0.2667
~ 0.6667 0.2000 0.7333 0.2667
G 0.7333 0.2000 0.8000 0.2667
~ 0.8000 0.2000 0.8667 0.2667
~ 0.8667 0.2000 0.9333 0.2667
~ 0.9333 0.2000 1.0000 0.2667
~ 0.0000 0.2667 0.0667 0.3333
~ 0.0667 0.2667 0.1333 0.3333
K 0.1333 0.2667 0.2000 0.3333
I 0.2000 0.2667 0.2667 0.3333
~ 0.2667 0.2667 0.3333 0.3333
~ 0.3333 0.2667 0.4000 0.3333
V 0.4000 0.2667 0.4667 0.3333
I 0.4667 0.2667 0.5333 0.3333
M 0.5333 0.2667 0.6000 0.3333
S 0.6000 0.2667 0.6667 0.3333
~ 0.6667 0.2667 0.7333 0.3333
~ 0.7333 0.2667 0.8000 0.3333
~ 0.8000 0.2667 0.8667 0.3333
~ 0.8667 0.2667 0.9333 0.3333
~ 0.9333 0.2667 1.0000 0.3333
T 0.0000 0.3333 0.0667 0.4000
R 0.0667 0.3333 0.1333 0.4000
U 0.1333 0.3333 0.2000 0.4000
N 0.2000 0.3333 0.2667 0.4000
D 0.2667 0.3333 0.3333 0.4000
L 0.3333 0.3333 0.4000 0.4000
E 0.4000 0.3333 0.4667 0.4000
~ 0.4667 0.3333 0.5333 0.4000
~ 0.5333 0.3333 0.6000 0.4000
~ 0.6000 0.3333 0.6667 0.4000
~ 0.6667 0.3333 0.7333 0.4000
~ 0.7333 0.3333 0.8000 0.4000
~ 0.8000 0.3333 0.8667 0.4000
~ 0.8667 0.3333 0.9333 0.4000
~ 0.9333 0.3333 1.0000 0.4000
I 0.0000 0.4000 0.0667 0.4667
~ 0.0667 0.4000 0.1333 0.4667
~ 0.1333 0.4000 0.2000 0.4667
N 0.2000 0.4000 0.2667 0.4667
~ 0.2667 0.4000 0.3333 0.4667
~ 0.3333 0.4000 0.4000 0.4667
E 0.4000 0.4000 0.4667 0.4667
L 0.4667 0.4000 0.5333 0.4667
~ 0.5333 0.4000 0.6000 0.4667
Q 0.6000 0.4000 0.6667 0.4667
~ 0.6667 0.4000 0.7333 0.4667
~ 0.7333 0.4000 0.8000 0.4667
~ 0.8000 0.4000 0.8667 0.4667
~ 0.8667 0.4000 0.9333 0.4667
~ 0.9333 0.4000 1.0000 0.4667
R 0.0000 0.4667 0.0667 0.5333
~ 0.0667 0.4667 0.1333 0.5333
~ 0.1333 0.4667 0.2000 0.5333
Y 0.2000 0.4667 0.2667 0.5333
A 0.2667 0.4667 0.3333 0.5333
~ 0.3333 0.4667 0.4000 0.5333
P 0.4000 0.4667 0.4667 0.5333
A 0.4667 0.4667 0.5333 0.5333
R 0.5333 0.4667 0.6000 0.5333
I 0.6000 0.4667 0.6667 0.5333
T 0.6667 0.4667 0.7333 0.5333
Y 0.7333 0.4667 0.8000 0.5333
~ 0.8000 0.4667 0.8667 0.5333
~ 0.8667 0.4667 0.9333 0.5333
~ 0.9333 0.4667 1.0000 0.5333
I 0.0000 0.5333 0.0667 0.6000
F 0.0667 0.5333 0.1333 0.6000
~ 0.1333 0.5333 0.2000 0.6000
~ 0.2000 0.5333 0.2667 0.6000
Z 0.2667 0.5333 0.3333 0.6000
A 0.3333 0.5333 0.4000 0.6000
~ 0.4000 0.5333 0.4667 0.6000
R 0.4667 0.5333 0.5333 0.6000
~ 0.5333 0.5333 0.6000 0.6000
~ 0.6000 0.5333 0.6667 0.6000
O 0.6667 0.5333 0.7333 0.6000
O 0.7333 0.5333 0.8000 0.6000
F 0.8000 0.5333 0.8667 0.6000
~ 0.8667 0.5333 0.9333 0.6000
~ 0.9333 0.5333 1.0000 0.6000
T 0.0000 0.6000 0.0667 0.6667
A 0.0667 0.6000 0.1333 0.6667
~ 0.1333 0.6000 0.2000 0.6667
~ 0.2000 0.6000 0.2667 0.6667
O 0.2667 0.6000 0.3333 0.6667
W 0.3333 0.6000 0.4000 0.6667
~ 0.4000 0.6000 0.4667 0.6667
G 0.4667 0.6000 0.5333 0.6667
~ 0.5333 0.6000 0.6000 0.6667
O 0.6000 0.6000 0.6667 0.6667
R 0.6667 0.6000 0.7333 0.6667
B 0.7333 0.6000 0.8000 0.6667
E 0.8000 0.6000 0.8667 0.6667
D 0.8667 0.6000 0.9333 0.6667
~ 0.9333 0.6000 1.0000 0.6667
I 0.0000 0.6667 0.0667 0.7333
~ 0.0667 0.6667 0.1333 0.7333
~ 0.1333 0.6667 0.2000 0.7333
~ 0.2000 0.6667 0.2667 0.7333
T 0.2667 0.6667 0.3333 0.7333
E 0.3333 0.6667 0.4000 0.7333
~ 0.4000 0.6667 0.4667 0.7333
E 0.4667 0.6667 0.5333 0.7333
U 0.5333 0.6667 0.6000 0.7333
O 0.6000 0.6667 0.6667 0.7333
I 0.6667 0.6667 0.7333 0.7333
~ 0.7333 0.6667 0.8000 0.7333
~ 0.8000 0.6667 0.8667 0.7333
~ 0.8667 0.6667 0.9333 0.7333
~ 0.9333 0.6667 1.0000 0.7333
~ 0.0000 0.7333 0.0667 0.8000
T 0.0667 0.7333 0.1333 0.8000
~ 0.1333 0.7333 0.2000 0.8000
U 0.2000 0.7333 0.2667 0.8000
H 0.2667 0.7333 0.3333 0.8000
~ 0.3333 0.7333 0.4000 0.8000
~ 0.4000 0.7333 0.4667 0.8000
N 0.4667 0.7333 0.5333 0.8000
~ 0.5333 0.7333 0.6000 0.8000
~ 0.6000 0.7333 0.6667 0.8000
~ 0.6667 0.7333 0.7333 0.8000
~ 0.7333 0.7333 0.8000 0.8000
~ 0.8000 0.7333 0.8667 0.8000
~ 0.8667 0.7333 0.9333 0.8000
~ 0.9333 0.7333 1.0000 0.8000
~ 0.0000 0.8000 0.0667 0.8667
A 0.0667 0.8000 0.1333 0.8667
~ 0.1333 0.8000 0.2000 0.8667
N 0.2000 0.8000 0.2667 0.8667
~ 0.2667 0.8000 0.3333 0.8667
~ 0.3333 0.8000 0.4000 0.8667
~ 0.4000 0.8000 0.4667 0.8667
S 0.4667 0.8000 0.5333 0.8667
E 0.5333 0.8000 0.6000 0.8667
R 0.6000 0.8000 0.6667 0.8667
A 0.6667 0.8000 0.7333 0.8667
~ 0.7333 0.8000 0.8000 0.8667
E 0.8000 0.8000 0.8667 0.8667
S 0.8667 0.8000 0.9333 0.8667
~ 0.9333 0.8000 1.0000 0.8667
~ 0.0000 0.8667 0.0667 0.9333
S 0.0667 0.8667 0.1333 0.9333
~ 0.1333 0.8667 0.2000 0.9333
~ 0.2000 0.8667 0.2667 0.9333
~ 0.2667 0.8667 0.3333 0.9333
~ 0.3333 0.8667 0.4000 0.9333
~ 0.4000 0.8667 0.4667 0.9333
~ 0.4667 0.8667 0.5333 0.9333
~ 0.5333 0.8667 0.6000 0.9333
~ 0.6000 0.8667 0.6667 0.9333
~ 0.6667 0.8667 0.7333 0.9333
~ 0.7333 0.8667 0.8000 0.9333
H 0.8000 0.8667 0.8667 0.9333
I 0.8667 0.8667 0.9333 0.9333
P 0.9333 0.8667 1.0000 0.9333
A 0.0000 0.9333 0.0667 1.0000
M 0.0667 0.9333 0.1333 1.0000
O 0.1333 0.9333 0.2000 1.0000
V 0.2000 0.9333 0.2667 1.0000
E 0.2667 0.9333 0.3333 1.0000
~ 0.3333 0.9333 0.4000 1.0000
~ 0.4000 0.9333 0.4667 1.0000
~ 0.4667 0.9333 0.5333 1.0000
~ 0.5333 0.9333 0.6000 1.0000
~ 0.6000 0.9333 0.6667 1.0000
~ 0.6667 0.9333 0.7333 1.0000
~ 0.7333 0.9333 0.8000 1.0000
~ 0.8000 0.9333 0.8667 1.0000
B 0.8667 0.9333 0.9333 1.0000
A 0.9333 0.9333 1.0000 1.0000
