~ 0.0000 0.0000 0.0667 0.0667
~ 0.0667 0.0000 0.1333 0.0667
~ 0.1333 0.0000 0.2000 0.0667
~ 0.2000 0.0000 0.2667 0.0667
~ 0.2667 0.0000 0.3333 0.0667
~ 0.3333 0.0000 0.4000 0.0667
~ 0.4000 0.0000 0.4667 0.0667
~ 0.4667 0.0000 0.5333 0.0667
~ 0.5333 0.0000 0.6000 0.0667
~ 0.6000 0.0000 0.6667 0.0667
~ 0.6667 0.0000 0.7333 0.0667
~ 0.7333 0.0000 0.8000 0.0667
~ 0.8000 0.0000 0.8667 0.0667
~ 0.8667 0.0000 0.9333 0.0667
S 0.9333 0.0000 1.0000 0.0667
~ 0.0000 0.0667 0.0667 0.1333
~ 0.0667 0.0667 0.1333 0.1333
~ 0.1333 0.0667 0.2000 0.1333
~ 0.2000 0.0667 0.2667 0.1333
~ 0.2667 0.0667 0.3333 0.1333
~ 0.3333 0.0667 0.4000 0.1333
~ 0.4000 0.0667 0.4667 0.1333
~ 0.4667 0.0667 0.5333 0.1333
~ 0.5333 0.0667 0.6000 0.1333
~ 0.6000 0.0667 0.6667 0.1333
C 0.6667 0.0667 0.7333 0.1333
H 0.7333 0.0667 0.8000 0.1333
A 0.8000 0.0667 0.8667 0.1333
R 0.8667 0.0667 0.9333 0.1333
E 0.9333 0.0667 1.0000 0.1333
~ 0.0000 0.1333 0.0667 0.2000
~ 0.0667 0.1333 0.1333 0.2000
~ 0.1333 0.1333 0.2000 0.2000
~ 0.2000 0.1333 0.2667 0.2000
~ 0.2667 0.1333 0.3333 0.2000
~ 0.3333 0.1333 0.4000 0.2000
~ 0.4000 0.1333 0.4667 0.2000
~ 0.4667 0.1333 0.5333 0.2000
~ 0.5333 0.1333 0.6000 0.2000
~ 0.6000 0.1333 0.6667 0.2000
~ 0.6667 0.1333 0.7333 0.2000
O 0.7333 0.1333 0.8000 0.2000
P 0.8000 0.1333 0.8667 0.2000
~ 0.8667 0.1333 0.9333 0.2000
L 0.9333 0.1333 1.0000 0.2000
~ 0.0000 0.2000 0.0667 0.2667
~ 0.0667 0.2000 0.1333 0.2667
~ 0.1333 0.2000 0.2000 0.2667
~ 0.2000 0.2000 0.2667 0.2667
~ 0.2667 0.2000 0.3333 0.2667
~ 0.3333 0.2000 0.4000 0.2667
~ 0.4000 0.2000 0.4667 0.2667
~ 0.4667 0.2000 0.5333 0.2667
~ 0.5333 0.2000 0.6000 0.2667
~ 0.6000 0.2000 0.6667 0.2667
~ 0.6667 0.2000 0.7333 0.2667
D 0.7333 0.2000 0.8000 0.2667
O 0.8000 0.2000 0.8667 0.2667
G 0.8667 0.2000 0.9333 0.2667
E 0.9333 0.2000 1.0000 0.2667
~ 0.0000 0.2667 0.0667 0.3333
~ 0.0667 0.2667 0.1333 0.3333
~ 0.1333 0.2667 0.2000 0.3333
~ 0.2000 0.2667 0.2667 0.3333
~ 0.2667 0.2667 0.3333 0.3333
~ 0.3333 0.2667 0.4000 0.3333
~ 0.4000 0.2667 0.4667 0.3333
~ 0.4667 0.2667 0.5333 0.3333
~ 0.5333 0.2667 0.6000 0.3333
~ 0.6000 0.2667 0.6667 0.3333
Q 0.6667 0.2667 0.7333 0.3333
~ 0.7333 0.2667 0.8000 0.3333
~ 0.8000 0.2667 0.8667 0.3333
U 0.8667 0.2667 0.9333 0.3333
N 0.9333 0.2667 1.0000 0.3333
~ 0.0000 0.3333 0.0667 0.4000
~ 0.0667 0.3333 0.1333 0.4000
~ 0.1333 0.3333 0.2000 0.4000
~ 0.2000 0.3333 0.2667 0.4000
~ 0.2667 0.3333 0.3333 0.4000
~ 0.3333 0.3333 0.4000 0.4000
~ 0.4000 0.3333 0.4667 0.4000
~ 0.4667 0.3333 0.5333 0.4000
~ 0.5333 0.3333 0.6000 0.4000
K 0.6000 0.3333 0.6667 0.4000
I 0.6667 0.3333 0.7333 0.4000
F 0.7333 0.3333 0.8000 0.4000
~ 0.8000 0.3333 0.8667 0.4000
M 0.8667 0.3333 0.9333 0.4000
A 0.9333 0.3333 1.0000 0.4000
~ 0.0000 0.4000 0.0667 0.4667
~ 0.0667 0.4000 0.1333 0.4667
~ 0.1333 0.4000 0.2000 0.4667
~ 0.2000 0.4000 0.2667 0.4667
~ 0.2667 0.4000 0.3333 0.4667
~ 0.3333 0.4000 0.4000 0.4667
~ 0.4000 0.4000 0.4667 0.4667
~ 0.4667 0.4000 0.5333 0.4667
~ 0.5333 0.4000 0.6000 0.4667
O 0.6000 0.4000 0.6667 0.4667
~ 0.6667 0.4000 0.7333 0.4667
U 0.7333 0.4000 0.8000 0.4667
~ 0.8000 0.4000 0.8667 0.4667
~ 0.8667 0.4000 0.9333 0.4667
T 0.9333 0.4000 1.0000 0.4667
~ 0.0000 0.4667 0.0667 0.5333
~ 0.0667 0.4667 0.1333 0.5333
~ 0.1333 0.4667 0.2000 0.5333
B 0.2000 0.4667 0.2667 0.5333
U 0.2667 0.4667 0.3333 0.5333
N 0.3333 0.4667 0.4000 0.5333
D 0.4000 0.4667 0.4667 0.5333
T 0.4667 0.4667 0.5333 0.5333
~ 0.5333 0.4667 0.6000 0.5333
B 0.6000 0.4667 0.6667 0.5333
~ 0.6667 0.4667 0.7333 0.5333
C 0.7333 0.4667 0.8000 0.5333
O 0.8000 0.4667 0.8667 0.5333
R 0.8667 0.4667 0.9333 0.5333
E 0.9333 0.4667 1.0000 0.5333
A 0.0000 0.5333 0.0667 0.6000
~ 0.0667 0.5333 0.1333 0.6000
R 0.1333 0.5333 0.2000 0.6000
A 0.2000 0.5333 0.2667 0.6000
T 0.2667 0.5333 0.3333 0.6000
I 0.3333 0.5333 0.4000 0.6000
O 0.4000 0.5333 0.4667 0.6000
~ 0.4667 0.5333 0.5333 0.6000
J 0.5333 0.5333 0.6000 0.6000
~ 0.6000 0.5333 0.6667 0.6000
~ 0.6667 0.5333 0.7333 0.6000
O 0.7333 0.5333 0.8000 0.6000
P 0.8000 0.5333 0.8667 0.6000
E 0.8667 0.5333 0.9333 0.6000
~ 0.9333 0.5333 1.0000 0.6000
I 0.0000 0.6000 0.0667 0.6667
~ 0.0667 0.6000 0.1333 0.6667
~ 0.1333 0.6000 0.2000 0.6667
T 0.2000 0.6000 0.2667 0.6667
~ 0.2667 0.6000 0.3333 0.6667
X 0.3333 0.6000 0.4000 0.6667
~ 0.4000 0.6000 0.4667 0.6667
~ 0.4667 0.6000 0.5333 0.6667
E 0.5333 0.6000 0.6000 0.6667
~ 0.6000 0.6000 0.6667 0.6667
~ 0.6667 0.6000 0.7333 0.6667
I 0.7333 0.6000 0.8000 0.6667
~ 0.8000 0.6000 0.8667 0.6667
F 0.8667 0.6000 0.9333 0.6667
A 0.9333 0.6000 1.0000 0.6667
R 0.0000 0.6667 0.0667 0.7333
I 0.0667 0.6667 0.1333 0.7333
A 0.1333 0.6667 0.2000 0.7333
~ 0.2000 0.6667 0.2667 0.7333
T 0.2667 0.6667 0.3333 0.7333
I 0.3333 0.6667 0.4000 0.7333
N 0.4000 0.6667 0.4667 0.7333
S 0.4667 0.6667 0.5333 0.7333
E 0.5333 0.6667 0.6000 0.7333
L 0.6000 0.6667 0.6667 0.7333
~ 0.6667 0.6667 0.7333 0.7333
D 0.7333 0.6667 0.8000 0.7333
~ 0.8000 0.6667 0.8667 0.7333
~ 0.8667 0.6667 0.9333 0.7333
~ 0.9333 0.6667 1.0000 0.7333
T 0.0000 0.7333 0.0667 0.8000
~ 0.0667 0.7333 0.1333 0.8000
Y 0.1333 0.7333 0.2000 0.8000
A 0.2000 0.7333 0.2667 0.8000
~ 0.2667 0.7333 0.3333 0.8000
E 0.3333 0.7333 0.4000 0.8000
~ 0.4000 0.7333 0.4667 0.8000
I 0.4667 0.7333 0.5333 0.8000
~ 0.5333 0.7333 0.6000 0.8000
~ 0.6000 0.7333 0.6667 0.8000
~ 0.6667 0.7333 0.7333 0.8000
A 0.7333 0.7333 0.8000 0.8000
~ 0.8000 0.7333 0.8667 0.8000
~ 0.8667 0.7333 0.9333 0.8000
~ 0.9333 0.7333 1.0000 0.8000
~ 0.0000 0.8000 0.0667 0.8667
H 0.0667 0.8000 0.1333 0.8667
I 0.1333 0.8000 0.2000 0.8667
N 0.2000 0.8000 0.2667 0.8667
D 0.2667 0.8000 0.3333 0.8667
S 0.3333 0.8000 0.4000 0.8667
~ 0.4000 0.8000 0.4667 0.8667
E 0.4667 0.8000 0.5333 0.8667
E 0.5333 0.8000 0.6000 0.8667
R 0.6000 0.8000 0.6667 0.8667
I 0.6667 0.8000 0.7333 0.8667
L 0.7333 0.8000 0.8000 0.8667
Y 0.8000 0.8000 0.8667 0.8667
~ 0.8667 0.8000 0.9333 0.8667
~ 0.9333 0.8000 1.0000 0.8667
Z 0.0000 0.8667 0.0667 0.9333
O 0.0667 0.8667 0.1333 0.9333
N 0.1333 0.8667 0.2000 0.9333
E 0.2000 0.8667 0.2667 0.9333
~ 0.2667 0.8667 0.3333 0.9333
~ 0.3333 0.8667 0.4000 0.9333
~ 0.4000 0.8667 0.4667 0.9333
V 0.4667 0.8667 0.5333 0.9333
~ 0.5333 0.8667 0.6000 0.9333
~ 0.6000 0.8667 0.6667 0.9333
~ 0.6667 0.8667 0.7333 0.9333
~ 0.7333 0.8667 0.8000 0.9333
~ 0.8000 0.8667 0.8667 0.9333
M 0.8667 0.8667 0.9333 0.9333
U 0.9333 0.8667 1.0000 0.9333
A 0.0000 0.9333 0.0667 1.0000
W 0.0667 0.9333 0.1333 1.0000
~ 0.1333 0.9333 0.2000 1.0000
W 0.2000 0.9333 0.2667 1.0000
O 0.2667 0.9333 0.3333 1.0000
G 0.3333 0.9333 0.4000 1.0000
~ 0.4000 0.9333 0.4667 1.0000
E 0.4667 0.9333 0.5333 1.0000
N 0.5333 0.9333 0.6000 1.0000
G 0.6000 0.9333 0.6667 1.0000
R 0.6667 0.9333 0.7333 1.0000
~ 0.7333 0.9333 0.8000 1.0000
V 0.8000 0.9333 0.8667 1.0000
E 0.8667 0.9333 0.9333 1.0000
S 0.9333 0.9333 1.0000 1.0000
