~ 0.0000 0.0000 0.0667 0.0667
~ 0.0667 0.0000 0.1333 0.0667
~ 0.1333 0.0000 0.2000 0.0667
~ 0.2000 0.0000 0.2667 0.0667
~ 0.2667 0.0000 0.3333 0.0667
B 0.3333 0.0000 0.4000 0.0667
L 0.4000 0.0000 0.4667 0.0667
I 0.4667 0.0000 0.5333 0.0667
N 0.5333 0.0000 0.6000 0.0667
~ 0.6000 0.0000 0.6667 0.0667
~ 0.6667 0.0000 0.7333 0.0667
~ 0.7333 0.0000 0.8000 0.0667
~ 0.8000 0.0000 0.8667 0.0667
O 0.8667 0.0000 0.9333 0.0667
O 0.9333 0.0000 1.0000 0.0667
~ 0.0000 0.0667 0.0667 0.1333
~ 0.0667 0.0667 0.1333 0.1333
~ 0.1333 0.0667 0.2000 0.1333
~ 0.2000 0.0667 0.2667 0.1333
~ 0.2667 0.0667 0.3333 0.1333
L 0.3333 0.0667 0.4000 0.1333
~ 0.4000 0.0667 0.4667 0.1333
C 0.4667 0.0667 0.5333 0.1333
A 0.5333 0.0667 0.6000 0.1333
N 0.6000 0.0667 0.6667 0.1333
A 0.6667 0.0667 0.7333 0.1333
R 0.7333 0.0667 0.8000 0.1333
I 0.8000 0.0667 0.8667 0.1333
E 0.8667 0.0667 0.9333 0.1333
~ 0.9333 0.0667 1.0000 0.1333
~ 0.0000 0.1333 0.0667 0.2000
~ 0.0667 0.1333 0.1333 0.2000
~ 0.1333 0.1333 0.2000 0.2000
~ 0.2000 0.1333 0.2667 0.2000
Q 0.2667 0.1333 0.3333 0.2000
U 0.3333 0.1333 0.4000 0.2000
O 0.4000 0.1333 0.4667 0.2000
I 0.4667 0.1333 0.5333 0.2000
T 0.5333 0.1333 0.6000 0.2000
~ 0.6000 0.1333 0.6667 0.2000
R 0.6667 0.1333 0.7333 0.2000
E 0.7333 0.1333 0.8000 0.2000
F 0.8000 0.1333 0.8667 0.2000
~ 0.8667 0.1333 0.9333 0.2000
~ 0.9333 0.1333 1.0000 0.2000
~ 0.0000 0.2000 0.0667 0.2667
~ 0.0667 0.2000 0.1333 0.2667
~ 0.1333 0.2000 0.2000 0.2667
Z 0.2000 0.2000 0.2667 0.2667
I 0.2667 0.2000 0.3333 0.2667
N 0.3333 0.2000 0.4000 0.2667
~ 0.4000 0.2000 0.4667 0.2667
N 0.4667 0.2000 0.5333 0.2667
~ 0.5333 0.2000 0.6000 0.2667
E 0.6000 0.2000 0.6667 0.2667
T 0.6667 0.2000 0.7333 0.2667
H 0.7333 0.2000 0.8000 0.2667
~ 0.8000 0.2000 0.8667 0.2667
~ 0.8667 0.2000 0.9333 0.2667
~ 0.9333 0.2000 1.0000 0.2667
~ 0.0000 0.2667 0.0667 0.3333
~ 0.0667 0.2667 0.1333 0.3333
~ 0.1333 0.2667 0.2000 0.3333
~ 0.2000 0.2667 0.2667 0.3333
S 0.2667 0.2667 0.3333 0.3333
T 0.3333 0.2667 0.4000 0.3333
A 0.4000 0.2667 0.4667 0.3333
G 0.4667 0.2667 0.5333 0.3333
~ 0.5333 0.2667 0.6000 0.3333
~ 0.6000 0.2667 0.6667 0.3333
~ 0.6667 0.2667 0.7333 0.3333
~ 0.7333 0.2667 0.8000 0.3333
~ 0.8000 0.2667 0.8667 0.3333
~ 0.8667 0.2667 0.9333 0.3333
~ 0.9333 0.2667 1.0000 0.3333
~ 0.0000 0.3333 0.0667 0.4000
~ 0.0667 0.3333 0.1333 0.4000
~ 0.1333 0.3333 0.2000 0.4000
~ 0.2000 0.3333 0.2667 0.4000
~ 0.2667 0.3333 0.3333 0.4000
~ 0.3333 0.3333 0.4000 0.4000
P 0.4000 0.3333 0.4667 0.4000
~ 0.4667 0.3333 0.5333 0.4000
~ 0.5333 0.3333 0.6000 0.4000
~ 0.6000 0.3333 0.6667 0.4000
~ 0.6667 0.3333 0.7333 0.4000
~ 0.7333 0.3333 0.8000 0.4000
~ 0.8000 0.3333 0.8667 0.4000
~ 0.8667 0.3333 0.9333 0.4000
~ 0.9333 0.3333 1.0000 0.4000
~ 0.0000 0.4000 0.0667 0.4667
~ 0.0667 0.4000 0.1333 0.4667
~ 0.1333 0.4000 0.2000 0.4667
~ 0.2000 0.4000 0.2667 0.4667
~ 0.2667 0.4000 0.3333 0.4667
~ 0.3333 0.4000 0.4000 0.4667
O 0.4000 0.4000 0.4667 0.4667
E 0.4667 0.4000 0.5333 0.4667
~ 0.5333 0.4000 0.6000 0.4667
~ 0.6000 0.4000 0.6667 0.4667
~ 0.6667 0.4000 0.7333 0.4667
~ 0.7333 0.4000 0.8000 0.4667
~ 0.8000 0.4000 0.8667 0.4667
~ 0.8667 0.4000 0.9333 0.4667
~ 0.9333 0.4000 1.0000 0.4667
~ 0.0000 0.4667 0.0667 0.5333
~ 0.0667 0.4667 0.1333 0.5333
~ 0.1333 0.4667 0.2000 0.5333
W 0.2000 0.4667 0.2667 0.5333
O 0.2667 0.4667 0.3333 0.5333
D 0.3333 0.4667 0.4000 0.5333
G 0.4000 0.4667 0.4667 0.5333
Y 0.4667 0.4667 0.5333 0.5333
~ 0.5333 0.4667 0.6000 0.5333
~ 0.6000 0.4667 0.6667 0.5333
~ 0.6667 0.4667 0.7333 0.5333
V 0.7333 0.4667 0.8000 0.5333
~ 0.8000 0.4667 0.8667 0.5333
~ 0.8667 0.4667 0.9333 0.5333
~ 0.9333 0.4667 1.0000 0.5333
~ 0.0000 0.5333 0.0667 0.6000
~ 0.0667 0.5333 0.1333 0.6000
W 0.1333 0.5333 0.2000 0.6000
E 0.2000 0.5333 0.2667 0.6000
B 0.2667 0.5333 0.3333 0.6000
~ 0.3333 0.5333 0.4000 0.6000
A 0.4000 0.5333 0.4667 0.6000
E 0.4667 0.5333 0.5333 0.6000
~ 0.5333 0.5333 0.6000 0.6000
~ 0.6000 0.5333 0.6667 0.6000
~ 0.6667 0.5333 0.7333 0.6000
I 0.7333 0.5333 0.8000 0.6000
~ 0.8000 0.5333 0.8667 0.6000
~ 0.8667 0.5333 0.9333 0.6000
~ 0.9333 0.5333 1.0000 0.6000
~ 0.0000 0.6000 0.0667 0.6667
C 0.0667 0.6000 0.1333 0.6667
E 0.1333 0.6000 0.2000 0.6667
T 0.2000 0.6000 0.2667 0.6667
E 0.2667 0.6000 0.3333 0.6667
~ 0.3333 0.6000 0.4000 0.6667
E 0.4000 0.6000 0.4667 0.6667
~ 0.4667 0.6000 0.5333 0.6667
~ 0.5333 0.6000 0.6000 0.6667
~ 0.6000 0.6000 0.6667 0.6667
J 0.6667 0.6000 0.7333 0.6667
A 0.7333 0.6000 0.8000 0.6667
~ 0.8000 0.6000 0.8667 0.6667
~ 0.8667 0.6000 0.9333 0.6667
~ 0.9333 0.6000 1.0000 0.6667
~ 0.0000 0.6667 0.0667 0.7333
O 0.0667 0.6667 0.1333 0.7333
~ 0.1333 0.6667 0.2000 0.7333
~ 0.2000 0.6667 0.2667 0.7333
~ 0.2667 0.6667 0.3333 0.7333
~ 0.3333 0.6667 0.4000 0.7333
~ 0.4000 0.6667 0.4667 0.7333
X 0.4667 0.6667 0.5333 0.7333
~ 0.5333 0.6667 0.6000 0.7333
M 0.6000 0.6667 0.6667 0.7333
A 0.6667 0.6667 0.7333 0.7333
~ 0.7333 0.6667 0.8000 0.7333
~ 0.8000 0.6667 0.8667 0.7333
~ 0.8667 0.6667 0.9333 0.7333
~ 0.9333 0.6667 1.0000 0.7333
~ 0.0000 0.7333 0.0667 0.8000
L 0.0667 0.7333 0.1333 0.8000
~ 0.1333 0.7333 0.2000 0.8000
U 0.2000 0.7333 0.2667 0.8000
~ 0.2667 0.7333 0.3333 0.8000
~ 0.3333 0.7333 0.4000 0.8000
N 0.4000 0.7333 0.4667 0.8000
U 0.4667 0.7333 0.5333 0.8000
~ 0.5333 0.7333 0.6000 0.8000
O 0.6000 0.7333 0.6667 0.8000
R 0.6667 0.7333 0.7333 0.8000
F 0.7333 0.7333 0.8000 0.8000
S 0.8000 0.7333 0.8667 0.8000
~ 0.8667 0.7333 0.9333 0.8000
~ 0.9333 0.7333 1.0000 0.8000
H 0.0000 0.8000 0.0667 0.8667
O 0.0667 0.8000 0.1333 0.8667
Y 0.1333 0.8000 0.2000 0.8667
S 0.2000 0.8000 0.2667 0.8667
~ 0.2667 0.8000 0.3333 0.8667
~ 0.3333 0.8000 0.4000 0.8667
~ 0.4000 0.8000 0.4667 0.8667
~ 0.4667 0.8000 0.5333 0.8667
~ 0.5333 0.8000 0.6000 0.8667
U 0.6000 0.8000 0.6667 0.8667
~ 0.6667 0.8000 0.7333 0.8667
L 0.7333 0.8000 0.8000 0.8667
I 0.8000 0.8000 0.8667 0.8667
~ 0.8667 0.8000 0.9333 0.8667
~ 0.9333 0.8000 1.0000 0.8667
A 0.0000 0.8667 0.0667 0.9333
G 0.0667 0.8667 0.1333 0.9333
A 0.1333 0.8667 0.2000 0.9333
~ 0.2000 0.8667 0.2667 0.9333
~ 0.2667 0.8667 0.3333 0.9333
~ 0.3333 0.8667 0.4000 0.9333
T 0.4000 0.8667 0.4667 0.9333
A 0.4667 0.8667 0.5333 0.9333
R 0.5333 0.8667 0.6000 0.9333
P 0.6000 0.8667 0.6667 0.9333
~ 0.6667 0.8667 0.7333 0.9333
I 0.7333 0.8667 0.8000 0.9333
D 0.8000 0.8667 0.8667 0.9333
E 0.8667 0.8667 0.9333 0.9333
~ 0.9333 0.8667 1.0000 0.9333
D 0.0000 0.9333 0.0667 1.0000
~ 0.0667 0.9333 0.1333 1.0000
K 0.1333 0.9333 0.2000 1.0000
N 0.2000 0.9333 0.2667 1.0000
I 0.2667 0.9333 0.3333 1.0000
V 0.3333 0.9333 0.4000 1.0000
E 0.4000 0.9333 0.4667 1.0000
D 0.4667 0.9333 0.5333 1.0000
~ 0.5333 0.9333 0.6000 1.0000
~ 0.6000 0.9333 0.6667 1.0000
~ 0.6667 0.9333 0.7333 1.0000
T 0.7333 0.9333 0.8000 1.0000
E 0.8000 0.9333 0.8667 1.0000
R 0.8667 0.9333 0.9333 1.0000
M 0.9333 0.9333 1.0000 1.0000
