~ 0.0000 0.0000 0.0667 0.0667
A 0.0667 0.0000 0.1333 0.0667
~ 0.1333 0.0000 0.2000 0.0667
~ 0.2000 0.0000 0.2667 0.0667
~ 0.2667 0.0000 0.3333 0.0667
~ 0.3333 0.0000 0.4000 0.0667
~ 0.4000 0.0000 0.4667 0.0667
~ 0.4667 0.0000 0.5333 0.0667
~ 0.5333 0.0000 0.6000 0.0667
~ 0.6000 0.0000 0.6667 0.0667
~ 0.6667 0.0000 0.7333 0.0667
~ 0.7333 0.0000 0.8000 0.0667
~ 0.8000 0.0000 0.8667 0.0667
J 0.8667 0.0000 0.9333 0.0667
O 0.9333 0.0000 1.0000 0.0667
D 0.0000 0.0667 0.0667 0.1333
I 0.0667 0.0667 0.1333 0.1333
F 0.1333 0.0667 0.2000 0.1333
~ 0.2000 0.0667 0.2667 0.1333
G 0.2667 0.0667 0.3333 0.1333
I 0.3333 0.0667 0.4000 0.1333
E 0.4000 0.0667 0.4667 0.1333
~ 0.4667 0.0667 0.5333 0.1333
~ 0.5333 0.0667 0.6000 0.1333
~ 0.6000 0.0667 0.6667 0.1333
~ 0.6667 0.0667 0.7333 0.1333
~ 0.7333 0.0667 0.8000 0.1333
~ 0.8000 0.0667 0.8667 0.1333
U 0.8667 0.0667 0.9333 0.1333
P 0.9333 0.0667 1.0000 0.1333
~ 0.0000 0.1333 0.0667 0.2000
M 0.0667 0.1333 0.1333 0.2000
E 0.1333 0.1333 0.2000 0.2000
~ 0.2000 0.1333 0.2667 0.2000
U 0.2667 0.1333 0.3333 0.2000
~ 0.3333 0.1333 0.4000 0.2000
~ 0.4000 0.1333 0.4667 0.2000
~ 0.4667 0.1333 0.5333 0.2000
~ 0.5333 0.1333 0.6000 0.2000
~ 0.6000 0.1333 0.6667 0.2000
Z 0.6667 0.1333 0.7333 0.2000
E 0.7333 0.1333 0.8000 0.2000
D 0.8000 0.1333 0.8667 0.2000
S 0.8667 0.1333 0.9333 0.2000
~ 0.9333 0.1333 1.0000 0.2000
~ 0.0000 0.2000 0.0667 0.2667
~ 0.0667 0.2000 0.1333 0.2667
R 0.1333 0.2000 0.2000 0.2667
Y 0.2000 0.2000 0.2667 0.2667
A 0.2667 0.2000 0.3333 0.2667
~ 0.3333 0.2000 0.4000 0.2667
~ 0.4000 0.2000 0.4667 0.2667
~ 0.4667 0.2000 0.5333 0.2667
~ 0.5333 0.2000 0.6000 0.2667
V 0.6000 0.2000 0.6667 0.2667
I 0.6667 0.2000 0.7333 0.2667
N 0.7333 0.2000 0.8000 0.2667
O 0.8000 0.2000 0.8667 0.2667
~ 0.8667 0.2000 0.9333 0.2667
~ 0.9333 0.2000 1.0000 0.2667
~ 0.0000 0.2667 0.0667 0.3333
~ 0.0667 0.2667 0.1333 0.3333
~ 0.1333 0.2667 0.2000 0.3333
O 0.2000 0.2667 0.2667 0.3333
R 0.2667 0.2667 0.3333 0.3333
~ 0.3333 0.2667 0.4000 0.3333
~ 0.4000 0.2667 0.4667 0.3333
~ 0.4667 0.2667 0.5333 0.3333
C 0.5333 0.2667 0.6000 0.3333
~ 0.6000 0.2667 0.6667 0.3333
G 0.6667 0.2667 0.7333 0.3333
~ 0.7333 0.2667 0.8000 0.3333
R 0.8000 0.2667 0.8667 0.3333
~ 0.8667 0.2667 0.9333 0.3333
~ 0.9333 0.2667 1.0000 0.3333
~ 0.0000 0.3333 0.0667 0.4000
~ 0.0667 0.3333 0.1333 0.4000
~ 0.1333 0.3333 0.2000 0.4000
N 0.2000 0.3333 0.2667 0.4000
~ 0.2667 0.3333 0.3333 0.4000
V 0.3333 0.3333 0.4000 0.4000
~ 0.4000 0.3333 0.4667 0.4000
W 0.4667 0.3333 0.5333 0.4000
O 0.5333 0.3333 0.6000 0.4000
K 0.6000 0.3333 0.6667 0.4000
S 0.6667 0.3333 0.7333 0.4000
~ 0.7333 0.3333 0.8000 0.4000
R 0.8000 0.3333 0.8667 0.4000
~ 0.8667 0.3333 0.9333 0.4000
~ 0.9333 0.3333 1.0000 0.4000
~ 0.0000 0.4000 0.0667 0.4667
~ 0.0667 0.4000 0.1333 0.4667
Q 0.1333 0.4000 0.2000 0.4667
I 0.2000 0.4000 0.2667 0.4667
~ 0.2667 0.4000 0.3333 0.4667
O 0.3333 0.4000 0.4000 0.4667
~ 0.4000 0.4000 0.4667 0.4667
E 0.4667 0.4000 0.5333 0.4667
R 0.5333 0.4000 0.6000 0.4667
E 0.6000 0.4000 0.6667 0.4667
~ 0.6667 0.4000 0.7333 0.4667
~ 0.7333 0.4000 0.8000 0.4667
~ 0.8000 0.4000 0.8667 0.4667
~ 0.8667 0.4000 0.9333 0.4667
~ 0.9333 0.4000 1.0000 0.4667
T 0.0000 0.4667 0.0667 0.5333
A 0.0667 0.4667 0.1333 0.5333
~ 0.1333 0.4667 0.2000 0.5333
C 0.2000 0.4667 0.2667 0.5333
R 0.2667 0.4667 0.3333 0.5333
E 0.3333 0.4667 0.4000 0.5333
P 0.4000 0.4667 0.4667 0.5333
T 0.4667 0.4667 0.5333 0.5333
~ 0.5333 0.4667 0.6000 0.5333
E 0.6000 0.4667 0.6667 0.5333
N 0.6667 0.4667 0.7333 0.5333
D 0.7333 0.4667 0.8000 0.5333
S 0.8000 0.4667 0.8667 0.5333
~ 0.8667 0.4667 0.9333 0.5333
~ 0.9333 0.4667 1.0000 0.5333
A 0.0000 0.5333 0.0667 0.6000
B 0.0667 0.5333 0.1333 0.6000
~ 0.1333 0.5333 0.2000 0.6000
~ 0.2000 0.5333 0.2667 0.6000
E 0.2667 0.5333 0.3333 0.6000
~ 0.3333 0.5333 0.4000 0.6000
~ 0.4000 0.5333 0.4667 0.6000
~ 0.4667 0.5333 0.5333 0.6000
~ 0.5333 0.5333 0.6000 0.6000
T 0.6000 0.5333 0.6667 0.6000
~ 0.6667 0.5333 0.7333 0.6000
~ 0.7333 0.5333 0.8000 0.6000
~ 0.8000 0.5333 0.8667 0.6000
~ 0.8667 0.5333 0.9333 0.6000
~ 0.9333 0.5333 1.0000 0.6000
B 0.0000 0.6000 0.0667 0.6667
Y 0.0667 0.6000 0.1333 0.6667
~ 0.1333 0.6000 0.2000 0.6667
T 0.2000 0.6000 0.2667 0.6667
A 0.2667 0.6000 0.3333 0.6667
X 0.3333 0.6000 0.4000 0.6667
I 0.4000 0.6000 0.4667 0.6667
~ 0.4667 0.6000 0.5333 0.6667
~ 0.5333 0.6000 0.6000 0.6667
~ 0.6000 0.6000 0.6667 0.6667
~ 0.6667 0.6000 0.7333 0.6667
~ 0.7333 0.6000 0.8000 0.6667
~ 0.8000 0.6000 0.8667 0.6667
~ 0.8667 0.6000 0.9333 0.6667
~ 0.9333 0.6000 1.0000 0.6667
U 0.0000 0.6667 0.0667 0.7333
~ 0.0667 0.6667 0.1333 0.7333
~ 0.1333 0.6667 0.2000 0.7333
~ 0.2000 0.6667 0.2667 0.7333
L 0.2667 0.6667 0.3333 0.7333
~ 0.3333 0.6667 0.4000 0.7333
~ 0.4000 0.6667 0.4667 0.7333
~ 0.4667 0.6667 0.5333 0.7333
~ 0.5333 0.6667 0.6000 0.7333
~ 0.6000 0.6667 0.6667 0.7333
L 0.6667 0.6667 0.7333 0.7333
~ 0.7333 0.6667 0.8000 0.7333
~ 0.8000 0.6667 0.8667 0.7333
~ 0.8667 0.6667 0.9333 0.7333
~ 0.9333 0.6667 1.0000 0.7333
L 0.0000 0.7333 0.0667 0.8000
O 0.0667 0.7333 0.1333 0.8000
O 0.1333 0.7333 0.2000 0.8000
N 0.2000 0.7333 0.2667 0.8000
I 0.2667 0.7333 0.3333 0.8000
E 0.3333 0.7333 0.4000 0.8000
S 0.4000 0.7333 0.4667 0.8000
T 0.4667 0.7333 0.5333 0.8000
~ 0.5333 0.7333 0.6000 0.8000
~ 0.6000 0.7333 0.6667 0.8000
U 0.6667 0.7333 0.7333 0.8000
~ 0.7333 0.7333 0.8000 0.8000
~ 0.8000 0.7333 0.8667 0.8000
~ 0.8667 0.7333 0.9333 0.8000
~ 0.9333 0.7333 1.0000 0.8000
I 0.0000 0.8000 0.0667 0.8667
~ 0.0667 0.8000 0.1333 0.8667
H 0.1333 0.8000 0.2000 0.8667
A 0.2000 0.8000 0.2667 0.8667
A 0.2667 0.8000 0.3333 0.8667
F 0.3333 0.8000 0.4000 0.8667
~ 0.4000 0.8000 0.4667 0.8667
H 0.4667 0.8000 0.5333 0.8667
~ 0.5333 0.8000 0.6000 0.8667
~ 0.6000 0.8000 0.6667 0.8667
N 0.6667 0.8000 0.7333 0.8667
~ 0.7333 0.8000 0.8000 0.8667
~ 0.8000 0.8000 0.8667 0.8667
~ 0.8667 0.8000 0.9333 0.8667
~ 0.9333 0.8000 1.0000 0.8667
~ 0.0000 0.8667 0.0667 0.9333
~ 0.0667 0.8667 0.1333 0.9333
O 0.1333 0.8667 0.2000 0.9333
E 0.2000 0.8667 0.2667 0.9333
~ 0.2667 0.8667 0.3333 0.9333
~ 0.3333 0.8667 0.4000 0.9333
T 0.4000 0.8667 0.4667 0.9333
A 0.4667 0.8667 0.5333 0.9333
I 0.5333 0.8667 0.6000 0.9333
L 0.6000 0.8667 0.6667 0.9333
G 0.6667 0.8667 0.7333 0.9333
A 0.7333 0.8667 0.8000 0.9333
~ 0.8000 0.8667 0.8667 0.9333
E 0.8667 0.8667 0.9333 0.9333
~ 0.9333 0.8667 1.0000 0.9333
~ 0.0000 0.9333 0.0667 1.0000
~ 0.0667 0.9333 0.1333 1.0000
~ 0.1333 0.9333 0.2000 1.0000
~ 0.2000 0.9333 0.2667 1.0000
~ 0.2667 0.9333 0.3333 1.0000
~ 0.3333 0.9333 0.4000 1.0000
~ 0.4000 0.9333 0.4667 1.0000
W 0.4667 0.9333 0.5333 1.0000
~ 0.5333 0.9333 0.6000 1.0000
~ 0.6000 0.9333 0.6667 1.0000
~ 0.6667 0.9333 0.7333 1.0000
M 0.7333 0.9333 0.8000 1.0000
I 0.8000 0.9333 0.8667 1.0000
N 0.8667 0.9333 0.9333 1.0000
D 0.9333 0.9333 1.0000 1.0000
