M 0.08727272727272728 0.02666666666666667 0.048484848484848485 0.02666666666666667 
A 0.19757575757575757 0.021212121212121213 0.08727272727272728 0.030303030303030304 
N 0.943030303030303 0.019393939393939394 0.08969696969696969 0.02909090909090909 
E 0.6636363636363637 0.06545454545454546 0.12 0.024242424242424242 
I 0.3284848484848485 0.10363636363636364 0.012121212121212121 0.01575757575757576 
W 0.36484848484848487 0.08969696969696969 0.03393939393939394 0.02666666666666667 
Q 0.02727272727272727 0.16 0.025454545454545455 0.024242424242424242 
W 0.10666666666666667 0.15636363636363637 0.055757575757575756 0.02909090909090909 
N 0.1618181818181818 0.15393939393939393 0.02303030303030303 0.02666666666666667 
A 0.7369696969696969 0.15515151515151515 0.08727272727272728 0.02666666666666667 
B 0.8363636363636363 0.14666666666666667 0.041212121212121214 0.009696969696969697 
N 0.09515151515151515 0.22545454545454546 0.02303030303030303 0.02666666666666667 
N 0.36363636363636365 0.22303030303030302 0.02181818181818182 0.02666666666666667 
T 0.9563636363636364 0.24666666666666667 0.06060606060606061 0.01575757575757576 
C 0.45636363636363636 0.23393939393939395 0.1103030303030303 0.0703030303030303 
O 0.16303030303030303 0.2896969696969697 0.025454545454545455 0.024242424242424242 
L 0.2290909090909091 0.2927272727272727 0.024242424242424242 0.025454545454545455 
I 0.6648484848484848 0.3012121212121212 0.008484848484848486 0.025454545454545455 
N 0.703030303030303 0.2915151515151515 0.02181818181818182 0.025454545454545455 
F 0.08 0.3612121212121212 0.048484848484848485 0.02909090909090909 
B 0.3933333333333333 0.3660606060606061 0.030303030303030304 0.06303030303030303 
O 0.09515151515151515 0.4254545454545455 0.025454545454545455 0.024242424242424242 
V 0.19515151515151516 0.42848484848484847 0.09212121212121212 0.027878787878787878 
L 0.8284848484848485 0.4254545454545455 0.04727272727272727 0.03151515151515152 
N 0.9751515151515151 0.42727272727272725 0.02303030303030303 0.025454545454545455 
U 0.09333333333333334 0.4921212121212121 0.02181818181818182 0.024242424242424242 
I 0.8103030303030303 0.45454545454545453 0.013333333333333334 0.02181818181818182 
P 0.5327272727272727 0.49333333333333335 0.22181818181818183 0.03151515151515152 
R 0.94 0.4921212121212121 0.09090909090909091 0.03151515151515152 
N 0.09151515151515152 0.5593939393939394 0.02303030303030303 0.025454545454545455 
G 0.7363636363636363 0.5612121212121212 0.09333333333333334 0.02666666666666667 
G 0.3593939393939394 0.62 0.04242424242424243 0.01575757575757576 
D 0.38545454545454544 0.5745454545454546 0.019393939393939394 0.05818181818181818 
E 0.5684848484848485 0.5927272727272728 0.02909090909090909 0.0048484848484848485 
I 0.3903030303030303 0.6436363636363637 0.007272727272727273 0.03151515151515152 
O 0.516969696969697 0.6290909090909091 0.044848484848484846 0.01696969696969697 
E 0.3563636363636364 0.7109090909090909 0.16242424242424242 0.03272727272727273 
A 0.5139393939393939 0.7066666666666667 0.12363636363636364 0.06060606060606061 
P 0.7012121212121212 0.7260606060606061 0.06909090909090909 0.019393939393939394 
E 0.7272727272727273 0.6963636363636364 0.01696969696969697 0.05454545454545454 
I 0.028484848484848484 0.7842424242424243 0.04727272727272727 0.014545454545454545 
I 0.7393939393939394 0.7557575757575757 0.009696969696969697 0.020606060606060607 
B 0.7606060606060606 0.796969696969697 0.052121212121212124 0.01818181818181818 
E 0.8321212121212122 0.8218181818181818 0.059393939393939395 0.02181818181818182 
G 0.12363636363636364 0.8321212121212122 0.08969696969696969 0.030303030303030304 
O 0.36727272727272725 0.8957575757575758 0.03878787878787879 0.014545454545454545 
F 0.8933333333333333 0.8878787878787879 0.048484848484848485 0.01818181818181818 
Y 0.9096969696969697 0.9042424242424243 0.06424242424242424 0.02181818181818182 
J 0.49333333333333335 0.9242424242424242 0.06060606060606061 0.037575757575757575 
K 0.058787878787878785 0.9648484848484848 0.08848484848484849 0.02666666666666667 
L 0.20666666666666667 0.9733333333333334 0.11757575757575757 0.05333333333333334 
I 0.7533333333333333 0.9896969696969697 0.04 0.020606060606060607 
S 0.7642424242424243 0.953939393939394 0.044848484848484846 0.012121212121212121 
O 0.9678787878787879 0.9727272727272728 0.044848484848484846 0.020606060606060607 
