~ 0.0000 0.0000 0.0667 0.0667
~ 0.0667 0.0000 0.1333 0.0667
~ 0.1333 0.0000 0.2000 0.0667
~ 0.2000 0.0000 0.2667 0.0667
~ 0.2667 0.0000 0.3333 0.0667
~ 0.3333 0.0000 0.4000 0.0667
~ 0.4000 0.0000 0.4667 0.0667
~ 0.4667 0.0000 0.5333 0.0667
~ 0.5333 0.0000 0.6000 0.0667
~ 0.6000 0.0000 0.6667 0.0667
C 0.6667 0.0000 0.7333 0.0667
~ 0.7333 0.0000 0.8000 0.0667
~ 0.8000 0.0000 0.8667 0.0667
~ 0.8667 0.0000 0.9333 0.0667
~ 0.9333 0.0000 1.0000 0.0667
~ 0.0000 0.0667 0.0667 0.1333
~ 0.0667 0.0667 0.1333 0.1333
~ 0.1333 0.0667 0.2000 0.1333
~ 0.2000 0.0667 0.2667 0.1333
~ 0.2667 0.0667 0.3333 0.1333
~ 0.3333 0.0667 0.4000 0.1333
~ 0.4000 0.0667 0.4667 0.1333
~ 0.4667 0.0667 0.5333 0.1333
~ 0.5333 0.0667 0.6000 0.1333
G 0.6000 0.0667 0.6667 0.1333
H 0.6667 0.0667 0.7333 0.1333
I 0.7333 0.0667 0.8000 0.1333
~ 0.8000 0.0667 0.8667 0.1333
~ 0.8667 0.0667 0.9333 0.1333
~ 0.9333 0.0667 1.0000 0.1333
~ 0.0000 0.1333 0.0667 0.2000
~ 0.0667 0.1333 0.1333 0.2000
~ 0.1333 0.1333 0.2000 0.2000
~ 0.2000 0.1333 0.2667 0.2000
~ 0.2667 0.1333 0.3333 0.2000
~ 0.3333 0.1333 0.4000 0.2000
V 0.4000 0.1333 0.4667 0.2000
A 0.4667 0.1333 0.5333 0.2000
R 0.5333 0.1333 0.6000 0.2000
Y 0.6000 0.1333 0.6667 0.2000
I 0.6667 0.1333 0.7333 0.2000
N 0.7333 0.1333 0.8000 0.2000
G 0.8000 0.1333 0.8667 0.2000
~ 0.8667 0.1333 0.9333 0.2000
~ 0.9333 0.1333 1.0000 0.2000
~ 0.0000 0.2000 0.0667 0.2667
~ 0.0667 0.2000 0.1333 0.2667
~ 0.1333 0.2000 0.2000 0.2667
~ 0.2000 0.2000 0.2667 0.2667
~ 0.2667 0.2000 0.3333 0.2667
~ 0.3333 0.2000 0.4000 0.2667
~ 0.4000 0.2000 0.4667 0.2667
I 0.4667 0.2000 0.5333 0.2667
~ 0.5333 0.2000 0.6000 0.2667
V 0.6000 0.2000 0.6667 0.2667
~ 0.6667 0.2000 0.7333 0.2667
E 0.7333 0.2000 0.8000 0.2667
~ 0.8000 0.2000 0.8667 0.2667
~ 0.8667 0.2000 0.9333 0.2667
B 0.9333 0.2000 1.0000 0.2667
~ 0.0000 0.2667 0.0667 0.3333
~ 0.0667 0.2667 0.1333 0.3333
~ 0.1333 0.2667 0.2000 0.3333
~ 0.2000 0.2667 0.2667 0.3333
~ 0.2667 0.2667 0.3333 0.3333
~ 0.3333 0.2667 0.4000 0.3333
~ 0.4000 0.2667 0.4667 0.3333
K 0.4667 0.2667 0.5333 0.3333
~ 0.5333 0.2667 0.6000 0.3333
E 0.6000 0.2667 0.6667 0.3333
~ 0.6667 0.2667 0.7333 0.3333
R 0.7333 0.2667 0.8000 0.3333
~ 0.8000 0.2667 0.8667 0.3333
~ 0.8667 0.2667 0.9333 0.3333
E 0.9333 0.2667 1.0000 0.3333
~ 0.0000 0.3333 0.0667 0.4000
~ 0.0667 0.3333 0.1333 0.4000
~ 0.1333 0.3333 0.2000 0.4000
~ 0.2000 0.3333 0.2667 0.4000
F 0.2667 0.3333 0.3333 0.4000
~ 0.3333 0.3333 0.4000 0.4000
T 0.4000 0.3333 0.4667 0.4000
I 0.4667 0.3333 0.5333 0.4000
~ 0.5333 0.3333 0.6000 0.4000
D 0.6000 0.3333 0.6667 0.4000
A 0.6667 0.3333 0.7333 0.4000
T 0.7333 0.3333 0.8000 0.4000
O 0.8000 0.3333 0.8667 0.4000
~ 0.8667 0.3333 0.9333 0.4000
A 0.9333 0.3333 1.0000 0.4000
~ 0.0000 0.4000 0.0667 0.4667
~ 0.0667 0.4000 0.1333 0.4667
~ 0.1333 0.4000 0.2000 0.4667
~ 0.2000 0.4000 0.2667 0.4667
I 0.2667 0.4000 0.3333 0.4667
~ 0.3333 0.4000 0.4000 0.4667
O 0.4000 0.4000 0.4667 0.4667
D 0.4667 0.4000 0.5333 0.4667
~ 0.5333 0.4000 0.6000 0.4667
~ 0.6000 0.4000 0.6667 0.4667
T 0.6667 0.4000 0.7333 0.4667
I 0.7333 0.4000 0.8000 0.4667
~ 0.8000 0.4000 0.8667 0.4667
~ 0.8667 0.4000 0.9333 0.4667
U 0.9333 0.4000 1.0000 0.4667
E 0.0000 0.4667 0.0667 0.5333
~ 0.0667 0.4667 0.1333 0.5333
A 0.1333 0.4667 0.2000 0.5333
W 0.2000 0.4667 0.2667 0.5333
L 0.2667 0.4667 0.3333 0.5333
~ 0.3333 0.4667 0.4000 0.5333
L 0.4000 0.4667 0.4667 0.5333
O 0.4667 0.4667 0.5333 0.5333
~ 0.5333 0.4667 0.6000 0.5333
~ 0.6000 0.4667 0.6667 0.5333
~ 0.6667 0.4667 0.7333 0.5333
A 0.7333 0.4667 0.8000 0.5333
P 0.8000 0.4667 0.8667 0.5333
E 0.8667 0.4667 0.9333 0.5333
X 0.9333 0.4667 1.0000 0.5333
N 0.0000 0.5333 0.0667 0.6000
~ 0.0667 0.5333 0.1333 0.6000
Z 0.1333 0.5333 0.2000 0.6000
~ 0.2000 0.5333 0.2667 0.6000
~ 0.2667 0.5333 0.3333 0.6000
~ 0.3333 0.5333 0.4000 0.6000
D 0.4000 0.5333 0.4667 0.6000
~ 0.4667 0.5333 0.5333 0.6000
~ 0.5333 0.5333 0.6000 0.6000
~ 0.6000 0.5333 0.6667 0.6000
B 0.6667 0.5333 0.7333 0.6000
E 0.7333 0.5333 0.8000 0.6000
Y 0.8000 0.5333 0.8667 0.6000
~ 0.8667 0.5333 0.9333 0.6000
~ 0.9333 0.5333 1.0000 0.6000
D 0.0000 0.6000 0.0667 0.6667
~ 0.0667 0.6000 0.1333 0.6667
I 0.1333 0.6000 0.2000 0.6667
~ 0.2000 0.6000 0.2667 0.6667
Q 0.2667 0.6000 0.3333 0.6667
~ 0.3333 0.6000 0.4000 0.6667
~ 0.4000 0.6000 0.4667 0.6667
~ 0.4667 0.6000 0.5333 0.6667
E 0.5333 0.6000 0.6000 0.6667
M 0.6000 0.6000 0.6667 0.6667
U 0.6667 0.6000 0.7333 0.6667
~ 0.7333 0.6000 0.8000 0.6667
R 0.8000 0.6000 0.8667 0.6667
~ 0.8667 0.6000 0.9333 0.6667
~ 0.9333 0.6000 1.0000 0.6667
O 0.0000 0.6667 0.0667 0.7333
~ 0.0667 0.6667 0.1333 0.7333
N 0.1333 0.6667 0.2000 0.7333
A 0.2000 0.6667 0.2667 0.7333
A 0.2667 0.6667 0.3333 0.7333
~ 0.3333 0.6667 0.4000 0.7333
~ 0.4000 0.6667 0.4667 0.7333
~ 0.4667 0.6667 0.5333 0.7333
T 0.5333 0.6667 0.6000 0.7333
E 0.6000 0.6667 0.6667 0.7333
N 0.6667 0.6667 0.7333 0.7333
~ 0.7333 0.6667 0.8000 0.7333
O 0.8000 0.6667 0.8667 0.7333
~ 0.8667 0.6667 0.9333 0.7333
~ 0.9333 0.6667 1.0000 0.7333
W 0.0000 0.7333 0.0667 0.8000
R 0.0667 0.7333 0.1333 0.8000
E 0.1333 0.7333 0.2000 0.8000
S 0.2000 0.7333 0.2667 0.8000
~ 0.2667 0.7333 0.3333 0.8000
L 0.3333 0.7333 0.4000 0.8000
~ 0.4000 0.7333 0.4667 0.8000
S 0.4667 0.7333 0.5333 0.8000
~ 0.5333 0.7333 0.6000 0.8000
~ 0.6000 0.7333 0.6667 0.8000
T 0.6667 0.7333 0.7333 0.8000
~ 0.7333 0.7333 0.8000 0.8000
~ 0.8000 0.7333 0.8667 0.8000
~ 0.8667 0.7333 0.9333 0.8000
~ 0.9333 0.7333 1.0000 0.8000
~ 0.0000 0.8000 0.0667 0.8667
O 0.0667 0.8000 0.1333 0.8667
S 0.1333 0.8000 0.2000 0.8667
~ 0.2000 0.8000 0.2667 0.8667
~ 0.2667 0.8000 0.3333 0.8667
I 0.3333 0.8000 0.4000 0.8667
N 0.4000 0.8000 0.4667 0.8667
C 0.4667 0.8000 0.5333 0.8667
L 0.5333 0.8000 0.6000 0.8667
O 0.6000 0.8000 0.6667 0.8667
S 0.6667 0.8000 0.7333 0.8667
E 0.7333 0.8000 0.8000 0.8667
R 0.8000 0.8000 0.8667 0.8667
~ 0.8667 0.8000 0.9333 0.8667
~ 0.9333 0.8000 1.0000 0.8667
~ 0.0000 0.8667 0.0667 0.9333
U 0.0667 0.8667 0.1333 0.9333
~ 0.1333 0.8667 0.2000 0.9333
~ 0.2000 0.8667 0.2667 0.9333
~ 0.2667 0.8667 0.3333 0.9333
~ 0.3333 0.8667 0.4000 0.9333
~ 0.4000 0.8667 0.4667 0.9333
A 0.4667 0.8667 0.5333 0.9333
~ 0.5333 0.8667 0.6000 0.9333
N 0.6000 0.8667 0.6667 0.9333
~ 0.6667 0.8667 0.7333 0.9333
~ 0.7333 0.8667 0.8000 0.9333
E 0.8000 0.8667 0.8667 0.9333
F 0.8667 0.8667 0.9333 0.9333
~ 0.9333 0.8667 1.0000 0.9333
U 0.0000 0.9333 0.0667 1.0000
P 0.0667 0.9333 0.1333 1.0000
~ 0.1333 0.9333 0.2000 1.0000
~ 0.2000 0.9333 0.2667 1.0000
A 0.2667 0.9333 0.3333 1.0000
G 0.3333 0.9333 0.4000 1.0000
I 0.4000 0.9333 0.4667 1.0000
T 0.4667 0.9333 0.5333 1.0000
A 0.5333 0.9333 0.6000 1.0000
~ 0.6000 0.9333 0.6667 1.0000
H 0.6667 0.9333 0.7333 1.0000
O 0.7333 0.9333 0.8000 1.0000
M 0.8000 0.9333 0.8667 1.0000
E 0.8667 0.9333 0.9333 1.0000
R 0.9333 0.9333 1.0000 1.0000
