~ 0.0000 0.0000 0.0667 0.0667
V 0.0667 0.0000 0.1333 0.0667
I 0.1333 0.0000 0.2000 0.0667
N 0.2000 0.0000 0.2667 0.0667
E 0.2667 0.0000 0.3333 0.0667
S 0.3333 0.0000 0.4000 0.0667
~ 0.4000 0.0000 0.4667 0.0667
C 0.4667 0.0000 0.5333 0.0667
~ 0.5333 0.0000 0.6000 0.0667
~ 0.6000 0.0000 0.6667 0.0667
~ 0.6667 0.0000 0.7333 0.0667
~ 0.7333 0.0000 0.8000 0.0667
~ 0.8000 0.0000 0.8667 0.0667
~ 0.8667 0.0000 0.9333 0.0667
~ 0.9333 0.0000 1.0000 0.0667
B 0.0000 0.0667 0.0667 0.1333
I 0.0667 0.0667 0.1333 0.1333
~ 0.1333 0.0667 0.2000 0.1333
~ 0.2000 0.0667 0.2667 0.1333
~ 0.2667 0.0667 0.3333 0.1333
~ 0.3333 0.0667 0.4000 0.1333
~ 0.4000 0.0667 0.4667 0.1333
E 0.4667 0.0667 0.5333 0.1333
T 0.5333 0.0667 0.6000 0.1333
~ 0.6000 0.0667 0.6667 0.1333
~ 0.6667 0.0667 0.7333 0.1333
~ 0.7333 0.0667 0.8000 0.1333
~ 0.8000 0.0667 0.8667 0.1333
~ 0.8667 0.0667 0.9333 0.1333
~ 0.9333 0.0667 1.0000 0.1333
A 0.0000 0.1333 0.0667 0.2000
M 0.0667 0.1333 0.1333 0.2000
~ 0.1333 0.1333 0.2000 0.2000
~ 0.2000 0.1333 0.2667 0.2000
~ 0.2667 0.1333 0.3333 0.2000
~ 0.3333 0.1333 0.4000 0.2000
~ 0.4000 0.1333 0.4667 0.2000
L 0.4667 0.1333 0.5333 0.2000
I 0.5333 0.1333 0.6000 0.2000
~ 0.6000 0.1333 0.6667 0.2000
~ 0.6667 0.1333 0.7333 0.2000
~ 0.7333 0.1333 0.8000 0.2000
~ 0.8000 0.1333 0.8667 0.2000
~ 0.8667 0.1333 0.9333 0.2000
~ 0.9333 0.1333 1.0000 0.2000
T 0.0000 0.2000 0.0667 0.2667
~ 0.0667 0.2000 0.1333 0.2667
~ 0.1333 0.2000 0.2000 0.2667
~ 0.2000 0.2000 0.2667 0.2667
~ 0.2667 0.2000 0.3333 0.2667
~ 0.3333 0.2000 0.4000 0.2667
~ 0.4000 0.2000 0.4667 0.2667
~ 0.4667 0.2000 0.5333 0.2667
~ 0.5333 0.2000 0.6000 0.2667
~ 0.6000 0.2000 0.6667 0.2667
~ 0.6667 0.2000 0.7333 0.2667
~ 0.7333 0.2000 0.8000 0.2667
~ 0.8000 0.2000 0.8667 0.2667
~ 0.8667 0.2000 0.9333 0.2667
~ 0.9333 0.2000 1.0000 0.2667
H 0.0000 0.2667 0.0667 0.3333
A 0.0667 0.2667 0.1333 0.3333
N 0.1333 0.2667 0.2000 0.3333
D 0.2000 0.2667 0.2667 0.3333
Y 0.2667 0.2667 0.3333 0.3333
~ 0.3333 0.2667 0.4000 0.3333
~ 0.4000 0.2667 0.4667 0.3333
~ 0.4667 0.2667 0.5333 0.3333
I 0.5333 0.2667 0.6000 0.3333
~ 0.6000 0.2667 0.6667 0.3333
~ 0.6667 0.2667 0.7333 0.3333
~ 0.7333 0.2667 0.8000 0.3333
~ 0.8000 0.2667 0.8667 0.3333
~ 0.8667 0.2667 0.9333 0.3333
~ 0.9333 0.2667 1.0000 0.3333
~ 0.0000 0.3333 0.0667 0.4000
J 0.0667 0.3333 0.1333 0.4000
~ 0.1333 0.3333 0.2000 0.4000
E 0.2000 0.3333 0.2667 0.4000
A 0.2667 0.3333 0.3333 0.4000
U 0.3333 0.3333 0.4000 0.4000
~ 0.4000 0.3333 0.4667 0.4000
~ 0.4667 0.3333 0.5333 0.4000
~ 0.5333 0.3333 0.6000 0.4000
~ 0.6000 0.3333 0.6667 0.4000
~ 0.6667 0.3333 0.7333 0.4000
A 0.7333 0.3333 0.8000 0.4000
D 0.8000 0.3333 0.8667 0.4000
Z 0.8667 0.3333 0.9333 0.4000
~ 0.9333 0.3333 1.0000 0.4000
C 0.0000 0.4000 0.0667 0.4667
A 0.0667 0.4000 0.1333 0.4667
R 0.1333 0.4000 0.2000 0.4667
~ 0.2000 0.4000 0.2667 0.4667
~ 0.2667 0.4000 0.3333 0.4667
~ 0.3333 0.4000 0.4000 0.4667
~ 0.4000 0.4000 0.4667 0.4667
~ 0.4667 0.4000 0.5333 0.4667
G 0.5333 0.4000 0.6000 0.4667
~ 0.6000 0.4000 0.6667 0.4667
~ 0.6667 0.4000 0.7333 0.4667
R 0.7333 0.4000 0.8000 0.4667
O 0.8000 0.4000 0.8667 0.4667
I 0.8667 0.4000 0.9333 0.4667
L 0.9333 0.4000 1.0000 0.4667
~ 0.0000 0.4667 0.0667 0.5333
R 0.0667 0.4667 0.1333 0.5333
E 0.1333 0.4667 0.2000 0.5333
Q 0.2000 0.4667 0.2667 0.5333
U 0.2667 0.4667 0.3333 0.5333
E 0.3333 0.4667 0.4000 0.5333
S 0.4000 0.4667 0.4667 0.5333
T 0.4667 0.4667 0.5333 0.5333
S 0.5333 0.4667 0.6000 0.5333
~ 0.6000 0.4667 0.6667 0.5333
~ 0.6667 0.4667 0.7333 0.5333
~ 0.7333 0.4667 0.8000 0.5333
~ 0.8000 0.4667 0.8667 0.5333
P 0.8667 0.4667 0.9333 0.5333
E 0.9333 0.4667 1.0000 0.5333
~ 0.0000 0.5333 0.0667 0.6000
~ 0.0667 0.5333 0.1333 0.6000
X 0.1333 0.5333 0.2000 0.6000
U 0.2000 0.5333 0.2667 0.6000
~ 0.2667 0.5333 0.3333 0.6000
L 0.3333 0.5333 0.4000 0.6000
O 0.4000 0.5333 0.4667 0.6000
O 0.4667 0.5333 0.5333 0.6000
~ 0.5333 0.5333 0.6000 0.6000
~ 0.6000 0.5333 0.6667 0.6000
~ 0.6667 0.5333 0.7333 0.6000
~ 0.7333 0.5333 0.8000 0.6000
~ 0.8000 0.5333 0.8667 0.6000
~ 0.8667 0.5333 0.9333 0.6000
V 0.9333 0.5333 1.0000 0.6000
~ 0.0000 0.6000 0.0667 0.6667
~ 0.0667 0.6000 0.1333 0.6667
~ 0.1333 0.6000 0.2000 0.6667
I 0.2000 0.6000 0.2667 0.6667
D 0.2667 0.6000 0.3333 0.6667
~ 0.3333 0.6000 0.4000 0.6667
B 0.4000 0.6000 0.4667 0.6667
O 0.4667 0.6000 0.5333 0.6667
F 0.5333 0.6000 0.6000 0.6667
F 0.6000 0.6000 0.6667 0.6667
O 0.6667 0.6000 0.7333 0.6667
~ 0.7333 0.6000 0.8000 0.6667
~ 0.8000 0.6000 0.8667 0.6667
W 0.8667 0.6000 0.9333 0.6667
E 0.9333 0.6000 1.0000 0.6667
~ 0.0000 0.6667 0.0667 0.7333
~ 0.0667 0.6667 0.1333 0.7333
~ 0.1333 0.6667 0.2000 0.7333
~ 0.2000 0.6667 0.2667 0.7333
I 0.2667 0.6667 0.3333 0.7333
~ 0.3333 0.6667 0.4000 0.7333
~ 0.4000 0.6667 0.4667 0.7333
~ 0.4667 0.6667 0.5333 0.7333
~ 0.5333 0.6667 0.6000 0.7333
~ 0.6000 0.6667 0.6667 0.7333
H 0.6667 0.6667 0.7333 0.7333
O 0.7333 0.6667 0.8000 0.7333
P 0.8000 0.6667 0.8667 0.7333
E 0.8667 0.6667 0.9333 0.7333
R 0.9333 0.6667 1.0000 0.7333
~ 0.0000 0.7333 0.0667 0.8000
~ 0.0667 0.7333 0.1333 0.8000
~ 0.1333 0.7333 0.2000 0.8000
E 0.2000 0.7333 0.2667 0.8000
R 0.2667 0.7333 0.3333 0.8000
G 0.3333 0.7333 0.4000 0.8000
~ 0.4000 0.7333 0.4667 0.8000
~ 0.4667 0.7333 0.5333 0.8000
D 0.5333 0.7333 0.6000 0.8000
A 0.6000 0.7333 0.6667 0.8000
M 0.6667 0.7333 0.7333 0.8000
N 0.7333 0.7333 0.8000 0.8000
~ 0.8000 0.7333 0.8667 0.8000
N 0.8667 0.7333 0.9333 0.8000
~ 0.9333 0.7333 1.0000 0.8000
~ 0.0000 0.8000 0.0667 0.8667
~ 0.0667 0.8000 0.1333 0.8667
~ 0.1333 0.8000 0.2000 0.8667
~ 0.2000 0.8000 0.2667 0.8667
T 0.2667 0.8000 0.3333 0.8667
O 0.3333 0.8000 0.4000 0.8667
Y 0.4000 0.8000 0.4667 0.8667
~ 0.4667 0.8000 0.5333 0.8667
A 0.5333 0.8000 0.6000 0.8667
W 0.6000 0.8000 0.6667 0.8667
~ 0.6667 0.8000 0.7333 0.8667
~ 0.7333 0.8000 0.8000 0.8667
~ 0.8000 0.8000 0.8667 0.8667
T 0.8667 0.8000 0.9333 0.8667
O 0.9333 0.8000 1.0000 0.8667
~ 0.0000 0.8667 0.0667 0.9333
~ 0.0667 0.8667 0.1333 0.9333
~ 0.1333 0.8667 0.2000 0.9333
~ 0.2000 0.8667 0.2667 0.9333
~ 0.2667 0.8667 0.3333 0.9333
A 0.3333 0.8667 0.4000 0.9333
E 0.4000 0.8667 0.4667 0.9333
~ 0.4667 0.8667 0.5333 0.9333
N 0.5333 0.8667 0.6000 0.9333
E 0.6000 0.8667 0.6667 0.9333
~ 0.6667 0.8667 0.7333 0.9333
~ 0.7333 0.8667 0.8000 0.9333
~ 0.8000 0.8667 0.8667 0.9333
~ 0.8667 0.8667 0.9333 0.9333
N 0.9333 0.8667 1.0000 0.9333
~ 0.0000 0.9333 0.0667 1.0000
~ 0.0667 0.9333 0.1333 1.0000
~ 0.1333 0.9333 0.2000 1.0000
~ 0.2000 0.9333 0.2667 1.0000
~ 0.2667 0.9333 0.3333 1.0000
L 0.3333 0.9333 0.4000 1.0000
A 0.4000 0.9333 0.4667 1.0000
R 0.4667 0.9333 0.5333 1.0000
K 0.5333 0.9333 0.6000 1.0000
S 0.6000 0.9333 0.6667 1.0000
~ 0.6667 0.9333 0.7333 1.0000
~ 0.7333 0.9333 0.8000 1.0000
~ 0.8000 0.9333 0.8667 1.0000
~ 0.8667 0.9333 0.9333 1.0000
E 0.9333 0.9333 1.0000 1.0000
