~ 0.0000 0.0000 0.0667 0.0667
~ 0.0667 0.0000 0.1333 0.0667
~ 0.1333 0.0000 0.2000 0.0667
~ 0.2000 0.0000 0.2667 0.0667
~ 0.2667 0.0000 0.3333 0.0667
~ 0.3333 0.0000 0.4000 0.0667
~ 0.4000 0.0000 0.4667 0.0667
~ 0.4667 0.0000 0.5333 0.0667
~ 0.5333 0.0000 0.6000 0.0667
~ 0.6000 0.0000 0.6667 0.0667
~ 0.6667 0.0000 0.7333 0.0667
M 0.7333 0.0000 0.8000 0.0667
E 0.8000 0.0000 0.8667 0.0667
E 0.8667 0.0000 0.9333 0.0667
T 0.9333 0.0000 1.0000 0.0667
~ 0.0000 0.0667 0.0667 0.1333
~ 0.0667 0.0667 0.1333 0.1333
~ 0.1333 0.0667 0.2000 0.1333
~ 0.2000 0.0667 0.2667 0.1333
~ 0.2667 0.0667 0.3333 0.1333
~ 0.3333 0.0667 0.4000 0.1333
~ 0.4000 0.0667 0.4667 0.1333
~ 0.4667 0.0667 0.5333 0.1333
~ 0.5333 0.0667 0.6000 0.1333
~ 0.6000 0.0667 0.6667 0.1333
~ 0.6667 0.0667 0.7333 0.1333
U 0.7333 0.0667 0.8000 0.1333
R 0.8000 0.0667 0.8667 0.1333
F 0.8667 0.0667 0.9333 0.1333
~ 0.9333 0.0667 1.0000 0.1333
~ 0.0000 0.1333 0.0667 0.2000
~ 0.0667 0.1333 0.1333 0.2000
~ 0.1333 0.1333 0.2000 0.2000
~ 0.2000 0.1333 0.2667 0.2000
~ 0.2667 0.1333 0.3333 0.2000
~ 0.3333 0.1333 0.4000 0.2000
~ 0.4000 0.1333 0.4667 0.2000
~ 0.4667 0.1333 0.5333 0.2000
~ 0.5333 0.1333 0.6000 0.2000
~ 0.6000 0.1333 0.6667 0.2000
H 0.6667 0.1333 0.7333 0.2000
~ 0.7333 0.1333 0.8000 0.2000
~ 0.8000 0.1333 0.8667 0.2000
~ 0.8667 0.1333 0.9333 0.2000
~ 0.9333 0.1333 1.0000 0.2000
M 0.0000 0.2000 0.0667 0.2667
O 0.0667 0.2000 0.1333 0.2667
T 0.1333 0.2000 0.2000 0.2667
E 0.2000 0.2000 0.2667 0.2667
D 0.2667 0.2000 0.3333 0.2667
L 0.3333 0.2000 0.4000 0.2667
Y 0.4000 0.2000 0.4667 0.2667
~ 0.4667 0.2000 0.5333 0.2667
G 0.5333 0.2000 0.6000 0.2667
O 0.6000 0.2000 0.6667 0.2667
U 0.6667 0.2000 0.7333 0.2667
K 0.7333 0.2000 0.8000 0.2667
~ 0.8000 0.2000 0.8667 0.2667
~ 0.8667 0.2000 0.9333 0.2667
~ 0.9333 0.2000 1.0000 0.2667
~ 0.0000 0.2667 0.0667 0.3333
~ 0.0667 0.2667 0.1333 0.3333
~ 0.1333 0.2667 0.2000 0.3333
~ 0.2000 0.2667 0.2667 0.3333
~ 0.2667 0.2667 0.3333 0.3333
~ 0.3333 0.2667 0.4000 0.3333
U 0.4000 0.2667 0.4667 0.3333
T 0.4667 0.2667 0.5333 0.3333
U 0.5333 0.2667 0.6000 0.3333
~ 0.6000 0.2667 0.6667 0.3333
R 0.6667 0.2667 0.7333 0.3333
~ 0.7333 0.2667 0.8000 0.3333
~ 0.8000 0.2667 0.8667 0.3333
~ 0.8667 0.2667 0.9333 0.3333
~ 0.9333 0.2667 1.0000 0.3333
~ 0.0000 0.3333 0.0667 0.4000
~ 0.0667 0.3333 0.1333 0.4000
~ 0.1333 0.3333 0.2000 0.4000
~ 0.2000 0.3333 0.2667 0.4000
H 0.2667 0.3333 0.3333 0.4000
U 0.3333 0.3333 0.4000 0.4000
P 0.4000 0.3333 0.4667 0.4000
~ 0.4667 0.3333 0.5333 0.4000
B 0.5333 0.3333 0.6000 0.4000
A 0.6000 0.3333 0.6667 0.4000
N 0.6667 0.3333 0.7333 0.4000
~ 0.7333 0.3333 0.8000 0.4000
~ 0.8000 0.3333 0.8667 0.4000
~ 0.8667 0.3333 0.9333 0.4000
~ 0.9333 0.3333 1.0000 0.4000
T 0.0000 0.4000 0.0667 0.4667
I 0.0667 0.4000 0.1333 0.4667
E 0.1333 0.4000 0.2000 0.4667
~ 0.2000 0.4000 0.2667 0.4667
~ 0.2667 0.4000 0.3333 0.4667
~ 0.3333 0.4000 0.4000 0.4667
~ 0.4000 0.4000 0.4667 0.4667
C 0.4667 0.4000 0.5333 0.4667
~ 0.5333 0.4000 0.6000 0.4667
~ 0.6000 0.4000 0.6667 0.4667
E 0.6667 0.4000 0.7333 0.4667
D 0.7333 0.4000 0.8000 0.4667
~ 0.8000 0.4000 0.8667 0.4667
S 0.8667 0.4000 0.9333 0.4667
~ 0.9333 0.4000 1.0000 0.4667
A 0.0000 0.4667 0.0667 0.5333
~ 0.0667 0.4667 0.1333 0.5333
~ 0.1333 0.4667 0.2000 0.5333
~ 0.2000 0.4667 0.2667 0.5333
~ 0.2667 0.4667 0.3333 0.5333
~ 0.3333 0.4667 0.4000 0.5333
J 0.4000 0.4667 0.4667 0.5333
O 0.4667 0.4667 0.5333 0.5333
G 0.5333 0.4667 0.6000 0.5333
~ 0.6000 0.4667 0.6667 0.5333
D 0.6667 0.4667 0.7333 0.5333
E 0.7333 0.4667 0.8000 0.5333
~ 0.8000 0.4667 0.8667 0.5333
A 0.8667 0.4667 0.9333 0.5333
W 0.9333 0.4667 1.0000 0.5333
R 0.0000 0.5333 0.0667 0.6000
~ 0.0667 0.5333 0.1333 0.6000
Q 0.1333 0.5333 0.2000 0.6000
O 0.2000 0.5333 0.2667 0.6000
R 0.2667 0.5333 0.3333 0.6000
M 0.3333 0.5333 0.4000 0.6000
A 0.4000 0.5333 0.4667 0.6000
S 0.4667 0.5333 0.5333 0.6000
~ 0.5333 0.5333 0.6000 0.6000
~ 0.6000 0.5333 0.6667 0.6000
~ 0.6667 0.5333 0.7333 0.6000
R 0.7333 0.5333 0.8000 0.6000
~ 0.8000 0.5333 0.8667 0.6000
T 0.8667 0.5333 0.9333 0.6000
A 0.9333 0.5333 1.0000 0.6000
P 0.0000 0.6000 0.0667 0.6667
O 0.0667 0.6000 0.1333 0.6667
I 0.1333 0.6000 0.2000 0.6667
~ 0.2000 0.6000 0.2667 0.6667
I 0.2667 0.6000 0.3333 0.6667
~ 0.3333 0.6000 0.4000 0.6667
W 0.4000 0.6000 0.4667 0.6667
E 0.4667 0.6000 0.5333 0.6667
T 0.5333 0.6000 0.6000 0.6667
~ 0.6000 0.6000 0.6667 0.6667
~ 0.6667 0.6000 0.7333 0.6667
A 0.7333 0.6000 0.8000 0.6667
~ 0.8000 0.6000 0.8667 0.6667
I 0.8667 0.6000 0.9333 0.6667
N 0.9333 0.6000 1.0000 0.6667
O 0.0000 0.6667 0.0667 0.7333
~ 0.0667 0.6667 0.1333 0.7333
~ 0.1333 0.6667 0.2000 0.7333
~ 0.2000 0.6667 0.2667 0.7333
V 0.2667 0.6667 0.3333 0.7333
~ 0.3333 0.6667 0.4000 0.7333
~ 0.4000 0.6667 0.4667 0.7333
C 0.4667 0.6667 0.5333 0.7333
A 0.5333 0.6667 0.6000 0.7333
N 0.6000 0.6667 0.6667 0.7333
N 0.6667 0.6667 0.7333 0.7333
I 0.7333 0.6667 0.8000 0.7333
E 0.8000 0.6667 0.8667 0.7333
R 0.8667 0.6667 0.9333 0.7333
~ 0.9333 0.6667 1.0000 0.7333
N 0.0000 0.7333 0.0667 0.8000
~ 0.0667 0.7333 0.1333 0.8000
~ 0.1333 0.7333 0.2000 0.8000
F 0.2000 0.7333 0.2667 0.8000
A 0.2667 0.7333 0.3333 0.8000
~ 0.3333 0.7333 0.4000 0.8000
~ 0.4000 0.7333 0.4667 0.8000
~ 0.4667 0.7333 0.5333 0.8000
V 0.5333 0.7333 0.6000 0.8000
~ 0.6000 0.7333 0.6667 0.8000
~ 0.6667 0.7333 0.7333 0.8000
L 0.7333 0.7333 0.8000 0.8000
~ 0.8000 0.7333 0.8667 0.8000
I 0.8667 0.7333 0.9333 0.8000
~ 0.9333 0.7333 1.0000 0.8000
S 0.0000 0.8000 0.0667 0.8667
~ 0.0667 0.8000 0.1333 0.8667
~ 0.1333 0.8000 0.2000 0.8667
A 0.2000 0.8000 0.2667 0.8667
L 0.2667 0.8000 0.3333 0.8667
~ 0.3333 0.8000 0.4000 0.8667
~ 0.4000 0.8000 0.4667 0.8667
~ 0.4667 0.8000 0.5333 0.8667
~ 0.5333 0.8000 0.6000 0.8667
~ 0.6000 0.8000 0.6667 0.8667
G 0.6667 0.8000 0.7333 0.8667
E 0.7333 0.8000 0.8000 0.8667
E 0.8000 0.8000 0.8667 0.8667
Z 0.8667 0.8000 0.9333 0.8667
~ 0.9333 0.8000 1.0000 0.8667
~ 0.0000 0.8667 0.0667 0.9333
~ 0.0667 0.8667 0.1333 0.9333
~ 0.1333 0.8667 0.2000 0.9333
~ 0.2000 0.8667 0.2667 0.9333
~ 0.2667 0.8667 0.3333 0.9333
~ 0.3333 0.8667 0.4000 0.9333
~ 0.4000 0.8667 0.4667 0.9333
~ 0.4667 0.8667 0.5333 0.9333
~ 0.5333 0.8667 0.6000 0.9333
~ 0.6000 0.8667 0.6667 0.9333
O 0.6667 0.8667 0.7333 0.9333
D 0.7333 0.8667 0.8000 0.9333
~ 0.8000 0.8667 0.8667 0.9333
E 0.8667 0.8667 0.9333 0.9333
X 0.9333 0.8667 1.0000 0.9333
~ 0.0000 0.9333 0.0667 1.0000
~ 0.0667 0.9333 0.1333 1.0000
~ 0.1333 0.9333 0.2000 1.0000
~ 0.2000 0.9333 0.2667 1.0000
~ 0.2667 0.9333 0.3333 1.0000
~ 0.3333 0.9333 0.4000 1.0000
~ 0.4000 0.9333 0.4667 1.0000
~ 0.4667 0.9333 0.5333 1.0000
~ 0.5333 0.9333 0.6000 1.0000
~ 0.6000 0.9333 0.6667 1.0000
Y 0.6667 0.9333 0.7333 1.0000
~ 0.7333 0.9333 0.8000 1.0000
~ 0.8000 0.9333 0.8667 1.0000
~ 0.8667 0.9333 0.9333 1.0000
I 0.9333 0.9333 1.0000 1.0000
