~ 0.0000 0.0000 0.0667 0.0667
~ 0.0667 0.0000 0.1333 0.0667
~ 0.1333 0.0000 0.2000 0.0667
~ 0.2000 0.0000 0.2667 0.0667
~ 0.2667 0.0000 0.3333 0.0667
~ 0.3333 0.0000 0.4000 0.0667
~ 0.4000 0.0000 0.4667 0.0667
~ 0.4667 0.0000 0.5333 0.0667
~ 0.5333 0.0000 0.6000 0.0667
~ 0.6000 0.0000 0.6667 0.0667
~ 0.6667 0.0000 0.7333 0.0667
~ 0.7333 0.0000 0.8000 0.0667
~ 0.8000 0.0000 0.8667 0.0667
~ 0.8667 0.0000 0.9333 0.0667
~ 0.9333 0.0000 1.0000 0.0667
~ 0.0000 0.0667 0.0667 0.1333
~ 0.0667 0.0667 0.1333 0.1333
~ 0.1333 0.0667 0.2000 0.1333
~ 0.2000 0.0667 0.2667 0.1333
~ 0.2667 0.0667 0.3333 0.1333
L 0.3333 0.0667 0.4000 0.1333
~ 0.4000 0.0667 0.4667 0.1333
~ 0.4667 0.0667 0.5333 0.1333
~ 0.5333 0.0667 0.6000 0.1333
~ 0.6000 0.0667 0.6667 0.1333
~ 0.6667 0.0667 0.7333 0.1333
~ 0.7333 0.0667 0.8000 0.1333
Q 0.8000 0.0667 0.8667 0.1333
I 0.8667 0.0667 0.9333 0.1333
~ 0.9333 0.0667 1.0000 0.1333
~ 0.0000 0.1333 0.0667 0.2000
~ 0.0667 0.1333 0.1333 0.2000
~ 0.1333 0.1333 0.2000 0.2000
~ 0.2000 0.1333 0.2667 0.2000
~ 0.2667 0.1333 0.3333 0.2000
U 0.3333 0.1333 0.4000 0.2000
~ 0.4000 0.1333 0.4667 0.2000
~ 0.4667 0.1333 0.5333 0.2000
~ 0.5333 0.1333 0.6000 0.2000
~ 0.6000 0.1333 0.6667 0.2000
A 0.6667 0.1333 0.7333 0.2000
N 0.7333 0.1333 0.8000 0.2000
I 0.8000 0.1333 0.8667 0.2000
~ 0.8667 0.1333 0.9333 0.2000
~ 0.9333 0.1333 1.0000 0.2000
~ 0.0000 0.2000 0.0667 0.2667
~ 0.0667 0.2000 0.1333 0.2667
~ 0.1333 0.2000 0.2000 0.2667
~ 0.2000 0.2000 0.2667 0.2667
~ 0.2667 0.2000 0.3333 0.2667
R 0.3333 0.2000 0.4000 0.2667
~ 0.4000 0.2000 0.4667 0.2667
~ 0.4667 0.2000 0.5333 0.2667
~ 0.5333 0.2000 0.6000 0.2667
~ 0.6000 0.2000 0.6667 0.2667
B 0.6667 0.2000 0.7333 0.2667
I 0.7333 0.2000 0.8000 0.2667
~ 0.8000 0.2000 0.8667 0.2667
~ 0.8667 0.2000 0.9333 0.2667
~ 0.9333 0.2000 1.0000 0.2667
~ 0.0000 0.2667 0.0667 0.3333
T 0.0667 0.2667 0.1333 0.3333
R 0.1333 0.2667 0.2000 0.3333
I 0.2000 0.2667 0.2667 0.3333
A 0.2667 0.2667 0.3333 0.3333
C 0.3333 0.2667 0.4000 0.3333
~ 0.4000 0.2667 0.4667 0.3333
~ 0.4667 0.2667 0.5333 0.3333
~ 0.5333 0.2667 0.6000 0.3333
P 0.6000 0.2667 0.6667 0.3333
I 0.6667 0.2667 0.7333 0.3333
X 0.7333 0.2667 0.8000 0.3333
Y 0.8000 0.2667 0.8667 0.3333
~ 0.8667 0.2667 0.9333 0.3333
~ 0.9333 0.2667 1.0000 0.3333
~ 0.0000 0.3333 0.0667 0.4000
~ 0.0667 0.3333 0.1333 0.4000
~ 0.1333 0.3333 0.2000 0.4000
~ 0.2000 0.3333 0.2667 0.4000
~ 0.2667 0.3333 0.3333 0.4000
H 0.3333 0.3333 0.4000 0.4000
O 0.4000 0.3333 0.4667 0.4000
~ 0.4667 0.3333 0.5333 0.4000
W 0.5333 0.3333 0.6000 0.4000
E 0.6000 0.3333 0.6667 0.4000
D 0.6667 0.3333 0.7333 0.4000
~ 0.7333 0.3333 0.8000 0.4000
E 0.8000 0.3333 0.8667 0.4000
T 0.8667 0.3333 0.9333 0.4000
~ 0.9333 0.3333 1.0000 0.4000
~ 0.0000 0.4000 0.0667 0.4667
~ 0.0667 0.4000 0.1333 0.4667
~ 0.1333 0.4000 0.2000 0.4667
~ 0.2000 0.4000 0.2667 0.4667
~ 0.2667 0.4000 0.3333 0.4667
~ 0.3333 0.4000 0.4000 0.4667
I 0.4000 0.4000 0.4667 0.4667
~ 0.4667 0.4000 0.5333 0.4667
H 0.5333 0.4000 0.6000 0.4667
A 0.6000 0.4000 0.6667 0.4667
E 0.6667 0.4000 0.7333 0.4667
~ 0.7333 0.4000 0.8000 0.4667
N 0.8000 0.4000 0.8667 0.4667
O 0.8667 0.4000 0.9333 0.4667
W 0.9333 0.4000 1.0000 0.4667
~ 0.0000 0.4667 0.0667 0.5333
F 0.0667 0.4667 0.1333 0.5333
~ 0.1333 0.4667 0.2000 0.5333
~ 0.2000 0.4667 0.2667 0.5333
M 0.2667 0.4667 0.3333 0.5333
I 0.3333 0.4667 0.4000 0.5333
L 0.4000 0.4667 0.4667 0.5333
K 0.4667 0.4667 0.5333 0.5333
Y 0.5333 0.4667 0.6000 0.5333
~ 0.6000 0.4667 0.6667 0.5333
~ 0.6667 0.4667 0.7333 0.5333
~ 0.7333 0.4667 0.8000 0.5333
~ 0.8000 0.4667 0.8667 0.5333
N 0.8667 0.4667 0.9333 0.5333
A 0.9333 0.4667 1.0000 0.5333
~ 0.0000 0.5333 0.0667 0.6000
E 0.0667 0.5333 0.1333 0.6000
L 0.1333 0.5333 0.2000 0.6000
~ 0.2000 0.5333 0.2667 0.6000
A 0.2667 0.5333 0.3333 0.6000
~ 0.3333 0.5333 0.4000 0.6000
~ 0.4000 0.5333 0.4667 0.6000
~ 0.4667 0.5333 0.5333 0.6000
~ 0.5333 0.5333 0.6000 0.6000
~ 0.6000 0.5333 0.6667 0.6000
~ 0.6667 0.5333 0.7333 0.6000
~ 0.7333 0.5333 0.8000 0.6000
F 0.8000 0.5333 0.8667 0.6000
E 0.8667 0.5333 0.9333 0.6000
~ 0.9333 0.5333 1.0000 0.6000
~ 0.0000 0.6000 0.0667 0.6667
M 0.0667 0.6000 0.1333 0.6667
A 0.1333 0.6000 0.2000 0.6667
~ 0.2000 0.6000 0.2667 0.6667
N 0.2667 0.6000 0.3333 0.6667
~ 0.3333 0.6000 0.4000 0.6667
~ 0.4000 0.6000 0.4667 0.6667
V 0.4667 0.6000 0.5333 0.6667
~ 0.5333 0.6000 0.6000 0.6667
~ 0.6000 0.6000 0.6667 0.6667
~ 0.6667 0.6000 0.7333 0.6667
~ 0.7333 0.6000 0.8000 0.6667
U 0.8000 0.6000 0.8667 0.6667
~ 0.8667 0.6000 0.9333 0.6667
D 0.9333 0.6000 1.0000 0.6667
~ 0.0000 0.6667 0.0667 0.7333
~ 0.0667 0.6667 0.1333 0.7333
Z 0.1333 0.6667 0.2000 0.7333
~ 0.2000 0.6667 0.2667 0.7333
E 0.2667 0.6667 0.3333 0.7333
~ 0.3333 0.6667 0.4000 0.7333
~ 0.4000 0.6667 0.4667 0.7333
O 0.4667 0.6667 0.5333 0.7333
~ 0.5333 0.6667 0.6000 0.7333
~ 0.6000 0.6667 0.6667 0.7333
~ 0.6667 0.6667 0.7333 0.7333
~ 0.7333 0.6667 0.8000 0.7333
D 0.8000 0.6667 0.8667 0.7333
~ 0.8667 0.6667 0.9333 0.7333
E 0.9333 0.6667 1.0000 0.7333
G 0.0000 0.7333 0.0667 0.8000
R 0.0667 0.7333 0.1333 0.8000
E 0.1333 0.7333 0.2000 0.8000
E 0.2000 0.7333 0.2667 0.8000
S 0.2667 0.7333 0.3333 0.8000
~ 0.3333 0.7333 0.4000 0.8000
~ 0.4000 0.7333 0.4667 0.8000
T 0.4667 0.7333 0.5333 0.8000
~ 0.5333 0.7333 0.6000 0.8000
J 0.6000 0.7333 0.6667 0.8000
O 0.6667 0.7333 0.7333 0.8000
T 0.7333 0.7333 0.8000 0.8000
~ 0.8000 0.7333 0.8667 0.8000
~ 0.8667 0.7333 0.9333 0.8000
N 0.9333 0.7333 1.0000 0.8000
L 0.0000 0.8000 0.0667 0.8667
~ 0.0667 0.8000 0.1333 0.8667
D 0.1333 0.8000 0.2000 0.8667
~ 0.2000 0.8000 0.2667 0.8667
~ 0.2667 0.8000 0.3333 0.8667
~ 0.3333 0.8000 0.4000 0.8667
P 0.4000 0.8000 0.4667 0.8667
I 0.4667 0.8000 0.5333 0.8667
C 0.5333 0.8000 0.6000 0.8667
A 0.6000 0.8000 0.6667 0.8667
~ 0.6667 0.8000 0.7333 0.8667
O 0.7333 0.8000 0.8000 0.8667
A 0.8000 0.8000 0.8667 0.8667
T 0.8667 0.8000 0.9333 0.8667
S 0.9333 0.8000 1.0000 0.8667
U 0.0000 0.8667 0.0667 0.9333
~ 0.0667 0.8667 0.1333 0.9333
~ 0.1333 0.8667 0.2000 0.9333
~ 0.2000 0.8667 0.2667 0.9333
~ 0.2667 0.8667 0.3333 0.9333
~ 0.3333 0.8667 0.4000 0.9333
~ 0.4000 0.8667 0.4667 0.9333
V 0.4667 0.8667 0.5333 0.9333
~ 0.5333 0.8667 0.6000 0.9333
B 0.6000 0.8667 0.6667 0.9333
I 0.6667 0.8667 0.7333 0.9333
N 0.7333 0.8667 0.8000 0.9333
G 0.8000 0.8667 0.8667 0.9333
O 0.8667 0.8667 0.9333 0.9333
~ 0.9333 0.8667 1.0000 0.9333
E 0.0000 0.9333 0.0667 1.0000
S 0.0667 0.9333 0.1333 1.0000
T 0.1333 0.9333 0.2000 1.0000
R 0.2000 0.9333 0.2667 1.0000
U 0.2667 0.9333 0.3333 1.0000
S 0.3333 0.9333 0.4000 1.0000
E 0.4000 0.9333 0.4667 1.0000
~ 0.4667 0.9333 0.5333 1.0000
~ 0.5333 0.9333 0.6000 1.0000
~ 0.6000 0.9333 0.6667 1.0000
~ 0.6667 0.9333 0.7333 1.0000
~ 0.7333 0.9333 0.8000 1.0000
E 0.8000 0.9333 0.8667 1.0000
G 0.8667 0.9333 0.9333 1.0000
O 0.9333 0.9333 1.0000 1.0000
