~ 0.0000 0.0000 0.0667 0.0667
~ 0.0667 0.0000 0.1333 0.0667
~ 0.1333 0.0000 0.2000 0.0667
~ 0.2000 0.0000 0.2667 0.0667
~ 0.2667 0.0000 0.3333 0.0667
~ 0.3333 0.0000 0.4000 0.0667
~ 0.4000 0.0000 0.4667 0.0667
F 0.4667 0.0000 0.5333 0.0667
~ 0.5333 0.0000 0.6000 0.0667
~ 0.6000 0.0000 0.6667 0.0667
~ 0.6667 0.0000 0.7333 0.0667
~ 0.7333 0.0000 0.8000 0.0667
~ 0.8000 0.0000 0.8667 0.0667
~ 0.8667 0.0000 0.9333 0.0667
~ 0.9333 0.0000 1.0000 0.0667
~ 0.0000 0.0667 0.0667 0.1333
~ 0.0667 0.0667 0.1333 0.1333
~ 0.1333 0.0667 0.2000 0.1333
~ 0.2000 0.0667 0.2667 0.1333
~ 0.2667 0.0667 0.3333 0.1333
~ 0.3333 0.0667 0.4000 0.1333
~ 0.4000 0.0667 0.4667 0.1333
L 0.4667 0.0667 0.5333 0.1333
~ 0.5333 0.0667 0.6000 0.1333
~ 0.6000 0.0667 0.6667 0.1333
~ 0.6667 0.0667 0.7333 0.1333
~ 0.7333 0.0667 0.8000 0.1333
~ 0.8000 0.0667 0.8667 0.1333
~ 0.8667 0.0667 0.9333 0.1333
U 0.9333 0.0667 1.0000 0.1333
~ 0.0000 0.1333 0.0667 0.2000
~ 0.0667 0.1333 0.1333 0.2000
~ 0.1333 0.1333 0.2000 0.2000
~ 0.2000 0.1333 0.2667 0.2000
~ 0.2667 0.1333 0.3333 0.2000
I 0.3333 0.1333 0.4000 0.2000
~ 0.4000 0.1333 0.4667 0.2000
A 0.4667 0.1333 0.5333 0.2000
Y 0.5333 0.1333 0.6000 0.2000
~ 0.6000 0.1333 0.6667 0.2000
~ 0.6667 0.1333 0.7333 0.2000
~ 0.7333 0.1333 0.8000 0.2000
~ 0.8000 0.1333 0.8667 0.2000
~ 0.8667 0.1333 0.9333 0.2000
N 0.9333 0.1333 1.0000 0.2000
~ 0.0000 0.2000 0.0667 0.2667
~ 0.0667 0.2000 0.1333 0.2667
~ 0.1333 0.2000 0.2000 0.2667
Q 0.2000 0.2000 0.2667 0.2667
U 0.2667 0.2000 0.3333 0.2667
B 0.3333 0.2000 0.4000 0.2667
I 0.4000 0.2000 0.4667 0.2667
T 0.4667 0.2000 0.5333 0.2667
I 0.5333 0.2000 0.6000 0.2667
~ 0.6000 0.2000 0.6667 0.2667
~ 0.6667 0.2000 0.7333 0.2667
~ 0.7333 0.2000 0.8000 0.2667
~ 0.8000 0.2000 0.8667 0.2667
~ 0.8667 0.2000 0.9333 0.2667
W 0.9333 0.2000 1.0000 0.2667
~ 0.0000 0.2667 0.0667 0.3333
~ 0.0667 0.2667 0.1333 0.3333
~ 0.1333 0.2667 0.2000 0.3333
~ 0.2000 0.2667 0.2667 0.3333
N 0.2667 0.2667 0.3333 0.3333
E 0.3333 0.2667 0.4000 0.3333
~ 0.4000 0.2667 0.4667 0.3333
~ 0.4667 0.2667 0.5333 0.3333
D 0.5333 0.2667 0.6000 0.3333
~ 0.6000 0.2667 0.6667 0.3333
~ 0.6667 0.2667 0.7333 0.3333
~ 0.7333 0.2667 0.8000 0.3333
~ 0.8000 0.2667 0.8667 0.3333
~ 0.8667 0.2667 0.9333 0.3333
E 0.9333 0.2667 1.0000 0.3333
G 0.0000 0.3333 0.0667 0.4000
~ 0.0667 0.3333 0.1333 0.4000
L 0.1333 0.3333 0.2000 0.4000
A 0.2000 0.3333 0.2667 0.4000
C 0.2667 0.3333 0.3333 0.4000
S 0.3333 0.3333 0.4000 0.4000
~ 0.4000 0.3333 0.4667 0.4000
~ 0.4667 0.3333 0.5333 0.4000
~ 0.5333 0.3333 0.6000 0.4000
~ 0.6000 0.3333 0.6667 0.4000
~ 0.6667 0.3333 0.7333 0.4000
~ 0.7333 0.3333 0.8000 0.4000
~ 0.8000 0.3333 0.8667 0.4000
~ 0.8667 0.3333 0.9333 0.4000
T 0.9333 0.3333 1.0000 0.4000
R 0.0000 0.4000 0.0667 0.4667
A 0.0667 0.4000 0.1333 0.4667
I 0.1333 0.4000 0.2000 0.4667
~ 0.2000 0.4000 0.2667 0.4667
O 0.2667 0.4000 0.3333 0.4667
~ 0.3333 0.4000 0.4000 0.4667
H 0.4000 0.4000 0.4667 0.4667
A 0.4667 0.4000 0.5333 0.4667
N 0.5333 0.4000 0.6000 0.4667
G 0.6000 0.4000 0.6667 0.4667
~ 0.6667 0.4000 0.7333 0.4667
R 0.7333 0.4000 0.8000 0.4667
S 0.8000 0.4000 0.8667 0.4667
~ 0.8667 0.4000 0.9333 0.4667
T 0.9333 0.4000 1.0000 0.4667
O 0.0000 0.4667 0.0667 0.5333
~ 0.0667 0.4667 0.1333 0.5333
~ 0.1333 0.4667 0.2000 0.5333
V 0.2000 0.4667 0.2667 0.5333
I 0.2667 0.4667 0.3333 0.5333
G 0.3333 0.4667 0.4000 0.5333
O 0.4000 0.4667 0.4667 0.5333
R 0.4667 0.4667 0.5333 0.5333
~ 0.5333 0.4667 0.6000 0.5333
~ 0.6000 0.4667 0.6667 0.5333
~ 0.6667 0.4667 0.7333 0.5333
~ 0.7333 0.4667 0.8000 0.5333
O 0.8000 0.4667 0.8667 0.5333
W 0.8667 0.4667 0.9333 0.5333
E 0.9333 0.4667 1.0000 0.5333
U 0.0000 0.5333 0.0667 0.6000
~ 0.0667 0.5333 0.1333 0.6000
~ 0.1333 0.5333 0.2000 0.6000
~ 0.2000 0.5333 0.2667 0.6000
L 0.2667 0.5333 0.3333 0.6000
~ 0.3333 0.5333 0.4000 0.6000
~ 0.4000 0.5333 0.4667 0.6000
~ 0.4667 0.5333 0.5333 0.6000
~ 0.5333 0.5333 0.6000 0.6000
~ 0.6000 0.5333 0.6667 0.6000
A 0.6667 0.5333 0.7333 0.6000
R 0.7333 0.5333 0.8000 0.6000
B 0.8000 0.5333 0.8667 0.6000
~ 0.8667 0.5333 0.9333 0.6000
D 0.9333 0.5333 1.0000 0.6000
T 0.0000 0.6000 0.0667 0.6667
~ 0.0667 0.6000 0.1333 0.6667
~ 0.1333 0.6000 0.2000 0.6667
D 0.2000 0.6000 0.2667 0.6667
E 0.2667 0.6000 0.3333 0.6667
C 0.3333 0.6000 0.4000 0.6667
I 0.4000 0.6000 0.4667 0.6667
A 0.4667 0.6000 0.5333 0.6667
R 0.5333 0.6000 0.6000 0.6667
E 0.6000 0.6000 0.6667 0.6667
S 0.6667 0.6000 0.7333 0.6667
~ 0.7333 0.6000 0.8000 0.6667
~ 0.8000 0.6000 0.8667 0.6667
~ 0.8667 0.6000 0.9333 0.6667
~ 0.9333 0.6000 1.0000 0.6667
~ 0.0000 0.6667 0.0667 0.7333
~ 0.0667 0.6667 0.1333 0.7333
~ 0.1333 0.6667 0.2000 0.7333
E 0.2000 0.6667 0.2667 0.7333
~ 0.2667 0.6667 0.3333 0.7333
~ 0.3333 0.6667 0.4000 0.7333
~ 0.4000 0.6667 0.4667 0.7333
X 0.4667 0.6667 0.5333 0.7333
~ 0.5333 0.6667 0.6000 0.7333
T 0.6000 0.6667 0.6667 0.7333
H 0.6667 0.6667 0.7333 0.7333
U 0.7333 0.6667 0.8000 0.7333
D 0.8000 0.6667 0.8667 0.7333
~ 0.8667 0.6667 0.9333 0.7333
~ 0.9333 0.6667 1.0000 0.7333
~ 0.0000 0.7333 0.0667 0.8000
~ 0.0667 0.7333 0.1333 0.8000
P 0.1333 0.7333 0.2000 0.8000
I 0.2000 0.7333 0.2667 0.8000
~ 0.2667 0.7333 0.3333 0.8000
~ 0.3333 0.7333 0.4000 0.8000
A 0.4000 0.7333 0.4667 0.8000
O 0.4667 0.7333 0.5333 0.8000
~ 0.5333 0.7333 0.6000 0.8000
~ 0.6000 0.7333 0.6667 0.8000
~ 0.6667 0.7333 0.7333 0.8000
P 0.7333 0.7333 0.8000 0.8000
O 0.8000 0.7333 0.8667 0.8000
O 0.8667 0.7333 0.9333 0.8000
N 0.9333 0.7333 1.0000 0.8000
~ 0.0000 0.8000 0.0667 0.8667
~ 0.0667 0.8000 0.1333 0.8667
E 0.1333 0.8000 0.2000 0.8667
F 0.2000 0.8000 0.2667 0.8667
~ 0.2667 0.8000 0.3333 0.8667
~ 0.3333 0.8000 0.4000 0.8667
~ 0.4000 0.8000 0.4667 0.8667
N 0.4667 0.8000 0.5333 0.8667
~ 0.5333 0.8000 0.6000 0.8667
~ 0.6000 0.8000 0.6667 0.8667
~ 0.6667 0.8000 0.7333 0.8667
~ 0.7333 0.8000 0.8000 0.8667
E 0.8000 0.8000 0.8667 0.8667
M 0.8667 0.8000 0.9333 0.8667
E 0.9333 0.8000 1.0000 0.8667
~ 0.0000 0.8667 0.0667 0.9333
M 0.0667 0.8667 0.1333 0.9333
A 0.1333 0.8667 0.2000 0.9333
Y 0.2000 0.8667 0.2667 0.9333
~ 0.2667 0.8667 0.3333 0.9333
~ 0.3333 0.8667 0.4000 0.9333
~ 0.4000 0.8667 0.4667 0.9333
A 0.4667 0.8667 0.5333 0.9333
~ 0.5333 0.8667 0.6000 0.9333
~ 0.6000 0.8667 0.6667 0.9333
~ 0.6667 0.8667 0.7333 0.9333
O 0.7333 0.8667 0.8000 0.9333
R 0.8000 0.8667 0.8667 0.9333
S 0.8667 0.8667 0.9333 0.9333
~ 0.9333 0.8667 1.0000 0.9333
Z 0.0000 0.9333 0.0667 1.0000
E 0.0667 0.9333 0.1333 1.0000
K 0.1333 0.9333 0.2000 1.0000
~ 0.2000 0.9333 0.2667 1.0000
E 0.2667 0.9333 0.3333 1.0000
~ 0.3333 0.9333 0.4000 1.0000
~ 0.4000 0.9333 0.4667 1.0000
L 0.4667 0.9333 0.5333 1.0000
I 0.5333 0.9333 0.6000 1.0000
V 0.6000 0.9333 0.6667 1.0000
E 0.6667 0.9333 0.7333 1.0000
~ 0.7333 0.9333 0.8000 1.0000
~ 0.8000 0.9333 0.8667 1.0000
~ 0.8667 0.9333 0.9333 1.0000
~ 0.9333 0.9333 1.0000 1.0000
