~ 0.0000 0.0000 0.0667 0.0667
~ 0.0667 0.0000 0.1333 0.0667
~ 0.1333 0.0000 0.2000 0.0667
V 0.2000 0.0000 0.2667 0.0667
~ 0.2667 0.0000 0.3333 0.0667
~ 0.3333 0.0000 0.4000 0.0667
T 0.4000 0.0000 0.4667 0.0667
Y 0.4667 0.0000 0.5333 0.0667
E 0.5333 0.0000 0.6000 0.0667
E 0.6000 0.0000 0.6667 0.0667
S 0.6667 0.0000 0.7333 0.0667
~ 0.7333 0.0000 0.8000 0.0667
~ 0.8000 0.0000 0.8667 0.0667
~ 0.8667 0.0000 0.9333 0.0667
~ 0.9333 0.0000 1.0000 0.0667
~ 0.0000 0.0667 0.0667 0.1333
~ 0.0667 0.0667 0.1333 0.1333
T 0.1333 0.0667 0.2000 0.1333
I 0.2000 0.0667 0.2667 0.1333
~ 0.2667 0.0667 0.3333 0.1333
Z 0.3333 0.0667 0.4000 0.1333
A 0.4000 0.0667 0.4667 0.1333
~ 0.4667 0.0667 0.5333 0.1333
~ 0.5333 0.0667 0.6000 0.1333
~ 0.6000 0.0667 0.6667 0.1333
C 0.6667 0.0667 0.7333 0.1333
~ 0.7333 0.0667 0.8000 0.1333
~ 0.8000 0.0667 0.8667 0.1333
~ 0.8667 0.0667 0.9333 0.1333
~ 0.9333 0.0667 1.0000 0.1333
~ 0.0000 0.1333 0.0667 0.2000
~ 0.0667 0.1333 0.1333 0.2000
I 0.1333 0.1333 0.2000 0.2000
N 0.2000 0.1333 0.2667 0.2000
~ 0.2667 0.1333 0.3333 0.2000
I 0.3333 0.1333 0.4000 0.2000
N 0.4000 0.1333 0.4667 0.2000
~ 0.4667 0.1333 0.5333 0.2000
~ 0.5333 0.1333 0.6000 0.2000
~ 0.6000 0.1333 0.6667 0.2000
O 0.6667 0.1333 0.7333 0.2000
~ 0.7333 0.1333 0.8000 0.2000
~ 0.8000 0.1333 0.8667 0.2000
~ 0.8667 0.1333 0.9333 0.2000
~ 0.9333 0.1333 1.0000 0.2000
~ 0.0000 0.2000 0.0667 0.2667
~ 0.0667 0.2000 0.1333 0.2667
R 0.1333 0.2000 0.2000 0.2667
E 0.2000 0.2000 0.2667 0.2667
S 0.2667 0.2000 0.3333 0.2667
T 0.3333 0.2000 0.4000 0.2667
~ 0.4000 0.2000 0.4667 0.2667
~ 0.4667 0.2000 0.5333 0.2667
~ 0.5333 0.2000 0.6000 0.2667
~ 0.6000 0.2000 0.6667 0.2667
R 0.6667 0.2000 0.7333 0.2667
~ 0.7333 0.2000 0.8000 0.2667
~ 0.8000 0.2000 0.8667 0.2667
~ 0.8667 0.2000 0.9333 0.2667
~ 0.9333 0.2000 1.0000 0.2667
~ 0.0000 0.2667 0.0667 0.3333
~ 0.0667 0.2667 0.1333 0.3333
O 0.1333 0.2667 0.2000 0.3333
~ 0.2000 0.2667 0.2667 0.3333
P 0.2667 0.2667 0.3333 0.3333
~ 0.3333 0.2667 0.4000 0.3333
~ 0.4000 0.2667 0.4667 0.3333
~ 0.4667 0.2667 0.5333 0.3333
~ 0.5333 0.2667 0.6000 0.3333
~ 0.6000 0.2667 0.6667 0.3333
E 0.6667 0.2667 0.7333 0.3333
~ 0.7333 0.2667 0.8000 0.3333
~ 0.8000 0.2667 0.8667 0.3333
~ 0.8667 0.2667 0.9333 0.3333
~ 0.9333 0.2667 1.0000 0.3333
~ 0.0000 0.3333 0.0667 0.4000
~ 0.0667 0.3333 0.1333 0.4000
~ 0.1333 0.3333 0.2000 0.4000
B 0.2000 0.3333 0.2667 0.4000
I 0.2667 0.3333 0.3333 0.4000
D 0.3333 0.3333 0.4000 0.4000
E 0.4000 0.3333 0.4667 0.4000
~ 0.4667 0.3333 0.5333 0.4000
~ 0.5333 0.3333 0.6000 0.4000
~ 0.6000 0.3333 0.6667 0.4000
~ 0.6667 0.3333 0.7333 0.4000
~ 0.7333 0.3333 0.8000 0.4000
~ 0.8000 0.3333 0.8667 0.4000
~ 0.8667 0.3333 0.9333 0.4000
~ 0.9333 0.3333 1.0000 0.4000
~ 0.0000 0.4000 0.0667 0.4667
~ 0.0667 0.4000 0.1333 0.4667
~ 0.1333 0.4000 0.2000 0.4667
~ 0.2000 0.4000 0.2667 0.4667
E 0.2667 0.4000 0.3333 0.4667
~ 0.3333 0.4000 0.4000 0.4667
~ 0.4000 0.4000 0.4667 0.4667
~ 0.4667 0.4000 0.5333 0.4667
~ 0.5333 0.4000 0.6000 0.4667
~ 0.6000 0.4000 0.6667 0.4667
~ 0.6667 0.4000 0.7333 0.4667
~ 0.7333 0.4000 0.8000 0.4667
M 0.8000 0.4000 0.8667 0.4667
I 0.8667 0.4000 0.9333 0.4667
B 0.9333 0.4000 1.0000 0.4667
~ 0.0000 0.4667 0.0667 0.5333
~ 0.0667 0.4667 0.1333 0.5333
~ 0.1333 0.4667 0.2000 0.5333
O 0.2000 0.4667 0.2667 0.5333
R 0.2667 0.4667 0.3333 0.5333
T 0.3333 0.4667 0.4000 0.5333
H 0.4000 0.4667 0.4667 0.5333
O 0.4667 0.4667 0.5333 0.5333
~ 0.5333 0.4667 0.6000 0.5333
W 0.6000 0.4667 0.6667 0.5333
~ 0.6667 0.4667 0.7333 0.5333
T 0.7333 0.4667 0.8000 0.5333
U 0.8000 0.4667 0.8667 0.5333
F 0.8667 0.4667 0.9333 0.5333
A 0.9333 0.4667 1.0000 0.5333
~ 0.0000 0.5333 0.0667 0.6000
~ 0.0667 0.5333 0.1333 0.6000
~ 0.1333 0.5333 0.2000 0.6000
~ 0.2000 0.5333 0.2667 0.6000
I 0.2667 0.5333 0.3333 0.6000
~ 0.3333 0.5333 0.4000 0.6000
A 0.4000 0.5333 0.4667 0.6000
N 0.4667 0.5333 0.5333 0.6000
D 0.5333 0.5333 0.6000 0.6000
I 0.6000 0.5333 0.6667 0.6000
R 0.6667 0.5333 0.7333 0.6000
O 0.7333 0.5333 0.8000 0.6000
N 0.8000 0.5333 0.8667 0.6000
~ 0.8667 0.5333 0.9333 0.6000
~ 0.9333 0.5333 1.0000 0.6000
~ 0.0000 0.6000 0.0667 0.6667
~ 0.0667 0.6000 0.1333 0.6667
~ 0.1333 0.6000 0.2000 0.6667
~ 0.2000 0.6000 0.2667 0.6667
~ 0.2667 0.6000 0.3333 0.6667
A 0.3333 0.6000 0.4000 0.6667
~ 0.4000 0.6000 0.4667 0.6667
~ 0.4667 0.6000 0.5333 0.6667
~ 0.5333 0.6000 0.6000 0.6667
V 0.6000 0.6000 0.6667 0.6667
~ 0.6667 0.6000 0.7333 0.6667
~ 0.7333 0.6000 0.8000 0.6667
I 0.8000 0.6000 0.8667 0.6667
M 0.8667 0.6000 0.9333 0.6667
P 0.9333 0.6000 1.0000 0.6667
~ 0.0000 0.6667 0.0667 0.7333
~ 0.0667 0.6667 0.1333 0.7333
J 0.1333 0.6667 0.2000 0.7333
A 0.2000 0.6667 0.2667 0.7333
G 0.2667 0.6667 0.3333 0.7333
G 0.3333 0.6667 0.4000 0.7333
S 0.4000 0.6667 0.4667 0.7333
~ 0.4667 0.6667 0.5333 0.7333
~ 0.5333 0.6667 0.6000 0.7333
E 0.6000 0.6667 0.6667 0.7333
H 0.6667 0.6667 0.7333 0.7333
~ 0.7333 0.6667 0.8000 0.7333
~ 0.8000 0.6667 0.8667 0.7333
U 0.8667 0.6667 0.9333 0.7333
~ 0.9333 0.6667 1.0000 0.7333
~ 0.0000 0.7333 0.0667 0.8000
G 0.0667 0.7333 0.1333 0.8000
E 0.1333 0.7333 0.2000 0.8000
N 0.2000 0.7333 0.2667 0.8000
~ 0.2667 0.7333 0.3333 0.8000
O 0.3333 0.7333 0.4000 0.8000
~ 0.4000 0.7333 0.4667 0.8000
~ 0.4667 0.7333 0.5333 0.8000
~ 0.5333 0.7333 0.6000 0.8000
D 0.6000 0.7333 0.6667 0.8000
E 0.6667 0.7333 0.7333 0.8000
X 0.7333 0.7333 0.8000 0.8000
~ 0.8000 0.7333 0.8667 0.8000
~ 0.8667 0.7333 0.9333 0.8000
~ 0.9333 0.7333 1.0000 0.8000
~ 0.0000 0.8000 0.0667 0.8667
U 0.0667 0.8000 0.1333 0.8667
T 0.1333 0.8000 0.2000 0.8667
A 0.2000 0.8000 0.2667 0.8667
~ 0.2667 0.8000 0.3333 0.8667
~ 0.3333 0.8000 0.4000 0.8667
L 0.4000 0.8000 0.4667 0.8667
~ 0.4667 0.8000 0.5333 0.8667
~ 0.5333 0.8000 0.6000 0.8667
~ 0.6000 0.8000 0.6667 0.8667
A 0.6667 0.8000 0.7333 0.8667
U 0.7333 0.8000 0.8000 0.8667
R 0.8000 0.8000 0.8667 0.8667
A 0.8667 0.8000 0.9333 0.8667
L 0.9333 0.8000 1.0000 0.8667
~ 0.0000 0.8667 0.0667 0.9333
L 0.0667 0.8667 0.1333 0.9333
~ 0.1333 0.8667 0.2000 0.9333
L 0.2000 0.8667 0.2667 0.9333
O 0.2667 0.8667 0.3333 0.9333
W 0.3333 0.8667 0.4000 0.9333
E 0.4000 0.8667 0.4667 0.9333
~ 0.4667 0.8667 0.5333 0.9333
~ 0.5333 0.8667 0.6000 0.9333
~ 0.6000 0.8667 0.6667 0.9333
D 0.6667 0.8667 0.7333 0.9333
~ 0.7333 0.8667 0.8000 0.9333
~ 0.8000 0.8667 0.8667 0.9333
R 0.8667 0.8667 0.9333 0.9333
~ 0.9333 0.8667 1.0000 0.9333
E 0.0000 0.9333 0.0667 1.0000
F 0.0667 0.9333 0.1333 1.0000
~ 0.1333 0.9333 0.2000 1.0000
~ 0.2000 0.9333 0.2667 1.0000
S 0.2667 0.9333 0.3333 1.0000
O 0.3333 0.9333 0.4000 1.0000
A 0.4000 0.9333 0.4667 1.0000
K 0.4667 0.9333 0.5333 1.0000
~ 0.5333 0.9333 0.6000 1.0000
~ 0.6000 0.9333 0.6667 1.0000
Y 0.6667 0.9333 0.7333 1.0000
I 0.7333 0.9333 0.8000 1.0000
N 0.8000 0.9333 0.8667 1.0000
C 0.8667 0.9333 0.9333 1.0000
E 0.9333 0.9333 1.0000 1.0000
