R 0.0000 0.0000 0.0667 0.0667
A 0.0667 0.0000 0.1333 0.0667
V 0.1333 0.0000 0.2000 0.0667
~ 0.2000 0.0000 0.2667 0.0667
N 0.2667 0.0000 0.3333 0.0667
E 0.3333 0.0000 0.4000 0.0667
~ 0.4000 0.0000 0.4667 0.0667
~ 0.4667 0.0000 0.5333 0.0667
~ 0.5333 0.0000 0.6000 0.0667
~ 0.6000 0.0000 0.6667 0.0667
~ 0.6667 0.0000 0.7333 0.0667
W 0.7333 0.0000 0.8000 0.0667
I 0.8000 0.0000 0.8667 0.0667
L 0.8667 0.0000 0.9333 0.0667
Y 0.9333 0.0000 1.0000 0.0667
~ 0.0000 0.0667 0.0667 0.1333
~ 0.0667 0.0667 0.1333 0.1333
O 0.1333 0.0667 0.2000 0.1333
N 0.2000 0.0667 0.2667 0.1333
~ 0.2667 0.0667 0.3333 0.1333
~ 0.3333 0.0667 0.4000 0.1333
~ 0.4000 0.0667 0.4667 0.1333
~ 0.4667 0.0667 0.5333 0.1333
~ 0.5333 0.0667 0.6000 0.1333
~ 0.6000 0.0667 0.6667 0.1333
~ 0.6667 0.0667 0.7333 0.1333
I 0.7333 0.0667 0.8000 0.1333
~ 0.8000 0.0667 0.8667 0.1333
~ 0.8667 0.0667 0.9333 0.1333
~ 0.9333 0.0667 1.0000 0.1333
~ 0.0000 0.1333 0.0667 0.2000
~ 0.0667 0.1333 0.1333 0.2000
E 0.1333 0.1333 0.2000 0.2000
F 0.2000 0.1333 0.2667 0.2000
~ 0.2667 0.1333 0.3333 0.2000
~ 0.3333 0.1333 0.4000 0.2000
~ 0.4000 0.1333 0.4667 0.2000
~ 0.4667 0.1333 0.5333 0.2000
W 0.5333 0.1333 0.6000 0.2000
A 0.6000 0.1333 0.6667 0.2000
I 0.6667 0.1333 0.7333 0.2000
L 0.7333 0.1333 0.8000 0.2000
S 0.8000 0.1333 0.8667 0.2000
~ 0.8667 0.1333 0.9333 0.2000
~ 0.9333 0.1333 1.0000 0.2000
I 0.0000 0.2000 0.0667 0.2667
~ 0.0667 0.2000 0.1333 0.2667
~ 0.1333 0.2000 0.2000 0.2667
L 0.2000 0.2000 0.2667 0.2667
~ 0.2667 0.2000 0.3333 0.2667
~ 0.3333 0.2000 0.4000 0.2667
E 0.4000 0.2000 0.4667 0.2667
X 0.4667 0.2000 0.5333 0.2667
~ 0.5333 0.2000 0.6000 0.2667
I 0.6000 0.2000 0.6667 0.2667
~ 0.6667 0.2000 0.7333 0.2667
D 0.7333 0.2000 0.8000 0.2667
~ 0.8000 0.2000 0.8667 0.2667
~ 0.8667 0.2000 0.9333 0.2667
~ 0.9333 0.2000 1.0000 0.2667
N 0.0000 0.2667 0.0667 0.3333
~ 0.0667 0.2667 0.1333 0.3333
E 0.1333 0.2667 0.2000 0.3333
A 0.2000 0.2667 0.2667 0.3333
R 0.2667 0.2667 0.3333 0.3333
T 0.3333 0.2667 0.4000 0.3333
H 0.4000 0.2667 0.4667 0.3333
E 0.4667 0.2667 0.5333 0.3333
I 0.5333 0.2667 0.6000 0.3333
R 0.6000 0.2667 0.6667 0.3333
~ 0.6667 0.2667 0.7333 0.3333
~ 0.7333 0.2667 0.8000 0.3333
~ 0.8000 0.2667 0.8667 0.3333
~ 0.8667 0.2667 0.9333 0.3333
~ 0.9333 0.2667 1.0000 0.3333
D 0.0000 0.3333 0.0667 0.4000
~ 0.0667 0.3333 0.1333 0.4000
~ 0.1333 0.3333 0.2000 0.4000
M 0.2000 0.3333 0.2667 0.4000
~ 0.2667 0.3333 0.3333 0.4000
~ 0.3333 0.3333 0.4000 0.4000
~ 0.4000 0.3333 0.4667 0.4000
~ 0.4667 0.3333 0.5333 0.4000
~ 0.5333 0.3333 0.6000 0.4000
P 0.6000 0.3333 0.6667 0.4000
~ 0.6667 0.3333 0.7333 0.4000
~ 0.7333 0.3333 0.8000 0.4000
~ 0.8000 0.3333 0.8667 0.4000
~ 0.8667 0.3333 0.9333 0.4000
~ 0.9333 0.3333 1.0000 0.4000
I 0.0000 0.4000 0.0667 0.4667
~ 0.0667 0.4000 0.1333 0.4667
B 0.1333 0.4000 0.2000 0.4667
E 0.2000 0.4000 0.2667 0.4667
~ 0.2667 0.4000 0.3333 0.4667
~ 0.3333 0.4000 0.4000 0.4667
~ 0.4000 0.4000 0.4667 0.4667
~ 0.4667 0.4000 0.5333 0.4667
~ 0.5333 0.4000 0.6000 0.4667
O 0.6000 0.4000 0.6667 0.4667
~ 0.6667 0.4000 0.7333 0.4667
~ 0.7333 0.4000 0.8000 0.4667
~ 0.8000 0.4000 0.8667 0.4667
~ 0.8667 0.4000 0.9333 0.4667
~ 0.9333 0.4000 1.0000 0.4667
C 0.0000 0.4667 0.0667 0.5333
O 0.0667 0.4667 0.1333 0.5333
R 0.1333 0.4667 0.2000 0.5333
D 0.2000 0.4667 0.2667 0.5333
~ 0.2667 0.4667 0.3333 0.5333
~ 0.3333 0.4667 0.4000 0.5333
J 0.4000 0.4667 0.4667 0.5333
O 0.4667 0.4667 0.5333 0.5333
T 0.5333 0.4667 0.6000 0.5333
S 0.6000 0.4667 0.6667 0.5333
~ 0.6667 0.4667 0.7333 0.5333
~ 0.7333 0.4667 0.8000 0.5333
~ 0.8000 0.4667 0.8667 0.5333
~ 0.8667 0.4667 0.9333 0.5333
~ 0.9333 0.4667 1.0000 0.5333
T 0.0000 0.5333 0.0667 0.6000
~ 0.0667 0.5333 0.1333 0.6000
A 0.1333 0.5333 0.2000 0.6000
~ 0.2000 0.5333 0.2667 0.6000
~ 0.2667 0.5333 0.3333 0.6000
G 0.3333 0.5333 0.4000 0.6000
O 0.4000 0.5333 0.4667 0.6000
D 0.4667 0.5333 0.5333 0.6000
~ 0.5333 0.5333 0.6000 0.6000
T 0.6000 0.5333 0.6667 0.6000
~ 0.6667 0.5333 0.7333 0.6000
~ 0.7333 0.5333 0.8000 0.6000
~ 0.8000 0.5333 0.8667 0.6000
~ 0.8667 0.5333 0.9333 0.6000
~ 0.9333 0.5333 1.0000 0.6000
E 0.0000 0.6000 0.0667 0.6667
~ 0.0667 0.6000 0.1333 0.6667
N 0.1333 0.6000 0.2000 0.6667
~ 0.2000 0.6000 0.2667 0.6667
~ 0.2667 0.6000 0.3333 0.6667
U 0.3333 0.6000 0.4000 0.6667
~ 0.4000 0.6000 0.4667 0.6667
~ 0.4667 0.6000 0.5333 0.6667
~ 0.5333 0.6000 0.6000 0.6667
~ 0.6000 0.6000 0.6667 0.6667
~ 0.6667 0.6000 0.7333 0.6667
~ 0.7333 0.6000 0.8000 0.6667
G 0.8000 0.6000 0.8667 0.6667
~ 0.8667 0.6000 0.9333 0.6667
~ 0.9333 0.6000 1.0000 0.6667
E 0.0000 0.6667 0.0667 0.7333
~ 0.0667 0.6667 0.1333 0.7333
K 0.1333 0.6667 0.2000 0.7333
~ 0.2000 0.6667 0.2667 0.7333
O 0.2667 0.6667 0.3333 0.7333
V 0.3333 0.6667 0.4000 0.7333
A 0.4000 0.6667 0.4667 0.7333
~ 0.4667 0.6667 0.5333 0.7333
~ 0.5333 0.6667 0.6000 0.7333
~ 0.6000 0.6667 0.6667 0.7333
Z 0.6667 0.6667 0.7333 0.7333
E 0.7333 0.6667 0.8000 0.7333
E 0.8000 0.6667 0.8667 0.7333
~ 0.8667 0.6667 0.9333 0.7333
~ 0.9333 0.6667 1.0000 0.7333
~ 0.0000 0.7333 0.0667 0.8000
~ 0.0667 0.7333 0.1333 0.8000
~ 0.1333 0.7333 0.2000 0.8000
Q 0.2000 0.7333 0.2667 0.8000
I 0.2667 0.7333 0.3333 0.8000
~ 0.3333 0.7333 0.4000 0.8000
E 0.4000 0.7333 0.4667 0.8000
N 0.4667 0.7333 0.5333 0.8000
~ 0.5333 0.7333 0.6000 0.8000
R 0.6000 0.7333 0.6667 0.8000
A 0.6667 0.7333 0.7333 0.8000
F 0.7333 0.7333 0.8000 0.8000
T 0.8000 0.7333 0.8667 0.8000
S 0.8667 0.7333 0.9333 0.8000
~ 0.9333 0.7333 1.0000 0.8000
S 0.0000 0.8000 0.0667 0.8667
P 0.0667 0.8000 0.1333 0.8667
A 0.1333 0.8000 0.2000 0.8667
I 0.2000 0.8000 0.2667 0.8667
L 0.2667 0.8000 0.3333 0.8667
~ 0.3333 0.8000 0.4000 0.8667
~ 0.4000 0.8000 0.4667 0.8667
~ 0.4667 0.8000 0.5333 0.8667
~ 0.5333 0.8000 0.6000 0.8667
~ 0.6000 0.8000 0.6667 0.8667
~ 0.6667 0.8000 0.7333 0.8667
~ 0.7333 0.8000 0.8000 0.8667
A 0.8000 0.8000 0.8667 0.8667
Y 0.8667 0.8000 0.9333 0.8667
~ 0.9333 0.8000 1.0000 0.8667
U 0.0000 0.8667 0.0667 0.9333
~ 0.0667 0.8667 0.1333 0.9333
~ 0.1333 0.8667 0.2000 0.9333
~ 0.2000 0.8667 0.2667 0.9333
~ 0.2667 0.8667 0.3333 0.9333
~ 0.3333 0.8667 0.4000 0.9333
~ 0.4000 0.8667 0.4667 0.9333
~ 0.4667 0.8667 0.5333 0.9333
T 0.5333 0.8667 0.6000 0.9333
O 0.6000 0.8667 0.6667 0.9333
O 0.6667 0.8667 0.7333 0.9333
M 0.7333 0.8667 0.8000 0.9333
~ 0.8000 0.8667 0.8667 0.9333
N 0.8667 0.8667 0.9333 0.9333
~ 0.9333 0.8667 1.0000 0.9333
B 0.0000 0.9333 0.0667 1.0000
~ 0.0667 0.9333 0.1333 1.0000
~ 0.1333 0.9333 0.2000 1.0000
~ 0.2000 0.9333 0.2667 1.0000
~ 0.2667 0.9333 0.3333 1.0000
~ 0.3333 0.9333 0.4000 1.0000
~ 0.4000 0.9333 0.4667 1.0000
~ 0.4667 0.9333 0.5333 1.0000
~ 0.5333 0.9333 0.6000 1.0000
~ 0.6000 0.9333 0.6667 1.0000
R 0.6667 0.9333 0.7333 1.0000
E 0.7333 0.9333 0.8000 1.0000
A 0.8000 0.9333 0.8667 1.0000
C 0.8667 0.9333 0.9333 1.0000
H 0.9333 0.9333 1.0000 1.0000
