~ 0.0000 0.0000 0.0667 0.0667
~ 0.0667 0.0000 0.1333 0.0667
~ 0.1333 0.0000 0.2000 0.0667
~ 0.2000 0.0000 0.2667 0.0667
~ 0.2667 0.0000 0.3333 0.0667
~ 0.3333 0.0000 0.4000 0.0667
~ 0.4000 0.0000 0.4667 0.0667
~ 0.4667 0.0000 0.5333 0.0667
~ 0.5333 0.0000 0.6000 0.0667
~ 0.6000 0.0000 0.6667 0.0667
~ 0.6667 0.0000 0.7333 0.0667
~ 0.7333 0.0000 0.8000 0.0667
E 0.8000 0.0000 0.8667 0.0667
B 0.8667 0.0000 0.9333 0.0667
B 0.9333 0.0000 1.0000 0.0667
~ 0.0000 0.0667 0.0667 0.1333
~ 0.0667 0.0667 0.1333 0.1333
~ 0.1333 0.0667 0.2000 0.1333
~ 0.2000 0.0667 0.2667 0.1333
~ 0.2667 0.0667 0.3333 0.1333
~ 0.3333 0.0667 0.4000 0.1333
~ 0.4000 0.0667 0.4667 0.1333
~ 0.4667 0.0667 0.5333 0.1333
~ 0.5333 0.0667 0.6000 0.1333
~ 0.6000 0.0667 0.6667 0.1333
~ 0.6667 0.0667 0.7333 0.1333
~ 0.7333 0.0667 0.8000 0.1333
~ 0.8000 0.0667 0.8667 0.1333
I 0.8667 0.0667 0.9333 0.1333
~ 0.9333 0.0667 1.0000 0.1333
~ 0.0000 0.1333 0.0667 0.2000
~ 0.0667 0.1333 0.1333 0.2000
~ 0.1333 0.1333 0.2000 0.2000
~ 0.2000 0.1333 0.2667 0.2000
~ 0.2667 0.1333 0.3333 0.2000
~ 0.3333 0.1333 0.4000 0.2000
I 0.4000 0.1333 0.4667 0.2000
C 0.4667 0.1333 0.5333 0.2000
~ 0.5333 0.1333 0.6000 0.2000
N 0.6000 0.1333 0.6667 0.2000
~ 0.6667 0.1333 0.7333 0.2000
~ 0.7333 0.1333 0.8000 0.2000
W 0.8000 0.1333 0.8667 0.2000
E 0.8667 0.1333 0.9333 0.2000
~ 0.9333 0.1333 1.0000 0.2000
~ 0.0000 0.2000 0.0667 0.2667
~ 0.0667 0.2000 0.1333 0.2667
~ 0.1333 0.2000 0.2000 0.2667
~ 0.2000 0.2000 0.2667 0.2667
~ 0.2667 0.2000 0.3333 0.2667
~ 0.3333 0.2000 0.4000 0.2667
~ 0.4000 0.2000 0.4667 0.2667
O 0.4667 0.2000 0.5333 0.2667
~ 0.5333 0.2000 0.6000 0.2667
~ 0.6000 0.2000 0.6667 0.2667
~ 0.6667 0.2000 0.7333 0.2667
Y 0.7333 0.2000 0.8000 0.2667
A 0.8000 0.2000 0.8667 0.2667
R 0.8667 0.2000 0.9333 0.2667
~ 0.9333 0.2000 1.0000 0.2667
~ 0.0000 0.2667 0.0667 0.3333
~ 0.0667 0.2667 0.1333 0.3333
~ 0.1333 0.2667 0.2000 0.3333
~ 0.2000 0.2667 0.2667 0.3333
~ 0.2667 0.2667 0.3333 0.3333
~ 0.3333 0.2667 0.4000 0.3333
~ 0.4000 0.2667 0.4667 0.3333
L 0.4667 0.2667 0.5333 0.3333
~ 0.5333 0.2667 0.6000 0.3333
~ 0.6000 0.2667 0.6667 0.3333
J 0.6667 0.2667 0.7333 0.3333
O 0.7333 0.2667 0.8000 0.3333
W 0.8000 0.2667 0.8667 0.3333
S 0.8667 0.2667 0.9333 0.3333
~ 0.9333 0.2667 1.0000 0.3333
~ 0.0000 0.3333 0.0667 0.4000
~ 0.0667 0.3333 0.1333 0.4000
~ 0.1333 0.3333 0.2000 0.4000
~ 0.2000 0.3333 0.2667 0.4000
~ 0.2667 0.3333 0.3333 0.4000
~ 0.3333 0.3333 0.4000 0.4000
~ 0.4000 0.3333 0.4667 0.4000
T 0.4667 0.3333 0.5333 0.4000
I 0.5333 0.3333 0.6000 0.4000
T 0.6000 0.3333 0.6667 0.4000
I 0.6667 0.3333 0.7333 0.4000
~ 0.7333 0.3333 0.8000 0.4000
~ 0.8000 0.3333 0.8667 0.4000
~ 0.8667 0.3333 0.9333 0.4000
~ 0.9333 0.3333 1.0000 0.4000
~ 0.0000 0.4000 0.0667 0.4667
~ 0.0667 0.4000 0.1333 0.4667
~ 0.1333 0.4000 0.2000 0.4667
~ 0.2000 0.4000 0.2667 0.4667
F 0.2667 0.4000 0.3333 0.4667
E 0.3333 0.4000 0.4000 0.4667
~ 0.4000 0.4000 0.4667 0.4667
~ 0.4667 0.4000 0.5333 0.4667
~ 0.5333 0.4000 0.6000 0.4667
~ 0.6000 0.4000 0.6667 0.4667
V 0.6667 0.4000 0.7333 0.4667
~ 0.7333 0.4000 0.8000 0.4667
~ 0.8000 0.4000 0.8667 0.4667
~ 0.8667 0.4000 0.9333 0.4667
~ 0.9333 0.4000 1.0000 0.4667
~ 0.0000 0.4667 0.0667 0.5333
~ 0.0667 0.4667 0.1333 0.5333
~ 0.1333 0.4667 0.2000 0.5333
C 0.2000 0.4667 0.2667 0.5333
U 0.2667 0.4667 0.3333 0.5333
R 0.3333 0.4667 0.4000 0.5333
V 0.4000 0.4667 0.4667 0.5333
E 0.4667 0.4667 0.5333 0.5333
D 0.5333 0.4667 0.6000 0.5333
~ 0.6000 0.4667 0.6667 0.5333
E 0.6667 0.4667 0.7333 0.5333
~ 0.7333 0.4667 0.8000 0.5333
~ 0.8000 0.4667 0.8667 0.5333
~ 0.8667 0.4667 0.9333 0.5333
~ 0.9333 0.4667 1.0000 0.5333
~ 0.0000 0.5333 0.0667 0.6000
~ 0.0667 0.5333 0.1333 0.6000
H 0.1333 0.5333 0.2000 0.6000
~ 0.2000 0.5333 0.2667 0.6000
N 0.2667 0.5333 0.3333 0.6000
A 0.3333 0.5333 0.4000 0.6000
~ 0.4000 0.5333 0.4667 0.6000
F 0.4667 0.5333 0.5333 0.6000
O 0.5333 0.5333 0.6000 0.6000
Y 0.6000 0.5333 0.6667 0.6000
S 0.6667 0.5333 0.7333 0.6000
~ 0.7333 0.5333 0.8000 0.6000
P 0.8000 0.5333 0.8667 0.6000
O 0.8667 0.5333 0.9333 0.6000
D 0.9333 0.5333 1.0000 0.6000
~ 0.0000 0.6000 0.0667 0.6667
Z 0.0667 0.6000 0.1333 0.6667
I 0.1333 0.6000 0.2000 0.6667
N 0.2000 0.6000 0.2667 0.6667
G 0.2667 0.6000 0.3333 0.6667
S 0.3333 0.6000 0.4000 0.6667
~ 0.4000 0.6000 0.4667 0.6667
~ 0.4667 0.6000 0.5333 0.6667
T 0.5333 0.6000 0.6000 0.6667
A 0.6000 0.6000 0.6667 0.6667
~ 0.6667 0.6000 0.7333 0.6667
~ 0.7333 0.6000 0.8000 0.6667
U 0.8000 0.6000 0.8667 0.6667
K 0.8667 0.6000 0.9333 0.6667
E 0.9333 0.6000 1.0000 0.6667
M 0.0000 0.6667 0.0667 0.7333
A 0.0667 0.6667 0.1333 0.7333
R 0.1333 0.6667 0.2000 0.7333
~ 0.2000 0.6667 0.2667 0.7333
O 0.2667 0.6667 0.3333 0.7333
E 0.3333 0.6667 0.4000 0.7333
~ 0.4000 0.6667 0.4667 0.7333
P 0.4667 0.6667 0.5333 0.7333
A 0.5333 0.6667 0.6000 0.7333
R 0.6000 0.6667 0.6667 0.7333
~ 0.6667 0.6667 0.7333 0.7333
E 0.7333 0.6667 0.8000 0.7333
T 0.8000 0.6667 0.8667 0.7333
A 0.8667 0.6667 0.9333 0.7333
L 0.9333 0.6667 1.0000 0.7333
I 0.0000 0.7333 0.0667 0.8000
X 0.0667 0.7333 0.1333 0.8000
I 0.1333 0.7333 0.2000 0.8000
A 0.2000 0.7333 0.2667 0.8000
~ 0.2667 0.7333 0.3333 0.8000
D 0.3333 0.7333 0.4000 0.8000
O 0.4000 0.7333 0.4667 0.8000
L 0.4667 0.7333 0.5333 0.8000
L 0.5333 0.7333 0.6000 0.8000
~ 0.6000 0.7333 0.6667 0.8000
~ 0.6667 0.7333 0.7333 0.8000
~ 0.7333 0.7333 0.8000 0.8000
~ 0.8000 0.7333 0.8667 0.8000
~ 0.8667 0.7333 0.9333 0.8000
~ 0.9333 0.7333 1.0000 0.8000
R 0.0000 0.8000 0.0667 0.8667
~ 0.0667 0.8000 0.1333 0.8667
N 0.1333 0.8000 0.2000 0.8667
~ 0.2000 0.8000 0.2667 0.8667
~ 0.2667 0.8000 0.3333 0.8667
~ 0.3333 0.8000 0.4000 0.8667
~ 0.4000 0.8000 0.4667 0.8667
I 0.4667 0.8000 0.5333 0.8667
~ 0.5333 0.8000 0.6000 0.8667
~ 0.6000 0.8000 0.6667 0.8667
~ 0.6667 0.8000 0.7333 0.8667
N 0.7333 0.8000 0.8000 0.8667
O 0.8000 0.8000 0.8667 0.8667
~ 0.8667 0.8000 0.9333 0.8667
~ 0.9333 0.8000 1.0000 0.8667
T 0.0000 0.8667 0.0667 0.9333
~ 0.0667 0.8667 0.1333 0.9333
G 0.1333 0.8667 0.2000 0.9333
~ 0.2000 0.8667 0.2667 0.9333
~ 0.2667 0.8667 0.3333 0.9333
~ 0.3333 0.8667 0.4000 0.9333
M 0.4000 0.8667 0.4667 0.9333
E 0.4667 0.8667 0.5333 0.9333
U 0.5333 0.8667 0.6000 0.9333
N 0.6000 0.8667 0.6667 0.9333
I 0.6667 0.8667 0.7333 0.9333
E 0.7333 0.8667 0.8000 0.9333
R 0.8000 0.8667 0.8667 0.9333
E 0.8667 0.8667 0.9333 0.9333
~ 0.9333 0.8667 1.0000 0.9333
H 0.0000 0.9333 0.0667 1.0000
~ 0.0667 0.9333 0.1333 1.0000
~ 0.1333 0.9333 0.2000 1.0000
~ 0.2000 0.9333 0.2667 1.0000
Q 0.2667 0.9333 0.3333 1.0000
U 0.3333 0.9333 0.4000 1.0000
O 0.4000 0.9333 0.4667 1.0000
D 0.4667 0.9333 0.5333 1.0000
~ 0.5333 0.9333 0.6000 1.0000
~ 0.6000 0.9333 0.6667 1.0000
~ 0.6667 0.9333 0.7333 1.0000
G 0.7333 0.9333 0.8000 1.0000
A 0.8000 0.9333 0.8667 1.0000
T 0.8667 0.9333 0.9333 1.0000
E 0.9333 0.9333 1.0000 1.0000
