~ 0.0000 0.0000 0.0667 0.0667
~ 0.0667 0.0000 0.1333 0.0667
~ 0.1333 0.0000 0.2000 0.0667
~ 0.2000 0.0000 0.2667 0.0667
~ 0.2667 0.0000 0.3333 0.0667
~ 0.3333 0.0000 0.4000 0.0667
~ 0.4000 0.0000 0.4667 0.0667
G 0.4667 0.0000 0.5333 0.0667
A 0.5333 0.0000 0.6000 0.0667
I 0.6000 0.0000 0.6667 0.0667
J 0.6667 0.0000 0.7333 0.0667
I 0.7333 0.0000 0.8000 0.0667
N 0.8000 0.0000 0.8667 0.0667
~ 0.8667 0.0000 0.9333 0.0667
~ 0.9333 0.0000 1.0000 0.0667
~ 0.0000 0.0667 0.0667 0.1333
~ 0.0667 0.0667 0.1333 0.1333
~ 0.1333 0.0667 0.2000 0.1333
~ 0.2000 0.0667 0.2667 0.1333
~ 0.2667 0.0667 0.3333 0.1333
~ 0.3333 0.0667 0.4000 0.1333
~ 0.4000 0.0667 0.4667 0.1333
~ 0.4667 0.0667 0.5333 0.1333
~ 0.5333 0.0667 0.6000 0.1333
F 0.6000 0.0667 0.6667 0.1333
I 0.6667 0.0667 0.7333 0.1333
T 0.7333 0.0667 0.8000 0.1333
~ 0.8000 0.0667 0.8667 0.1333
~ 0.8667 0.0667 0.9333 0.1333
~ 0.9333 0.0667 1.0000 0.1333
~ 0.0000 0.1333 0.0667 0.2000
G 0.0667 0.1333 0.1333 0.2000
I 0.1333 0.1333 0.2000 0.2000
V 0.2000 0.1333 0.2667 0.2000
E 0.2667 0.1333 0.3333 0.2000
D 0.3333 0.1333 0.4000 0.2000
~ 0.4000 0.1333 0.4667 0.2000
~ 0.4667 0.1333 0.5333 0.2000
V 0.5333 0.1333 0.6000 0.2000
~ 0.6000 0.1333 0.6667 0.2000
L 0.6667 0.1333 0.7333 0.2000
~ 0.7333 0.1333 0.8000 0.2000
~ 0.8000 0.1333 0.8667 0.2000
~ 0.8667 0.1333 0.9333 0.2000
~ 0.9333 0.1333 1.0000 0.2000
~ 0.0000 0.2000 0.0667 0.2667
~ 0.0667 0.2000 0.1333 0.2667
~ 0.1333 0.2000 0.2000 0.2667
O 0.2000 0.2000 0.2667 0.2667
~ 0.2667 0.2000 0.3333 0.2667
~ 0.3333 0.2000 0.4000 0.2667
~ 0.4000 0.2000 0.4667 0.2667
Z 0.4667 0.2000 0.5333 0.2667
A 0.5333 0.2000 0.6000 0.2667
N 0.6000 0.2000 0.6667 0.2667
T 0.6667 0.2000 0.7333 0.2667
E 0.7333 0.2000 0.8000 0.2667
~ 0.8000 0.2000 0.8667 0.2667
~ 0.8667 0.2000 0.9333 0.2667
~ 0.9333 0.2000 1.0000 0.2667
~ 0.0000 0.2667 0.0667 0.3333
~ 0.0667 0.2667 0.1333 0.3333
~ 0.1333 0.2667 0.2000 0.3333
W 0.2000 0.2667 0.2667 0.3333
E 0.2667 0.2667 0.3333 0.3333
X 0.3333 0.2667 0.4000 0.3333
~ 0.4000 0.2667 0.4667 0.3333
~ 0.4667 0.2667 0.5333 0.3333
C 0.5333 0.2667 0.6000 0.3333
~ 0.6000 0.2667 0.6667 0.3333
E 0.6667 0.2667 0.7333 0.3333
~ 0.7333 0.2667 0.8000 0.3333
~ 0.8000 0.2667 0.8667 0.3333
~ 0.8667 0.2667 0.9333 0.3333
~ 0.9333 0.2667 1.0000 0.3333
~ 0.0000 0.3333 0.0667 0.4000
~ 0.0667 0.3333 0.1333 0.4000
~ 0.1333 0.3333 0.2000 0.4000
~ 0.2000 0.3333 0.2667 0.4000
L 0.2667 0.3333 0.3333 0.4000
U 0.3333 0.3333 0.4000 0.4000
L 0.4000 0.3333 0.4667 0.4000
L 0.4667 0.3333 0.5333 0.4000
~ 0.5333 0.3333 0.6000 0.4000
P 0.6000 0.3333 0.6667 0.4000
R 0.6667 0.3333 0.7333 0.4000
U 0.7333 0.3333 0.8000 0.4000
H 0.8000 0.3333 0.8667 0.4000
~ 0.8667 0.3333 0.9333 0.4000
~ 0.9333 0.3333 1.0000 0.4000
~ 0.0000 0.4000 0.0667 0.4667
~ 0.0667 0.4000 0.1333 0.4667
~ 0.1333 0.4000 0.2000 0.4667
~ 0.2000 0.4000 0.2667 0.4667
~ 0.2667 0.4000 0.3333 0.4667
~ 0.3333 0.4000 0.4000 0.4667
~ 0.4000 0.4000 0.4667 0.4667
I 0.4667 0.4000 0.5333 0.4667
D 0.5333 0.4000 0.6000 0.4667
E 0.6000 0.4000 0.6667 0.4667
~ 0.6667 0.4000 0.7333 0.4667
~ 0.7333 0.4000 0.8000 0.4667
~ 0.8000 0.4000 0.8667 0.4667
~ 0.8667 0.4000 0.9333 0.4667
~ 0.9333 0.4000 1.0000 0.4667
~ 0.0000 0.4667 0.0667 0.5333
~ 0.0667 0.4667 0.1333 0.5333
~ 0.1333 0.4667 0.2000 0.5333
Q 0.2000 0.4667 0.2667 0.5333
U 0.2667 0.4667 0.3333 0.5333
I 0.3333 0.4667 0.4000 0.5333
N 0.4000 0.4667 0.4667 0.5333
O 0.4667 0.4667 0.5333 0.5333
A 0.5333 0.4667 0.6000 0.5333
~ 0.6000 0.4667 0.6667 0.5333
~ 0.6667 0.4667 0.7333 0.5333
A 0.7333 0.4667 0.8000 0.5333
B 0.8000 0.4667 0.8667 0.5333
B 0.8667 0.4667 0.9333 0.5333
E 0.9333 0.4667 1.0000 0.5333
~ 0.0000 0.5333 0.0667 0.6000
~ 0.0667 0.5333 0.1333 0.6000
~ 0.1333 0.5333 0.2000 0.6000
~ 0.2000 0.5333 0.2667 0.6000
~ 0.2667 0.5333 0.3333 0.6000
T 0.3333 0.5333 0.4000 0.6000
A 0.4000 0.5333 0.4667 0.6000
N 0.4667 0.5333 0.5333 0.6000
G 0.5333 0.5333 0.6000 0.6000
~ 0.6000 0.5333 0.6667 0.6000
E 0.6667 0.5333 0.7333 0.6000
R 0.7333 0.5333 0.8000 0.6000
~ 0.8000 0.5333 0.8667 0.6000
E 0.8667 0.5333 0.9333 0.6000
~ 0.9333 0.5333 1.0000 0.6000
~ 0.0000 0.6000 0.0667 0.6667
~ 0.0667 0.6000 0.1333 0.6667
~ 0.1333 0.6000 0.2000 0.6667
~ 0.2000 0.6000 0.2667 0.6667
Y 0.2667 0.6000 0.3333 0.6667
A 0.3333 0.6000 0.4000 0.6667
Y 0.4000 0.6000 0.4667 0.6667
~ 0.4667 0.6000 0.5333 0.6667
~ 0.5333 0.6000 0.6000 0.6667
~ 0.6000 0.6000 0.6667 0.6667
~ 0.6667 0.6000 0.7333 0.6667
~ 0.7333 0.6000 0.8000 0.6667
~ 0.8000 0.6000 0.8667 0.6667
F 0.8667 0.6000 0.9333 0.6667
~ 0.9333 0.6000 1.0000 0.6667
~ 0.0000 0.6667 0.0667 0.7333
~ 0.0667 0.6667 0.1333 0.7333
~ 0.1333 0.6667 0.2000 0.7333
~ 0.2000 0.6667 0.2667 0.7333
A 0.2667 0.6667 0.3333 0.7333
S 0.3333 0.6667 0.4000 0.7333
S 0.4000 0.6667 0.4667 0.7333
O 0.4667 0.6667 0.5333 0.7333
R 0.5333 0.6667 0.6000 0.7333
T 0.6000 0.6667 0.6667 0.7333
S 0.6667 0.6667 0.7333 0.7333
~ 0.7333 0.6667 0.8000 0.7333
~ 0.8000 0.6667 0.8667 0.7333
I 0.8667 0.6667 0.9333 0.7333
~ 0.9333 0.6667 1.0000 0.7333
~ 0.0000 0.7333 0.0667 0.8000
~ 0.0667 0.7333 0.1333 0.8000
~ 0.1333 0.7333 0.2000 0.8000
~ 0.2000 0.7333 0.2667 0.8000
~ 0.2667 0.7333 0.3333 0.8000
~ 0.3333 0.7333 0.4000 0.8000
~ 0.4000 0.7333 0.4667 0.8000
K 0.4667 0.7333 0.5333 0.8000
~ 0.5333 0.7333 0.6000 0.8000
O 0.6000 0.7333 0.6667 0.8000
O 0.6667 0.7333 0.7333 0.8000
R 0.7333 0.7333 0.8000 0.8000
~ 0.8000 0.7333 0.8667 0.8000
T 0.8667 0.7333 0.9333 0.8000
~ 0.9333 0.7333 1.0000 0.8000
~ 0.0000 0.8000 0.0667 0.8667
~ 0.0667 0.8000 0.1333 0.8667
D 0.1333 0.8000 0.2000 0.8667
O 0.2000 0.8000 0.2667 0.8667
O 0.2667 0.8000 0.3333 0.8667
~ 0.3333 0.8000 0.4000 0.8667
~ 0.4000 0.8000 0.4667 0.8667
A 0.4667 0.8000 0.5333 0.8667
~ 0.5333 0.8000 0.6000 0.8667
~ 0.6000 0.8000 0.6667 0.8667
~ 0.6667 0.8000 0.7333 0.8667
~ 0.7333 0.8000 0.8000 0.8667
~ 0.8000 0.8000 0.8667 0.8667
~ 0.8667 0.8000 0.9333 0.8667
~ 0.9333 0.8000 1.0000 0.8667
~ 0.0000 0.8667 0.0667 0.9333
~ 0.0667 0.8667 0.1333 0.9333
U 0.1333 0.8667 0.2000 0.9333
N 0.2000 0.8667 0.2667 0.9333
W 0.2667 0.8667 0.3333 0.9333
A 0.3333 0.8667 0.4000 0.9333
R 0.4000 0.8667 0.4667 0.9333
P 0.4667 0.8667 0.5333 0.9333
E 0.5333 0.8667 0.6000 0.9333
D 0.6000 0.8667 0.6667 0.9333
~ 0.6667 0.8667 0.7333 0.9333
~ 0.7333 0.8667 0.8000 0.9333
~ 0.8000 0.8667 0.8667 0.9333
~ 0.8667 0.8667 0.9333 0.9333
~ 0.9333 0.8667 1.0000 0.9333
M 0.0000 0.9333 0.0667 1.0000
E 0.0667 0.9333 0.1333 1.0000
M 0.1333 0.9333 0.2000 1.0000
O 0.2000 0.9333 0.2667 1.0000
~ 0.2667 0.9333 0.3333 1.0000
~ 0.3333 0.9333 0.4000 1.0000
~ 0.4000 0.9333 0.4667 1.0000
I 0.4667 0.9333 0.5333 1.0000
~ 0.5333 0.9333 0.6000 1.0000
E 0.6000 0.9333 0.6667 1.0000
T 0.6667 0.9333 0.7333 1.0000
H 0.7333 0.9333 0.8000 1.0000
I 0.8000 0.9333 0.8667 1.0000
C 0.8667 0.9333 0.9333 1.0000
S 0.9333 0.9333 1.0000 1.0000
