Z 0.0000 0.0000 0.0667 0.0667
A 0.0667 0.0000 0.1333 0.0667
~ 0.1333 0.0000 0.2000 0.0667
~ 0.2000 0.0000 0.2667 0.0667
~ 0.2667 0.0000 0.3333 0.0667
~ 0.3333 0.0000 0.4000 0.0667
~ 0.4000 0.0000 0.4667 0.0667
G 0.4667 0.0000 0.5333 0.0667
~ 0.5333 0.0000 0.6000 0.0667
~ 0.6000 0.0000 0.6667 0.0667
~ 0.6667 0.0000 0.7333 0.0667
~ 0.7333 0.0000 0.8000 0.0667
~ 0.8000 0.0000 0.8667 0.0667
~ 0.8667 0.0000 0.9333 0.0667
~ 0.9333 0.0000 1.0000 0.0667
~ 0.0000 0.0667 0.0667 0.1333
R 0.0667 0.0667 0.1333 0.1333
E 0.1333 0.0667 0.2000 0.1333
T 0.2000 0.0667 0.2667 0.1333
A 0.2667 0.0667 0.3333 0.1333
G 0.3333 0.0667 0.4000 0.1333
~ 0.4000 0.0667 0.4667 0.1333
I 0.4667 0.0667 0.5333 0.1333
~ 0.5333 0.0667 0.6000 0.1333
~ 0.6000 0.0667 0.6667 0.1333
~ 0.6667 0.0667 0.7333 0.1333
~ 0.7333 0.0667 0.8000 0.1333
~ 0.8000 0.0667 0.8667 0.1333
J 0.8667 0.0667 0.9333 0.1333
~ 0.9333 0.0667 1.0000 0.1333
R 0.0000 0.1333 0.0667 0.2000
~ 0.0667 0.1333 0.1333 0.2000
~ 0.1333 0.1333 0.2000 0.2000
R 0.2000 0.1333 0.2667 0.2000
~ 0.2667 0.1333 0.3333 0.2000
~ 0.3333 0.1333 0.4000 0.2000
~ 0.4000 0.1333 0.4667 0.2000
B 0.4667 0.1333 0.5333 0.2000
~ 0.5333 0.1333 0.6000 0.2000
~ 0.6000 0.1333 0.6667 0.2000
~ 0.6667 0.1333 0.7333 0.2000
C 0.7333 0.1333 0.8000 0.2000
H 0.8000 0.1333 0.8667 0.2000
A 0.8667 0.1333 0.9333 0.2000
O 0.9333 0.1333 1.0000 0.2000
E 0.0000 0.2000 0.0667 0.2667
~ 0.0667 0.2000 0.1333 0.2667
~ 0.1333 0.2000 0.2000 0.2667
O 0.2000 0.2000 0.2667 0.2667
~ 0.2667 0.2000 0.3333 0.2667
~ 0.3333 0.2000 0.4000 0.2667
~ 0.4000 0.2000 0.4667 0.2667
E 0.4667 0.2000 0.5333 0.2667
~ 0.5333 0.2000 0.6000 0.2667
~ 0.6000 0.2000 0.6667 0.2667
~ 0.6667 0.2000 0.7333 0.2667
~ 0.7333 0.2000 0.8000 0.2667
~ 0.8000 0.2000 0.8667 0.2667
T 0.8667 0.2000 0.9333 0.2667
~ 0.9333 0.2000 1.0000 0.2667
G 0.0000 0.2667 0.0667 0.3333
~ 0.0667 0.2667 0.1333 0.3333
~ 0.1333 0.2667 0.2000 0.3333
V 0.2000 0.2667 0.2667 0.3333
~ 0.2667 0.2667 0.3333 0.3333
~ 0.3333 0.2667 0.4000 0.3333
~ 0.4000 0.2667 0.4667 0.3333
D 0.4667 0.2667 0.5333 0.3333
U 0.5333 0.2667 0.6000 0.3333
I 0.6000 0.2667 0.6667 0.3333
T 0.6667 0.2667 0.7333 0.3333
~ 0.7333 0.2667 0.8000 0.3333
~ 0.8000 0.2667 0.8667 0.3333
O 0.8667 0.2667 0.9333 0.3333
F 0.9333 0.2667 1.0000 0.3333
I 0.0000 0.3333 0.0667 0.4000
~ 0.0667 0.3333 0.1333 0.4000
~ 0.1333 0.3333 0.2000 0.4000
E 0.2000 0.3333 0.2667 0.4000
D 0.2667 0.3333 0.3333 0.4000
~ 0.3333 0.3333 0.4000 0.4000
~ 0.4000 0.3333 0.4667 0.4000
~ 0.4667 0.3333 0.5333 0.4000
P 0.5333 0.3333 0.6000 0.4000
~ 0.6000 0.3333 0.6667 0.4000
~ 0.6667 0.3333 0.7333 0.4000
~ 0.7333 0.3333 0.8000 0.4000
~ 0.8000 0.3333 0.8667 0.4000
~ 0.8667 0.3333 0.9333 0.4000
E 0.9333 0.3333 1.0000 0.4000
N 0.0000 0.4000 0.0667 0.4667
~ 0.0667 0.4000 0.1333 0.4667
~ 0.1333 0.4000 0.2000 0.4667
~ 0.2000 0.4000 0.2667 0.4667
I 0.2667 0.4000 0.3333 0.4667
~ 0.3333 0.4000 0.4000 0.4667
~ 0.4000 0.4000 0.4667 0.4667
~ 0.4667 0.4000 0.5333 0.4667
P 0.5333 0.4000 0.6000 0.4667
~ 0.6000 0.4000 0.6667 0.4667
~ 0.6667 0.4000 0.7333 0.4667
~ 0.7333 0.4000 0.8000 0.4667
~ 0.8000 0.4000 0.8667 0.4667
~ 0.8667 0.4000 0.9333 0.4667
L 0.9333 0.4000 1.0000 0.4667
A 0.0000 0.4667 0.0667 0.5333
W 0.0667 0.4667 0.1333 0.5333
~ 0.1333 0.4667 0.2000 0.5333
U 0.2000 0.4667 0.2667 0.5333
N 0.2667 0.4667 0.3333 0.5333
I 0.3333 0.4667 0.4000 0.5333
F 0.4000 0.4667 0.4667 0.5333
I 0.4667 0.4667 0.5333 0.5333
E 0.5333 0.4667 0.6000 0.5333
S 0.6000 0.4667 0.6667 0.5333
~ 0.6667 0.4667 0.7333 0.5333
~ 0.7333 0.4667 0.8000 0.5333
~ 0.8000 0.4667 0.8667 0.5333
~ 0.8667 0.4667 0.9333 0.5333
I 0.9333 0.4667 1.0000 0.5333
~ 0.0000 0.5333 0.0667 0.6000
A 0.0667 0.5333 0.1333 0.6000
T 0.1333 0.5333 0.2000 0.6000
~ 0.2000 0.5333 0.2667 0.6000
O 0.2667 0.5333 0.3333 0.6000
~ 0.3333 0.5333 0.4000 0.6000
~ 0.4000 0.5333 0.4667 0.6000
~ 0.4667 0.5333 0.5333 0.6000
N 0.5333 0.5333 0.6000 0.6000
~ 0.6000 0.5333 0.6667 0.6000
~ 0.6667 0.5333 0.7333 0.6000
~ 0.7333 0.5333 0.8000 0.6000
~ 0.8000 0.5333 0.8667 0.6000
~ 0.8667 0.5333 0.9333 0.6000
N 0.9333 0.5333 1.0000 0.6000
~ 0.0000 0.6000 0.0667 0.6667
Y 0.0667 0.6000 0.1333 0.6667
O 0.1333 0.6000 0.2000 0.6667
~ 0.2000 0.6000 0.2667 0.6667
S 0.2667 0.6000 0.3333 0.6667
~ 0.3333 0.6000 0.4000 0.6667
~ 0.4000 0.6000 0.4667 0.6667
~ 0.4667 0.6000 0.5333 0.6667
C 0.5333 0.6000 0.6000 0.6667
~ 0.6000 0.6000 0.6667 0.6667
~ 0.6667 0.6000 0.7333 0.6667
W 0.7333 0.6000 0.8000 0.6667
~ 0.8000 0.6000 0.8667 0.6667
M 0.8667 0.6000 0.9333 0.6667
E 0.9333 0.6000 1.0000 0.6667
~ 0.0000 0.6667 0.0667 0.7333
~ 0.0667 0.6667 0.1333 0.7333
T 0.1333 0.6667 0.2000 0.7333
~ 0.2000 0.6667 0.2667 0.7333
A 0.2667 0.6667 0.3333 0.7333
~ 0.3333 0.6667 0.4000 0.7333
~ 0.4000 0.6667 0.4667 0.7333
D 0.4667 0.6667 0.5333 0.7333
E 0.5333 0.6667 0.6000 0.7333
~ 0.6000 0.6667 0.6667 0.7333
K 0.6667 0.6667 0.7333 0.7333
O 0.7333 0.6667 0.8000 0.7333
B 0.8000 0.6667 0.8667 0.7333
O 0.8667 0.6667 0.9333 0.7333
~ 0.9333 0.6667 1.0000 0.7333
~ 0.0000 0.7333 0.0667 0.8000
~ 0.0667 0.7333 0.1333 0.8000
A 0.1333 0.7333 0.2000 0.8000
Q 0.2000 0.7333 0.2667 0.8000
U 0.2667 0.7333 0.3333 0.8000
A 0.3333 0.7333 0.4000 0.8000
D 0.4000 0.7333 0.4667 0.8000
A 0.4667 0.7333 0.5333 0.8000
~ 0.5333 0.7333 0.6000 0.8000
~ 0.6000 0.7333 0.6667 0.8000
~ 0.6667 0.7333 0.7333 0.8000
O 0.7333 0.7333 0.8000 0.8000
~ 0.8000 0.7333 0.8667 0.8000
N 0.8667 0.7333 0.9333 0.8000
~ 0.9333 0.7333 1.0000 0.8000
~ 0.0000 0.8000 0.0667 0.8667
~ 0.0667 0.8000 0.1333 0.8667
L 0.1333 0.8000 0.2000 0.8667
~ 0.2000 0.8000 0.2667 0.8667
R 0.2667 0.8000 0.3333 0.8667
~ 0.3333 0.8000 0.4000 0.8667
~ 0.4000 0.8000 0.4667 0.8667
L 0.4667 0.8000 0.5333 0.8667
U 0.5333 0.8000 0.6000 0.8667
R 0.6000 0.8000 0.6667 0.8667
E 0.6667 0.8000 0.7333 0.8667
D 0.7333 0.8000 0.8000 0.8667
~ 0.8000 0.8000 0.8667 0.8667
I 0.8667 0.8000 0.9333 0.8667
~ 0.9333 0.8000 1.0000 0.8667
~ 0.0000 0.8667 0.0667 0.9333
~ 0.0667 0.8667 0.1333 0.9333
~ 0.1333 0.8667 0.2000 0.9333
~ 0.2000 0.8667 0.2667 0.9333
S 0.2667 0.8667 0.3333 0.9333
V 0.3333 0.8667 0.4000 0.9333
E 0.4000 0.8667 0.4667 0.9333
L 0.4667 0.8667 0.5333 0.9333
T 0.5333 0.8667 0.6000 0.9333
E 0.6000 0.8667 0.6667 0.9333
R 0.6667 0.8667 0.7333 0.9333
~ 0.7333 0.8667 0.8000 0.9333
~ 0.8000 0.8667 0.8667 0.9333
E 0.8667 0.8667 0.9333 0.9333
~ 0.9333 0.8667 1.0000 0.9333
~ 0.0000 0.9333 0.0667 1.0000
~ 0.0667 0.9333 0.1333 1.0000
~ 0.1333 0.9333 0.2000 1.0000
~ 0.2000 0.9333 0.2667 1.0000
~ 0.2667 0.9333 0.3333 1.0000
~ 0.3333 0.9333 0.4000 1.0000
~ 0.4000 0.9333 0.4667 1.0000
Y 0.4667 0.9333 0.5333 1.0000
~ 0.5333 0.9333 0.6000 1.0000
~ 0.6000 0.9333 0.6667 1.0000
~ 0.6667 0.9333 0.7333 1.0000
H 0.7333 0.9333 0.8000 1.0000
I 0.8000 0.9333 0.8667 1.0000
S 0.8667 0.9333 0.9333 1.0000
N 0.9333 0.9333 1.0000 1.0000
