P 0.0000 0.0000 0.0667 0.0667
~ 0.0667 0.0000 0.1333 0.0667
~ 0.1333 0.0000 0.2000 0.0667
~ 0.2000 0.0000 0.2667 0.0667
~ 0.2667 0.0000 0.3333 0.0667
~ 0.3333 0.0000 0.4000 0.0667
~ 0.4000 0.0000 0.4667 0.0667
H 0.4667 0.0000 0.5333 0.0667
~ 0.5333 0.0000 0.6000 0.0667
~ 0.6000 0.0000 0.6667 0.0667
~ 0.6667 0.0000 0.7333 0.0667
~ 0.7333 0.0000 0.8000 0.0667
~ 0.8000 0.0000 0.8667 0.0667
~ 0.8667 0.0000 0.9333 0.0667
~ 0.9333 0.0000 1.0000 0.0667
E 0.0000 0.0667 0.0667 0.1333
~ 0.0667 0.0667 0.1333 0.1333
F 0.1333 0.0667 0.2000 0.1333
A 0.2000 0.0667 0.2667 0.1333
D 0.2667 0.0667 0.3333 0.1333
E 0.3333 0.0667 0.4000 0.1333
~ 0.4000 0.0667 0.4667 0.1333
E 0.4667 0.0667 0.5333 0.1333
~ 0.5333 0.0667 0.6000 0.1333
F 0.6000 0.0667 0.6667 0.1333
E 0.6667 0.0667 0.7333 0.1333
U 0.7333 0.0667 0.8000 0.1333
A 0.8000 0.0667 0.8667 0.1333
R 0.8667 0.0667 0.9333 0.1333
~ 0.9333 0.0667 1.0000 0.1333
D 0.0000 0.1333 0.0667 0.2000
U 0.0667 0.1333 0.1333 0.2000
E 0.1333 0.1333 0.2000 0.2000
T 0.2000 0.1333 0.2667 0.2000
~ 0.2667 0.1333 0.3333 0.2000
S 0.3333 0.1333 0.4000 0.2000
P 0.4000 0.1333 0.4667 0.2000
I 0.4667 0.1333 0.5333 0.2000
K 0.5333 0.1333 0.6000 0.2000
E 0.6000 0.1333 0.6667 0.2000
~ 0.6667 0.1333 0.7333 0.2000
~ 0.7333 0.1333 0.8000 0.2000
~ 0.8000 0.1333 0.8667 0.2000
~ 0.8667 0.1333 0.9333 0.2000
~ 0.9333 0.1333 1.0000 0.2000
~ 0.0000 0.2000 0.0667 0.2667
~ 0.0667 0.2000 0.1333 0.2667
~ 0.1333 0.2000 0.2000 0.2667
~ 0.2000 0.2000 0.2667 0.2667
~ 0.2667 0.2000 0.3333 0.2667
~ 0.3333 0.2000 0.4000 0.2667
~ 0.4000 0.2000 0.4667 0.2667
L 0.4667 0.2000 0.5333 0.2667
I 0.5333 0.2000 0.6000 0.2667
~ 0.6000 0.2000 0.6667 0.2667
~ 0.6667 0.2000 0.7333 0.2667
G 0.7333 0.2000 0.8000 0.2667
~ 0.8000 0.2000 0.8667 0.2667
~ 0.8667 0.2000 0.9333 0.2667
~ 0.9333 0.2000 1.0000 0.2667
~ 0.0000 0.2667 0.0667 0.3333
~ 0.0667 0.2667 0.1333 0.3333
~ 0.1333 0.2667 0.2000 0.3333
~ 0.2000 0.2667 0.2667 0.3333
~ 0.2667 0.2667 0.3333 0.3333
~ 0.3333 0.2667 0.4000 0.3333
~ 0.4000 0.2667 0.4667 0.3333
~ 0.4667 0.2667 0.5333 0.3333
N 0.5333 0.2667 0.6000 0.3333
~ 0.6000 0.2667 0.6667 0.3333
Z 0.6667 0.2667 0.7333 0.3333
E 0.7333 0.2667 0.8000 0.3333
E 0.8000 0.2667 0.8667 0.3333
~ 0.8667 0.2667 0.9333 0.3333
T 0.9333 0.2667 1.0000 0.3333
~ 0.0000 0.3333 0.0667 0.4000
~ 0.0667 0.3333 0.1333 0.4000
~ 0.1333 0.3333 0.2000 0.4000
~ 0.2000 0.3333 0.2667 0.4000
~ 0.2667 0.3333 0.3333 0.4000
~ 0.3333 0.3333 0.4000 0.4000
J 0.4000 0.3333 0.4667 0.4000
~ 0.4667 0.3333 0.5333 0.4000
A 0.5333 0.3333 0.6000 0.4000
H 0.6000 0.3333 0.6667 0.4000
O 0.6667 0.3333 0.7333 0.4000
Y 0.7333 0.3333 0.8000 0.4000
~ 0.8000 0.3333 0.8667 0.4000
~ 0.8667 0.3333 0.9333 0.4000
O 0.9333 0.3333 1.0000 0.4000
~ 0.0000 0.4000 0.0667 0.4667
~ 0.0667 0.4000 0.1333 0.4667
~ 0.1333 0.4000 0.2000 0.4667
~ 0.2000 0.4000 0.2667 0.4667
~ 0.2667 0.4000 0.3333 0.4667
R 0.3333 0.4000 0.4000 0.4667
A 0.4000 0.4000 0.4667 0.4667
M 0.4667 0.4000 0.5333 0.4667
~ 0.5333 0.4000 0.6000 0.4667
O 0.6000 0.4000 0.6667 0.4667
R 0.6667 0.4000 0.7333 0.4667
~ 0.7333 0.4000 0.8000 0.4667
~ 0.8000 0.4000 0.8667 0.4667
~ 0.8667 0.4000 0.9333 0.4667
R 0.9333 0.4000 1.0000 0.4667
~ 0.0000 0.4667 0.0667 0.5333
~ 0.0667 0.4667 0.1333 0.5333
~ 0.1333 0.4667 0.2000 0.5333
~ 0.2000 0.4667 0.2667 0.5333
Q 0.2667 0.4667 0.3333 0.5333
~ 0.3333 0.4667 0.4000 0.5333
B 0.4000 0.4667 0.4667 0.5333
O 0.4667 0.4667 0.5333 0.5333
X 0.5333 0.4667 0.6000 0.5333
~ 0.6000 0.4667 0.6667 0.5333
I 0.6667 0.4667 0.7333 0.5333
N 0.7333 0.4667 0.8000 0.5333
G 0.8000 0.4667 0.8667 0.5333
L 0.8667 0.4667 0.9333 0.5333
E 0.9333 0.4667 1.0000 0.5333
~ 0.0000 0.5333 0.0667 0.6000
~ 0.0667 0.5333 0.1333 0.6000
R 0.1333 0.5333 0.2000 0.6000
~ 0.2000 0.5333 0.2667 0.6000
A 0.2667 0.5333 0.3333 0.6000
~ 0.3333 0.5333 0.4000 0.6000
~ 0.4000 0.5333 0.4667 0.6000
D 0.4667 0.5333 0.5333 0.6000
U 0.5333 0.5333 0.6000 0.6000
B 0.6000 0.5333 0.6667 0.6000
S 0.6667 0.5333 0.7333 0.6000
~ 0.7333 0.5333 0.8000 0.6000
~ 0.8000 0.5333 0.8667 0.6000
~ 0.8667 0.5333 0.9333 0.6000
U 0.9333 0.5333 1.0000 0.6000
~ 0.0000 0.6000 0.0667 0.6667
L 0.0667 0.6000 0.1333 0.6667
E 0.1333 0.6000 0.2000 0.6667
N 0.2000 0.6000 0.2667 0.6667
I 0.2667 0.6000 0.3333 0.6667
T 0.3333 0.6000 0.4000 0.6667
E 0.4000 0.6000 0.4667 0.6667
S 0.4667 0.6000 0.5333 0.6667
~ 0.5333 0.6000 0.6000 0.6667
~ 0.6000 0.6000 0.6667 0.6667
~ 0.6667 0.6000 0.7333 0.6667
~ 0.7333 0.6000 0.8000 0.6667
W 0.8000 0.6000 0.8667 0.6667
~ 0.8667 0.6000 0.9333 0.6667
T 0.9333 0.6000 1.0000 0.6667
~ 0.0000 0.6667 0.0667 0.7333
~ 0.0667 0.6667 0.1333 0.7333
L 0.1333 0.6667 0.2000 0.7333
~ 0.2000 0.6667 0.2667 0.7333
D 0.2667 0.6667 0.3333 0.7333
O 0.3333 0.6667 0.4000 0.7333
N 0.4000 0.6667 0.4667 0.7333
~ 0.4667 0.6667 0.5333 0.7333
~ 0.5333 0.6667 0.6000 0.7333
~ 0.6000 0.6667 0.6667 0.7333
~ 0.6667 0.6667 0.7333 0.7333
Y 0.7333 0.6667 0.8000 0.7333
O 0.8000 0.6667 0.8667 0.7333
~ 0.8667 0.6667 0.9333 0.7333
I 0.9333 0.6667 1.0000 0.7333
~ 0.0000 0.7333 0.0667 0.8000
V 0.0667 0.7333 0.1333 0.8000
I 0.1333 0.7333 0.2000 0.8000
A 0.2000 0.7333 0.2667 0.8000
~ 0.2667 0.7333 0.3333 0.8000
R 0.3333 0.7333 0.4000 0.8000
~ 0.4000 0.7333 0.4667 0.8000
~ 0.4667 0.7333 0.5333 0.8000
~ 0.5333 0.7333 0.6000 0.8000
~ 0.6000 0.7333 0.6667 0.8000
~ 0.6667 0.7333 0.7333 0.8000
O 0.7333 0.7333 0.8000 0.8000
M 0.8000 0.7333 0.8667 0.8000
~ 0.8667 0.7333 0.9333 0.8000
C 0.9333 0.7333 1.0000 0.8000
~ 0.0000 0.8000 0.0667 0.8667
~ 0.0667 0.8000 0.1333 0.8667
C 0.1333 0.8000 0.2000 0.8667
~ 0.2000 0.8000 0.2667 0.8667
~ 0.2667 0.8000 0.3333 0.8667
~ 0.3333 0.8000 0.4000 0.8667
~ 0.4000 0.8000 0.4667 0.8667
~ 0.4667 0.8000 0.5333 0.8667
~ 0.5333 0.8000 0.6000 0.8667
~ 0.6000 0.8000 0.6667 0.8667
~ 0.6667 0.8000 0.7333 0.8667
~ 0.7333 0.8000 0.8000 0.8667
A 0.8000 0.8000 0.8667 0.8667
~ 0.8667 0.8000 0.9333 0.8667
~ 0.9333 0.8000 1.0000 0.8667
~ 0.0000 0.8667 0.0667 0.9333
I 0.0667 0.8667 0.1333 0.9333
S 0.1333 0.8667 0.2000 0.9333
T 0.2000 0.8667 0.2667 0.9333
~ 0.2667 0.8667 0.3333 0.9333
N 0.3333 0.8667 0.4000 0.9333
G 0.4000 0.8667 0.4667 0.9333
~ 0.4667 0.8667 0.5333 0.9333
T 0.5333 0.8667 0.6000 0.9333
W 0.6000 0.8667 0.6667 0.9333
A 0.6667 0.8667 0.7333 0.9333
I 0.7333 0.8667 0.8000 0.9333
N 0.8000 0.8667 0.8667 0.9333
~ 0.8667 0.8667 0.9333 0.9333
~ 0.9333 0.8667 1.0000 0.9333
~ 0.0000 0.9333 0.0667 1.0000
~ 0.0667 0.9333 0.1333 1.0000
~ 0.1333 0.9333 0.2000 1.0000
~ 0.2000 0.9333 0.2667 1.0000
~ 0.2667 0.9333 0.3333 1.0000
~ 0.3333 0.9333 0.4000 1.0000
O 0.4000 0.9333 0.4667 1.0000
V 0.4667 0.9333 0.5333 1.0000
A 0.5333 0.9333 0.6000 1.0000
~ 0.6000 0.9333 0.6667 1.0000
~ 0.6667 0.9333 0.7333 1.0000
~ 0.7333 0.9333 0.8000 1.0000
~ 0.8000 0.9333 0.8667 1.0000
~ 0.8667 0.9333 0.9333 1.0000
~ 0.9333 0.9333 1.0000 1.0000
