~ 0.0000 0.0000 0.0667 0.0667
~ 0.0667 0.0000 0.1333 0.0667
~ 0.1333 0.0000 0.2000 0.0667
~ 0.2000 0.0000 0.2667 0.0667
~ 0.2667 0.0000 0.3333 0.0667
~ 0.3333 0.0000 0.4000 0.0667
~ 0.4000 0.0000 0.4667 0.0667
~ 0.4667 0.0000 0.5333 0.0667
~ 0.5333 0.0000 0.6000 0.0667
~ 0.6000 0.0000 0.6667 0.0667
~ 0.6667 0.0000 0.7333 0.0667
J 0.7333 0.0000 0.8000 0.0667
~ 0.8000 0.0000 0.8667 0.0667
~ 0.8667 0.0000 0.9333 0.0667
~ 0.9333 0.0000 1.0000 0.0667
~ 0.0000 0.0667 0.0667 0.1333
L 0.0667 0.0667 0.1333 0.1333
~ 0.1333 0.0667 0.2000 0.1333
~ 0.2000 0.0667 0.2667 0.1333
~ 0.2667 0.0667 0.3333 0.1333
S 0.3333 0.0667 0.4000 0.1333
~ 0.4000 0.0667 0.4667 0.1333
~ 0.4667 0.0667 0.5333 0.1333
~ 0.5333 0.0667 0.6000 0.1333
~ 0.6000 0.0667 0.6667 0.1333
~ 0.6667 0.0667 0.7333 0.1333
U 0.7333 0.0667 0.8000 0.1333
~ 0.8000 0.0667 0.8667 0.1333
P 0.8667 0.0667 0.9333 0.1333
~ 0.9333 0.0667 1.0000 0.1333
~ 0.0000 0.1333 0.0667 0.2000
E 0.0667 0.1333 0.1333 0.2000
A 0.1333 0.1333 0.2000 0.2000
V 0.2000 0.1333 0.2667 0.2000
A 0.2667 0.1333 0.3333 0.2000
T 0.3333 0.1333 0.4000 0.2000
~ 0.4000 0.1333 0.4667 0.2000
~ 0.4667 0.1333 0.5333 0.2000
H 0.5333 0.1333 0.6000 0.2000
E 0.6000 0.1333 0.6667 0.2000
A 0.6667 0.1333 0.7333 0.2000
R 0.7333 0.1333 0.8000 0.2000
T 0.8000 0.1333 0.8667 0.2000
Y 0.8667 0.1333 0.9333 0.2000
~ 0.9333 0.1333 1.0000 0.2000
~ 0.0000 0.2000 0.0667 0.2667
~ 0.0667 0.2000 0.1333 0.2667
~ 0.1333 0.2000 0.2000 0.2667
~ 0.2000 0.2000 0.2667 0.2667
D 0.2667 0.2000 0.3333 0.2667
I 0.3333 0.2000 0.4000 0.2667
N 0.4000 0.2000 0.4667 0.2667
E 0.4667 0.2000 0.5333 0.2667
I 0.5333 0.2000 0.6000 0.2667
N 0.6000 0.2000 0.6667 0.2667
~ 0.6667 0.2000 0.7333 0.2667
A 0.7333 0.2000 0.8000 0.2667
~ 0.8000 0.2000 0.8667 0.2667
E 0.8667 0.2000 0.9333 0.2667
~ 0.9333 0.2000 1.0000 0.2667
~ 0.0000 0.2667 0.0667 0.3333
~ 0.0667 0.2667 0.1333 0.3333
~ 0.1333 0.2667 0.2000 0.3333
P 0.2000 0.2667 0.2667 0.3333
E 0.2667 0.2667 0.3333 0.3333
R 0.3333 0.2667 0.4000 0.3333
~ 0.4000 0.2667 0.4667 0.3333
~ 0.4667 0.2667 0.5333 0.3333
~ 0.5333 0.2667 0.6000 0.3333
C 0.6000 0.2667 0.6667 0.3333
O 0.6667 0.2667 0.7333 0.3333
L 0.7333 0.2667 0.8000 0.3333
E 0.8000 0.2667 0.8667 0.3333
~ 0.8667 0.2667 0.9333 0.3333
~ 0.9333 0.2667 1.0000 0.3333
~ 0.0000 0.3333 0.0667 0.4000
T 0.0667 0.3333 0.1333 0.4000
~ 0.1333 0.3333 0.2000 0.4000
~ 0.2000 0.3333 0.2667 0.4000
~ 0.2667 0.3333 0.3333 0.4000
~ 0.3333 0.3333 0.4000 0.4000
~ 0.4000 0.3333 0.4667 0.4000
~ 0.4667 0.3333 0.5333 0.4000
~ 0.5333 0.3333 0.6000 0.4000
L 0.6000 0.3333 0.6667 0.4000
~ 0.6667 0.3333 0.7333 0.4000
~ 0.7333 0.3333 0.8000 0.4000
~ 0.8000 0.3333 0.8667 0.4000
~ 0.8667 0.3333 0.9333 0.4000
~ 0.9333 0.3333 1.0000 0.4000
~ 0.0000 0.4000 0.0667 0.4667
~ 0.0667 0.4000 0.1333 0.4667
~ 0.1333 0.4000 0.2000 0.4667
~ 0.2000 0.4000 0.2667 0.4667
~ 0.2667 0.4000 0.3333 0.4667
~ 0.3333 0.4000 0.4000 0.4667
~ 0.4000 0.4000 0.4667 0.4667
C 0.4667 0.4000 0.5333 0.4667
~ 0.5333 0.4000 0.6000 0.4667
O 0.6000 0.4000 0.6667 0.4667
~ 0.6667 0.4000 0.7333 0.4667
~ 0.7333 0.4000 0.8000 0.4667
L 0.8000 0.4000 0.8667 0.4667
~ 0.8667 0.4000 0.9333 0.4667
~ 0.9333 0.4000 1.0000 0.4667
~ 0.0000 0.4667 0.0667 0.5333
~ 0.0667 0.4667 0.1333 0.5333
~ 0.1333 0.4667 0.2000 0.5333
~ 0.2000 0.4667 0.2667 0.5333
~ 0.2667 0.4667 0.3333 0.5333
~ 0.3333 0.4667 0.4000 0.5333
W 0.4000 0.4667 0.4667 0.5333
O 0.4667 0.4667 0.5333 0.5333
G 0.5333 0.4667 0.6000 0.5333
S 0.6000 0.4667 0.6667 0.5333
~ 0.6667 0.4667 0.7333 0.5333
~ 0.7333 0.4667 0.8000 0.5333
I 0.8000 0.4667 0.8667 0.5333
~ 0.8667 0.4667 0.9333 0.5333
H 0.9333 0.4667 1.0000 0.5333
~ 0.0000 0.5333 0.0667 0.6000
~ 0.0667 0.5333 0.1333 0.6000
~ 0.1333 0.5333 0.2000 0.6000
G 0.2000 0.5333 0.2667 0.6000
~ 0.2667 0.5333 0.3333 0.6000
~ 0.3333 0.5333 0.4000 0.6000
A 0.4000 0.5333 0.4667 0.6000
B 0.4667 0.5333 0.5333 0.6000
~ 0.5333 0.5333 0.6000 0.6000
E 0.6000 0.5333 0.6667 0.6000
D 0.6667 0.5333 0.7333 0.6000
~ 0.7333 0.5333 0.8000 0.6000
E 0.8000 0.5333 0.8667 0.6000
~ 0.8667 0.5333 0.9333 0.6000
A 0.9333 0.5333 1.0000 0.6000
~ 0.0000 0.6000 0.0667 0.6667
B 0.0667 0.6000 0.1333 0.6667
I 0.1333 0.6000 0.2000 0.6667
O 0.2000 0.6000 0.2667 0.6667
~ 0.2667 0.6000 0.3333 0.6667
~ 0.3333 0.6000 0.4000 0.6667
V 0.4000 0.6000 0.4667 0.6667
~ 0.4667 0.6000 0.5333 0.6667
~ 0.5333 0.6000 0.6000 0.6667
~ 0.6000 0.6000 0.6667 0.6667
U 0.6667 0.6000 0.7333 0.6667
~ 0.7333 0.6000 0.8000 0.6667
G 0.8000 0.6000 0.8667 0.6667
~ 0.8667 0.6000 0.9333 0.6667
S 0.9333 0.6000 1.0000 0.6667
~ 0.0000 0.6667 0.0667 0.7333
~ 0.0667 0.6667 0.1333 0.7333
D 0.1333 0.6667 0.2000 0.7333
O 0.2000 0.6667 0.2667 0.7333
R 0.2667 0.6667 0.3333 0.7333
M 0.3333 0.6667 0.4000 0.7333
Y 0.4000 0.6667 0.4667 0.7333
~ 0.4667 0.6667 0.5333 0.7333
~ 0.5333 0.6667 0.6000 0.7333
R 0.6000 0.6667 0.6667 0.7333
I 0.6667 0.6667 0.7333 0.7333
F 0.7333 0.6667 0.8000 0.7333
E 0.8000 0.6667 0.8667 0.7333
~ 0.8667 0.6667 0.9333 0.7333
T 0.9333 0.6667 1.0000 0.7333
~ 0.0000 0.7333 0.0667 0.8000
~ 0.0667 0.7333 0.1333 0.8000
~ 0.1333 0.7333 0.2000 0.8000
K 0.2000 0.7333 0.2667 0.8000
~ 0.2667 0.7333 0.3333 0.8000
~ 0.3333 0.7333 0.4000 0.8000
~ 0.4000 0.7333 0.4667 0.8000
~ 0.4667 0.7333 0.5333 0.8000
~ 0.5333 0.7333 0.6000 0.8000
O 0.6000 0.7333 0.6667 0.8000
~ 0.6667 0.7333 0.7333 0.8000
E 0.7333 0.7333 0.8000 0.8000
~ 0.8000 0.7333 0.8667 0.8000
~ 0.8667 0.7333 0.9333 0.8000
E 0.9333 0.7333 1.0000 0.8000
~ 0.0000 0.8000 0.0667 0.8667
E 0.0667 0.8000 0.1333 0.8667
R 0.1333 0.8000 0.2000 0.8667
S 0.2000 0.8000 0.2667 0.8667
A 0.2667 0.8000 0.3333 0.8667
T 0.3333 0.8000 0.4000 0.8667
Z 0.4000 0.8000 0.4667 0.8667
~ 0.4667 0.8000 0.5333 0.8667
~ 0.5333 0.8000 0.6000 0.8667
U 0.6000 0.8000 0.6667 0.8667
~ 0.6667 0.8000 0.7333 0.8667
U 0.7333 0.8000 0.8000 0.8667
N 0.8000 0.8000 0.8667 0.8667
~ 0.8667 0.8000 0.9333 0.8667
N 0.9333 0.8000 1.0000 0.8667
I 0.0000 0.8667 0.0667 0.9333
F 0.0667 0.8667 0.1333 0.9333
~ 0.1333 0.8667 0.2000 0.9333
~ 0.2000 0.8667 0.2667 0.9333
M 0.2667 0.8667 0.3333 0.9333
O 0.3333 0.8667 0.4000 0.9333
A 0.4000 0.8667 0.4667 0.9333
~ 0.4667 0.8667 0.5333 0.9333
O 0.5333 0.8667 0.6000 0.9333
X 0.6000 0.8667 0.6667 0.9333
I 0.6667 0.8667 0.7333 0.9333
D 0.7333 0.8667 0.8000 0.9333
A 0.8000 0.8667 0.8667 0.9333
T 0.8667 0.8667 0.9333 0.9333
~ 0.9333 0.8667 1.0000 0.9333
~ 0.0000 0.9333 0.0667 1.0000
~ 0.0667 0.9333 0.1333 1.0000
~ 0.1333 0.9333 0.2000 1.0000
W 0.2000 0.9333 0.2667 1.0000
I 0.2667 0.9333 0.3333 1.0000
N 0.3333 0.9333 0.4000 1.0000
~ 0.4000 0.9333 0.4667 1.0000
Q 0.4667 0.9333 0.5333 1.0000
I 0.5333 0.9333 0.6000 1.0000
~ 0.6000 0.9333 0.6667 1.0000
~ 0.6667 0.9333 0.7333 1.0000
~ 0.7333 0.9333 0.8000 1.0000
N 0.8000 0.9333 0.8667 1.0000
~ 0.8667 0.9333 0.9333 1.0000
~ 0.9333 0.9333 1.0000 1.0000
