~ 0.0000 0.0000 0.0667 0.0667
~ 0.0667 0.0000 0.1333 0.0667
~ 0.1333 0.0000 0.2000 0.0667
~ 0.2000 0.0000 0.2667 0.0667
~ 0.2667 0.0000 0.3333 0.0667
~ 0.3333 0.0000 0.4000 0.0667
~ 0.4000 0.0000 0.4667 0.0667
A 0.4667 0.0000 0.5333 0.0667
~ 0.5333 0.0000 0.6000 0.0667
~ 0.6000 0.0000 0.6667 0.0667
~ 0.6667 0.0000 0.7333 0.0667
~ 0.7333 0.0000 0.8000 0.0667
~ 0.8000 0.0000 0.8667 0.0667
~ 0.8667 0.0000 0.9333 0.0667
~ 0.9333 0.0000 1.0000 0.0667
~ 0.0000 0.0667 0.0667 0.1333
~ 0.0667 0.0667 0.1333 0.1333
~ 0.1333 0.0667 0.2000 0.1333
~ 0.2000 0.0667 0.2667 0.1333
~ 0.2667 0.0667 0.3333 0.1333
~ 0.3333 0.0667 0.4000 0.1333
~ 0.4000 0.0667 0.4667 0.1333
D 0.4667 0.0667 0.5333 0.1333
~ 0.5333 0.0667 0.6000 0.1333
~ 0.6000 0.0667 0.6667 0.1333
~ 0.6667 0.0667 0.7333 0.1333
~ 0.7333 0.0667 0.8000 0.1333
~ 0.8000 0.0667 0.8667 0.1333
~ 0.8667 0.0667 0.9333 0.1333
~ 0.9333 0.0667 1.0000 0.1333
~ 0.0000 0.1333 0.0667 0.2000
~ 0.0667 0.1333 0.1333 0.2000
~ 0.1333 0.1333 0.2000 0.2000
~ 0.2000 0.1333 0.2667 0.2000
~ 0.2667 0.1333 0.3333 0.2000
~ 0.3333 0.1333 0.4000 0.2000
~ 0.4000 0.1333 0.4667 0.2000
Z 0.4667 0.1333 0.5333 0.2000
~ 0.5333 0.1333 0.6000 0.2000
~ 0.6000 0.1333 0.6667 0.2000
~ 0.6667 0.1333 0.7333 0.2000
~ 0.7333 0.1333 0.8000 0.2000
W 0.8000 0.1333 0.8667 0.2000
~ 0.8667 0.1333 0.9333 0.2000
~ 0.9333 0.1333 1.0000 0.2000
~ 0.0000 0.2000 0.0667 0.2667
~ 0.0667 0.2000 0.1333 0.2667
~ 0.1333 0.2000 0.2000 0.2667
~ 0.2000 0.2000 0.2667 0.2667
~ 0.2667 0.2000 0.3333 0.2667
~ 0.3333 0.2000 0.4000 0.2667
~ 0.4000 0.2000 0.4667 0.2667
E 0.4667 0.2000 0.5333 0.2667
~ 0.5333 0.2000 0.6000 0.2667
~ 0.6000 0.2000 0.6667 0.2667
~ 0.6667 0.2000 0.7333 0.2667
~ 0.7333 0.2000 0.8000 0.2667
A 0.8000 0.2000 0.8667 0.2667
~ 0.8667 0.2000 0.9333 0.2667
~ 0.9333 0.2000 1.0000 0.2667
~ 0.0000 0.2667 0.0667 0.3333
~ 0.0667 0.2667 0.1333 0.3333
~ 0.1333 0.2667 0.2000 0.3333
L 0.2000 0.2667 0.2667 0.3333
U 0.2667 0.2667 0.3333 0.3333
T 0.3333 0.2667 0.4000 0.3333
E 0.4000 0.2667 0.4667 0.3333
S 0.4667 0.2667 0.5333 0.3333
~ 0.5333 0.2667 0.6000 0.3333
~ 0.6000 0.2667 0.6667 0.3333
L 0.6667 0.2667 0.7333 0.3333
~ 0.7333 0.2667 0.8000 0.3333
L 0.8000 0.2667 0.8667 0.3333
~ 0.8667 0.2667 0.9333 0.3333
~ 0.9333 0.2667 1.0000 0.3333
~ 0.0000 0.3333 0.0667 0.4000
~ 0.0667 0.3333 0.1333 0.4000
L 0.1333 0.3333 0.2000 0.4000
~ 0.2000 0.3333 0.2667 0.4000
~ 0.2667 0.3333 0.3333 0.4000
H 0.3333 0.3333 0.4000 0.4000
~ 0.4000 0.3333 0.4667 0.4000
~ 0.4667 0.3333 0.5333 0.4000
~ 0.5333 0.3333 0.6000 0.4000
C 0.6000 0.3333 0.6667 0.4000
O 0.6667 0.3333 0.7333 0.4000
P 0.7333 0.3333 0.8000 0.4000
Y 0.8000 0.3333 0.8667 0.4000
~ 0.8667 0.3333 0.9333 0.4000
~ 0.9333 0.3333 1.0000 0.4000
~ 0.0000 0.4000 0.0667 0.4667
~ 0.0667 0.4000 0.1333 0.4667
I 0.1333 0.4000 0.2000 0.4667
~ 0.2000 0.4000 0.2667 0.4667
~ 0.2667 0.4000 0.3333 0.4667
A 0.3333 0.4000 0.4000 0.4667
~ 0.4000 0.4000 0.4667 0.4667
~ 0.4667 0.4000 0.5333 0.4667
~ 0.5333 0.4000 0.6000 0.4667
~ 0.6000 0.4000 0.6667 0.4667
O 0.6667 0.4000 0.7333 0.4667
~ 0.7333 0.4000 0.8000 0.4667
~ 0.8000 0.4000 0.8667 0.4667
~ 0.8667 0.4000 0.9333 0.4667
~ 0.9333 0.4000 1.0000 0.4667
~ 0.0000 0.4667 0.0667 0.5333
~ 0.0667 0.4667 0.1333 0.5333
B 0.1333 0.4667 0.2000 0.5333
~ 0.2000 0.4667 0.2667 0.5333
P 0.2667 0.4667 0.3333 0.5333
E 0.3333 0.4667 0.4000 0.5333
~ 0.4000 0.4667 0.4667 0.5333
T 0.4667 0.4667 0.5333 0.5333
H 0.5333 0.4667 0.6000 0.5333
I 0.6000 0.4667 0.6667 0.5333
N 0.6667 0.4667 0.7333 0.5333
G 0.7333 0.4667 0.8000 0.5333
~ 0.8000 0.4667 0.8667 0.5333
R 0.8667 0.4667 0.9333 0.5333
~ 0.9333 0.4667 1.0000 0.5333
~ 0.0000 0.5333 0.0667 0.6000
~ 0.0667 0.5333 0.1333 0.6000
E 0.1333 0.5333 0.2000 0.6000
~ 0.2000 0.5333 0.2667 0.6000
O 0.2667 0.5333 0.3333 0.6000
~ 0.3333 0.5333 0.4000 0.6000
V 0.4000 0.5333 0.4667 0.6000
I 0.4667 0.5333 0.5333 0.6000
M 0.5333 0.5333 0.6000 0.6000
~ 0.6000 0.5333 0.6667 0.6000
I 0.6667 0.5333 0.7333 0.6000
~ 0.7333 0.5333 0.8000 0.6000
~ 0.8000 0.5333 0.8667 0.6000
O 0.8667 0.5333 0.9333 0.6000
Y 0.9333 0.5333 1.0000 0.6000
F 0.0000 0.6000 0.0667 0.6667
E 0.0667 0.6000 0.1333 0.6667
R 0.1333 0.6000 0.2000 0.6667
~ 0.2000 0.6000 0.2667 0.6667
~ 0.2667 0.6000 0.3333 0.6667
~ 0.3333 0.6000 0.4000 0.6667
~ 0.4000 0.6000 0.4667 0.6667
~ 0.4667 0.6000 0.5333 0.6667
~ 0.5333 0.6000 0.6000 0.6667
D 0.6000 0.6000 0.6667 0.6667
E 0.6667 0.6000 0.7333 0.6667
~ 0.7333 0.6000 0.8000 0.6667
~ 0.8000 0.6000 0.8667 0.6667
Q 0.8667 0.6000 0.9333 0.6667
I 0.9333 0.6000 1.0000 0.6667
O 0.0000 0.6667 0.0667 0.7333
X 0.0667 0.6667 0.1333 0.7333
~ 0.1333 0.6667 0.2000 0.7333
~ 0.2000 0.6667 0.2667 0.7333
T 0.2667 0.6667 0.3333 0.7333
~ 0.3333 0.6667 0.4000 0.7333
~ 0.4000 0.6667 0.4667 0.7333
~ 0.4667 0.6667 0.5333 0.7333
~ 0.5333 0.6667 0.6000 0.7333
A 0.6000 0.6667 0.6667 0.7333
R 0.6667 0.6667 0.7333 0.7333
~ 0.7333 0.6667 0.8000 0.7333
~ 0.8000 0.6667 0.8667 0.7333
U 0.8667 0.6667 0.9333 0.7333
N 0.9333 0.6667 1.0000 0.7333
N 0.0000 0.7333 0.0667 0.8000
~ 0.0667 0.7333 0.1333 0.8000
~ 0.1333 0.7333 0.2000 0.8000
G 0.2000 0.7333 0.2667 0.8000
E 0.2667 0.7333 0.3333 0.8000
S 0.3333 0.7333 0.4000 0.8000
T 0.4000 0.7333 0.4667 0.8000
~ 0.4667 0.7333 0.5333 0.8000
~ 0.5333 0.7333 0.6000 0.8000
U 0.6000 0.7333 0.6667 0.8000
~ 0.6667 0.7333 0.7333 0.8000
J 0.7333 0.7333 0.8000 0.8000
O 0.8000 0.7333 0.8667 0.8000
E 0.8667 0.7333 0.9333 0.8000
~ 0.9333 0.7333 1.0000 0.8000
T 0.0000 0.8000 0.0667 0.8667
O 0.0667 0.8000 0.1333 0.8667
M 0.1333 0.8000 0.2000 0.8667
A 0.2000 0.8000 0.2667 0.8667
N 0.2667 0.8000 0.3333 0.8667
~ 0.3333 0.8000 0.4000 0.8667
~ 0.4000 0.8000 0.4667 0.8667
~ 0.4667 0.8000 0.5333 0.8667
~ 0.5333 0.8000 0.6000 0.8667
T 0.6000 0.8000 0.6667 0.8667
~ 0.6667 0.8000 0.7333 0.8667
I 0.7333 0.8000 0.8000 0.8667
F 0.8000 0.8000 0.8667 0.8667
S 0.8667 0.8000 0.9333 0.8667
~ 0.9333 0.8000 1.0000 0.8667
~ 0.0000 0.8667 0.0667 0.9333
B 0.0667 0.8667 0.1333 0.9333
A 0.1333 0.8667 0.2000 0.9333
N 0.2000 0.8667 0.2667 0.9333
D 0.2667 0.8667 0.3333 0.9333
O 0.3333 0.8667 0.4000 0.9333
R 0.4000 0.8667 0.4667 0.9333
A 0.4667 0.8667 0.5333 0.9333
~ 0.5333 0.8667 0.6000 0.9333
I 0.6000 0.8667 0.6667 0.9333
~ 0.6667 0.8667 0.7333 0.9333
N 0.7333 0.8667 0.8000 0.9333
~ 0.8000 0.8667 0.8667 0.9333
~ 0.8667 0.8667 0.9333 0.9333
~ 0.9333 0.8667 1.0000 0.9333
V 0.0000 0.9333 0.0667 1.0000
A 0.0667 0.9333 0.1333 1.0000
W 0.1333 0.9333 0.2000 1.0000
~ 0.2000 0.9333 0.2667 1.0000
S 0.2667 0.9333 0.3333 1.0000
~ 0.3333 0.9333 0.4000 1.0000
~ 0.4000 0.9333 0.4667 1.0000
D 0.4667 0.9333 0.5333 1.0000
R 0.5333 0.9333 0.6000 1.0000
E 0.6000 0.9333 0.6667 1.0000
C 0.6667 0.9333 0.7333 1.0000
K 0.7333 0.9333 0.8000 1.0000
I 0.8000 0.9333 0.8667 1.0000
E 0.8667 0.9333 0.9333 1.0000
R 0.9333 0.9333 1.0000 1.0000
