~ 0.0000 0.0000 0.0667 0.0667
~ 0.0667 0.0000 0.1333 0.0667
~ 0.1333 0.0000 0.2000 0.0667
B 0.2000 0.0000 0.2667 0.0667
I 0.2667 0.0000 0.3333 0.0667
T 0.3333 0.0000 0.4000 0.0667
C 0.4000 0.0000 0.4667 0.0667
H 0.4667 0.0000 0.5333 0.0667
~ 0.5333 0.0000 0.6000 0.0667
~ 0.6000 0.0000 0.6667 0.0667
~ 0.6667 0.0000 0.7333 0.0667
~ 0.7333 0.0000 0.8000 0.0667
~ 0.8000 0.0000 0.8667 0.0667
~ 0.8667 0.0000 0.9333 0.0667
~ 0.9333 0.0000 1.0000 0.0667
J 0.0000 0.0667 0.0667 0.1333
U 0.0667 0.0667 0.1333 0.1333
T 0.1333 0.0667 0.2000 0.1333
E 0.2000 0.0667 0.2667 0.1333
~ 0.2667 0.0667 0.3333 0.1333
~ 0.3333 0.0667 0.4000 0.1333
~ 0.4000 0.0667 0.4667 0.1333
O 0.4667 0.0667 0.5333 0.1333
~ 0.5333 0.0667 0.6000 0.1333
~ 0.6000 0.0667 0.6667 0.1333
~ 0.6667 0.0667 0.7333 0.1333
~ 0.7333 0.0667 0.8000 0.1333
~ 0.8000 0.0667 0.8667 0.1333
~ 0.8667 0.0667 0.9333 0.1333
~ 0.9333 0.0667 1.0000 0.1333
~ 0.0000 0.1333 0.0667 0.2000
N 0.0667 0.1333 0.1333 0.2000
O 0.1333 0.1333 0.2000 0.2000
N 0.2000 0.1333 0.2667 0.2000
E 0.2667 0.1333 0.3333 0.2000
~ 0.3333 0.1333 0.4000 0.2000
A 0.4000 0.1333 0.4667 0.2000
P 0.4667 0.1333 0.5333 0.2000
O 0.5333 0.1333 0.6000 0.2000
~ 0.6000 0.1333 0.6667 0.2000
~ 0.6667 0.1333 0.7333 0.2000
~ 0.7333 0.1333 0.8000 0.2000
X 0.8000 0.1333 0.8667 0.2000
I 0.8667 0.1333 0.9333 0.2000
~ 0.9333 0.1333 1.0000 0.2000
C 0.0000 0.2000 0.0667 0.2667
~ 0.0667 0.2000 0.1333 0.2667
~ 0.1333 0.2000 0.2000 0.2667
~ 0.2000 0.2000 0.2667 0.2667
~ 0.2667 0.2000 0.3333 0.2667
~ 0.3333 0.2000 0.4000 0.2667
~ 0.4000 0.2000 0.4667 0.2667
~ 0.4667 0.2000 0.5333 0.2667
W 0.5333 0.2000 0.6000 0.2667
E 0.6000 0.2000 0.6667 0.2667
E 0.6667 0.2000 0.7333 0.2667
P 0.7333 0.2000 0.8000 0.2667
~ 0.8000 0.2000 0.8667 0.2667
N 0.8667 0.2000 0.9333 0.2667
G 0.9333 0.2000 1.0000 0.2667
O 0.0000 0.2667 0.0667 0.3333
~ 0.0667 0.2667 0.1333 0.3333
~ 0.1333 0.2667 0.2000 0.3333
~ 0.2000 0.2667 0.2667 0.3333
~ 0.2667 0.2667 0.3333 0.3333
~ 0.3333 0.2667 0.4000 0.3333
~ 0.4000 0.2667 0.4667 0.3333
~ 0.4667 0.2667 0.5333 0.3333
~ 0.5333 0.2667 0.6000 0.3333
~ 0.6000 0.2667 0.6667 0.3333
~ 0.6667 0.2667 0.7333 0.3333
I 0.7333 0.2667 0.8000 0.3333
~ 0.8000 0.2667 0.8667 0.3333
~ 0.8667 0.2667 0.9333 0.3333
U 0.9333 0.2667 1.0000 0.3333
I 0.0000 0.3333 0.0667 0.4000
~ 0.0667 0.3333 0.1333 0.4000
A 0.1333 0.3333 0.2000 0.4000
~ 0.2000 0.3333 0.2667 0.4000
N 0.2667 0.3333 0.3333 0.4000
U 0.3333 0.3333 0.4000 0.4000
~ 0.4000 0.3333 0.4667 0.4000
~ 0.4667 0.3333 0.5333 0.4000
~ 0.5333 0.3333 0.6000 0.4000
~ 0.6000 0.3333 0.6667 0.4000
W 0.6667 0.3333 0.7333 0.4000
E 0.7333 0.3333 0.8000 0.4000
~ 0.8000 0.3333 0.8667 0.4000
~ 0.8667 0.3333 0.9333 0.4000
A 0.9333 0.3333 1.0000 0.4000
L 0.0000 0.4000 0.0667 0.4667
~ 0.0667 0.4000 0.1333 0.4667
V 0.1333 0.4000 0.2000 0.4667
~ 0.2000 0.4000 0.2667 0.4667
I 0.2667 0.4000 0.3333 0.4667
~ 0.3333 0.4000 0.4000 0.4667
~ 0.4000 0.4000 0.4667 0.4667
~ 0.4667 0.4000 0.5333 0.4667
~ 0.5333 0.4000 0.6000 0.4667
~ 0.6000 0.4000 0.6667 0.4667
~ 0.6667 0.4000 0.7333 0.4667
T 0.7333 0.4000 0.8000 0.4667
~ 0.8000 0.4000 0.8667 0.4667
~ 0.8667 0.4000 0.9333 0.4667
V 0.9333 0.4000 1.0000 0.4667
S 0.0000 0.4667 0.0667 0.5333
H 0.0667 0.4667 0.1333 0.5333
A 0.1333 0.4667 0.2000 0.5333
F 0.2000 0.4667 0.2667 0.5333
T 0.2667 0.4667 0.3333 0.5333
~ 0.3333 0.4667 0.4000 0.5333
B 0.4000 0.4667 0.4667 0.5333
O 0.4667 0.4667 0.5333 0.5333
D 0.5333 0.4667 0.6000 0.5333
I 0.6000 0.4667 0.6667 0.5333
L 0.6667 0.4667 0.7333 0.5333
Y 0.7333 0.4667 0.8000 0.5333
~ 0.8000 0.4667 0.8667 0.5333
~ 0.8667 0.4667 0.9333 0.5333
A 0.9333 0.4667 1.0000 0.5333
~ 0.0000 0.5333 0.0667 0.6000
O 0.0667 0.5333 0.1333 0.6000
~ 0.1333 0.5333 0.2000 0.6000
~ 0.2000 0.5333 0.2667 0.6000
R 0.2667 0.5333 0.3333 0.6000
~ 0.3333 0.5333 0.4000 0.6000
E 0.4000 0.5333 0.4667 0.6000
F 0.4667 0.5333 0.5333 0.6000
~ 0.5333 0.5333 0.6000 0.6000
~ 0.6000 0.5333 0.6667 0.6000
~ 0.6667 0.5333 0.7333 0.6000
~ 0.7333 0.5333 0.8000 0.6000
N 0.8000 0.5333 0.8667 0.6000
~ 0.8667 0.5333 0.9333 0.6000
~ 0.9333 0.5333 1.0000 0.6000
~ 0.0000 0.6000 0.0667 0.6667
Y 0.0667 0.6000 0.1333 0.6667
~ 0.1333 0.6000 0.2000 0.6667
M 0.2000 0.6000 0.2667 0.6667
A 0.2667 0.6000 0.3333 0.6667
Z 0.3333 0.6000 0.4000 0.6667
E 0.4000 0.6000 0.4667 0.6667
~ 0.4667 0.6000 0.5333 0.6667
~ 0.5333 0.6000 0.6000 0.6667
~ 0.6000 0.6000 0.6667 0.6667
M 0.6667 0.6000 0.7333 0.6667
~ 0.7333 0.6000 0.8000 0.6667
O 0.8000 0.6000 0.8667 0.6667
~ 0.8667 0.6000 0.9333 0.6667
~ 0.9333 0.6000 1.0000 0.6667
~ 0.0000 0.6667 0.0667 0.7333
~ 0.0667 0.6667 0.1333 0.7333
~ 0.1333 0.6667 0.2000 0.7333
~ 0.2000 0.6667 0.2667 0.7333
T 0.2667 0.6667 0.3333 0.7333
~ 0.3333 0.6667 0.4000 0.7333
R 0.4000 0.6667 0.4667 0.7333
E 0.4667 0.6667 0.5333 0.7333
E 0.5333 0.6667 0.6000 0.7333
D 0.6000 0.6667 0.6667 0.7333
I 0.6667 0.6667 0.7333 0.7333
T 0.7333 0.6667 0.8000 0.7333
S 0.8000 0.6667 0.8667 0.7333
~ 0.8667 0.6667 0.9333 0.7333
~ 0.9333 0.6667 1.0000 0.7333
~ 0.0000 0.7333 0.0667 0.8000
~ 0.0667 0.7333 0.1333 0.8000
~ 0.1333 0.7333 0.2000 0.8000
~ 0.2000 0.7333 0.2667 0.8000
E 0.2667 0.7333 0.3333 0.8000
~ 0.3333 0.7333 0.4000 0.8000
~ 0.4000 0.7333 0.4667 0.8000
~ 0.4667 0.7333 0.5333 0.8000
L 0.5333 0.7333 0.6000 0.8000
~ 0.6000 0.7333 0.6667 0.8000
G 0.6667 0.7333 0.7333 0.8000
~ 0.7333 0.7333 0.8000 0.8000
E 0.8000 0.7333 0.8667 0.8000
~ 0.8667 0.7333 0.9333 0.8000
~ 0.9333 0.7333 1.0000 0.8000
~ 0.0000 0.8000 0.0667 0.8667
L 0.0667 0.8000 0.1333 0.8667
A 0.1333 0.8000 0.2000 0.8667
U 0.2000 0.8000 0.2667 0.8667
D 0.2667 0.8000 0.3333 0.8667
~ 0.3333 0.8000 0.4000 0.8667
Q 0.4000 0.8000 0.4667 0.8667
A 0.4667 0.8000 0.5333 0.8667
D 0.5333 0.8000 0.6000 0.8667
I 0.6000 0.8000 0.6667 0.8667
~ 0.6667 0.8000 0.7333 0.8667
~ 0.7333 0.8000 0.8000 0.8667
R 0.8000 0.8000 0.8667 0.8667
~ 0.8667 0.8000 0.9333 0.8667
~ 0.9333 0.8000 1.0000 0.8667
~ 0.0000 0.8667 0.0667 0.9333
~ 0.0667 0.8667 0.1333 0.9333
A 0.1333 0.8667 0.2000 0.9333
~ 0.2000 0.8667 0.2667 0.9333
~ 0.2667 0.8667 0.3333 0.9333
~ 0.3333 0.8667 0.4000 0.9333
~ 0.4000 0.8667 0.4667 0.9333
R 0.4667 0.8667 0.5333 0.9333
~ 0.5333 0.8667 0.6000 0.9333
~ 0.6000 0.8667 0.6667 0.9333
~ 0.6667 0.8667 0.7333 0.9333
~ 0.7333 0.8667 0.8000 0.9333
~ 0.8000 0.8667 0.8667 0.9333
~ 0.8667 0.8667 0.9333 0.9333
~ 0.9333 0.8667 1.0000 0.9333
G 0.0000 0.9333 0.0667 1.0000
O 0.0667 0.9333 0.1333 1.0000
S 0.1333 0.9333 0.2000 1.0000
~ 0.2000 0.9333 0.2667 1.0000
~ 0.2667 0.9333 0.3333 1.0000
~ 0.3333 0.9333 0.4000 1.0000
S 0.4000 0.9333 0.4667 1.0000
K 0.4667 0.9333 0.5333 1.0000
I 0.5333 0.9333 0.6000 1.0000
E 0.6000 0.9333 0.6667 1.0000
R 0.6667 0.9333 0.7333 1.0000
~ 0.7333 0.9333 0.8000 1.0000
~ 0.8000 0.9333 0.8667 1.0000
~ 0.8667 0.9333 0.9333 1.0000
~ 0.9333 0.9333 1.0000 1.0000
