~ 0.0000 0.0000 0.0667 0.0667
D 0.0667 0.0000 0.1333 0.0667
~ 0.1333 0.0000 0.2000 0.0667
W 0.2000 0.0000 0.2667 0.0667
~ 0.2667 0.0000 0.3333 0.0667
~ 0.3333 0.0000 0.4000 0.0667
~ 0.4000 0.0000 0.4667 0.0667
~ 0.4667 0.0000 0.5333 0.0667
~ 0.5333 0.0000 0.6000 0.0667
~ 0.6000 0.0000 0.6667 0.0667
~ 0.6667 0.0000 0.7333 0.0667
~ 0.7333 0.0000 0.8000 0.0667
~ 0.8000 0.0000 0.8667 0.0667
~ 0.8667 0.0000 0.9333 0.0667
~ 0.9333 0.0000 1.0000 0.0667
Q 0.0000 0.0667 0.0667 0.1333
I 0.0667 0.0667 0.1333 0.1333
~ 0.1333 0.0667 0.2000 0.1333
I 0.2000 0.0667 0.2667 0.1333
~ 0.2667 0.0667 0.3333 0.1333
U 0.3333 0.0667 0.4000 0.1333
~ 0.4000 0.0667 0.4667 0.1333
E 0.4667 0.0667 0.5333 0.1333
L 0.5333 0.0667 0.6000 0.1333
~ 0.6000 0.0667 0.6667 0.1333
~ 0.6667 0.0667 0.7333 0.1333
~ 0.7333 0.0667 0.8000 0.1333
~ 0.8000 0.0667 0.8667 0.1333
~ 0.8667 0.0667 0.9333 0.1333
~ 0.9333 0.0667 1.0000 0.1333
~ 0.0000 0.1333 0.0667 0.2000
S 0.0667 0.1333 0.1333 0.2000
O 0.1333 0.1333 0.2000 0.2000
N 0.2000 0.1333 0.2667 0.2000
A 0.2667 0.1333 0.3333 0.2000
T 0.3333 0.1333 0.4000 0.2000
I 0.4000 0.1333 0.4667 0.2000
N 0.4667 0.1333 0.5333 0.2000
E 0.5333 0.1333 0.6000 0.2000
~ 0.6000 0.1333 0.6667 0.2000
~ 0.6667 0.1333 0.7333 0.2000
~ 0.7333 0.1333 0.8000 0.2000
O 0.8000 0.1333 0.8667 0.2000
E 0.8667 0.1333 0.9333 0.2000
~ 0.9333 0.1333 1.0000 0.2000
~ 0.0000 0.2000 0.0667 0.2667
~ 0.0667 0.2000 0.1333 0.2667
A 0.1333 0.2000 0.2000 0.2667
G 0.2000 0.2000 0.2667 0.2667
~ 0.2667 0.2000 0.3333 0.2667
~ 0.3333 0.2000 0.4000 0.2667
~ 0.4000 0.2000 0.4667 0.2667
U 0.4667 0.2000 0.5333 0.2667
T 0.5333 0.2000 0.6000 0.2667
~ 0.6000 0.2000 0.6667 0.2667
G 0.6667 0.2000 0.7333 0.2667
O 0.7333 0.2000 0.8000 0.2667
R 0.8000 0.2000 0.8667 0.2667
M 0.8667 0.2000 0.9333 0.2667
S 0.9333 0.2000 1.0000 0.2667
~ 0.0000 0.2667 0.0667 0.3333
E 0.0667 0.2667 0.1333 0.3333
F 0.1333 0.2667 0.2000 0.3333
~ 0.2000 0.2667 0.2667 0.3333
~ 0.2667 0.2667 0.3333 0.3333
A 0.3333 0.2667 0.4000 0.3333
B 0.4000 0.2667 0.4667 0.3333
A 0.4667 0.2667 0.5333 0.3333
~ 0.5333 0.2667 0.6000 0.3333
~ 0.6000 0.2667 0.6667 0.3333
L 0.6667 0.2667 0.7333 0.3333
~ 0.7333 0.2667 0.8000 0.3333
I 0.8000 0.2667 0.8667 0.3333
~ 0.8667 0.2667 0.9333 0.3333
U 0.9333 0.2667 1.0000 0.3333
~ 0.0000 0.3333 0.0667 0.4000
N 0.0667 0.3333 0.1333 0.4000
~ 0.1333 0.3333 0.2000 0.4000
~ 0.2000 0.3333 0.2667 0.4000
~ 0.2667 0.3333 0.3333 0.4000
A 0.3333 0.3333 0.4000 0.4000
L 0.4000 0.3333 0.4667 0.4000
~ 0.4667 0.3333 0.5333 0.4000
~ 0.5333 0.3333 0.6000 0.4000
M 0.6000 0.3333 0.6667 0.4000
O 0.6667 0.3333 0.7333 0.4000
~ 0.7333 0.3333 0.8000 0.4000
~ 0.8000 0.3333 0.8667 0.4000
~ 0.8667 0.3333 0.9333 0.4000
N 0.9333 0.3333 1.0000 0.4000
~ 0.0000 0.4000 0.0667 0.4667
T 0.0667 0.4000 0.1333 0.4667
~ 0.1333 0.4000 0.2000 0.4667
~ 0.2000 0.4000 0.2667 0.4667
~ 0.2667 0.4000 0.3333 0.4667
~ 0.3333 0.4000 0.4000 0.4667
O 0.4000 0.4000 0.4667 0.4667
~ 0.4667 0.4000 0.5333 0.4667
~ 0.5333 0.4000 0.6000 0.4667
A 0.6000 0.4000 0.6667 0.4667
W 0.6667 0.4000 0.7333 0.4667
~ 0.7333 0.4000 0.8000 0.4667
~ 0.8000 0.4000 0.8667 0.4667
~ 0.8667 0.4000 0.9333 0.4667
~ 0.9333 0.4000 1.0000 0.4667
~ 0.0000 0.4667 0.0667 0.5333
~ 0.0667 0.4667 0.1333 0.5333
~ 0.1333 0.4667 0.2000 0.5333
~ 0.2000 0.4667 0.2667 0.5333
~ 0.2667 0.4667 0.3333 0.5333
~ 0.3333 0.4667 0.4000 0.5333
T 0.4000 0.4667 0.4667 0.5333
I 0.4667 0.4667 0.5333 0.5333
N 0.5333 0.4667 0.6000 0.5333
D 0.6000 0.4667 0.6667 0.5333
E 0.6667 0.4667 0.7333 0.5333
R 0.7333 0.4667 0.8000 0.5333
S 0.8000 0.4667 0.8667 0.5333
~ 0.8667 0.4667 0.9333 0.5333
I 0.9333 0.4667 1.0000 0.5333
~ 0.0000 0.5333 0.0667 0.6000
~ 0.0667 0.5333 0.1333 0.6000
~ 0.1333 0.5333 0.2000 0.6000
~ 0.2000 0.5333 0.2667 0.6000
V 0.2667 0.5333 0.3333 0.6000
~ 0.3333 0.5333 0.4000 0.6000
T 0.4000 0.5333 0.4667 0.6000
~ 0.4667 0.5333 0.5333 0.6000
~ 0.5333 0.5333 0.6000 0.6000
E 0.6000 0.5333 0.6667 0.6000
D 0.6667 0.5333 0.7333 0.6000
~ 0.7333 0.5333 0.8000 0.6000
T 0.8000 0.5333 0.8667 0.6000
~ 0.8667 0.5333 0.9333 0.6000
E 0.9333 0.5333 1.0000 0.6000
~ 0.0000 0.6000 0.0667 0.6667
~ 0.0667 0.6000 0.1333 0.6667
~ 0.1333 0.6000 0.2000 0.6667
~ 0.2000 0.6000 0.2667 0.6667
A 0.2667 0.6000 0.3333 0.6667
H 0.3333 0.6000 0.4000 0.6667
I 0.4000 0.6000 0.4667 0.6667
~ 0.4667 0.6000 0.5333 0.6667
C 0.5333 0.6000 0.6000 0.6667
~ 0.6000 0.6000 0.6667 0.6667
~ 0.6667 0.6000 0.7333 0.6667
~ 0.7333 0.6000 0.8000 0.6667
I 0.8000 0.6000 0.8667 0.6667
~ 0.8667 0.6000 0.9333 0.6667
R 0.9333 0.6000 1.0000 0.6667
~ 0.0000 0.6667 0.0667 0.7333
~ 0.0667 0.6667 0.1333 0.7333
~ 0.1333 0.6667 0.2000 0.7333
~ 0.2000 0.6667 0.2667 0.7333
R 0.2667 0.6667 0.3333 0.7333
O 0.3333 0.6667 0.4000 0.7333
E 0.4000 0.6667 0.4667 0.7333
~ 0.4667 0.6667 0.5333 0.7333
R 0.5333 0.6667 0.6000 0.7333
~ 0.6000 0.6667 0.6667 0.7333
~ 0.6667 0.6667 0.7333 0.7333
~ 0.7333 0.6667 0.8000 0.7333
C 0.8000 0.6667 0.8667 0.7333
~ 0.8667 0.6667 0.9333 0.7333
~ 0.9333 0.6667 1.0000 0.7333
~ 0.0000 0.7333 0.0667 0.8000
~ 0.0667 0.7333 0.1333 0.8000
~ 0.1333 0.7333 0.2000 0.8000
~ 0.2000 0.7333 0.2667 0.8000
~ 0.2667 0.7333 0.3333 0.8000
O 0.3333 0.7333 0.4000 0.8000
R 0.4000 0.7333 0.4667 0.8000
B 0.4667 0.7333 0.5333 0.8000
Y 0.5333 0.7333 0.6000 0.8000
~ 0.6000 0.7333 0.6667 0.8000
~ 0.6667 0.7333 0.7333 0.8000
~ 0.7333 0.7333 0.8000 0.8000
K 0.8000 0.7333 0.8667 0.8000
~ 0.8667 0.7333 0.9333 0.8000
N 0.9333 0.7333 1.0000 0.8000
~ 0.0000 0.8000 0.0667 0.8667
~ 0.0667 0.8000 0.1333 0.8667
~ 0.1333 0.8000 0.2000 0.8667
~ 0.2000 0.8000 0.2667 0.8667
~ 0.2667 0.8000 0.3333 0.8667
P 0.3333 0.8000 0.4000 0.8667
~ 0.4000 0.8000 0.4667 0.8667
E 0.4667 0.8000 0.5333 0.8667
~ 0.5333 0.8000 0.6000 0.8667
~ 0.6000 0.8000 0.6667 0.8667
~ 0.6667 0.8000 0.7333 0.8667
~ 0.7333 0.8000 0.8000 0.8667
L 0.8000 0.8000 0.8667 0.8667
~ 0.8667 0.8000 0.9333 0.8667
A 0.9333 0.8000 1.0000 0.8667
~ 0.0000 0.8667 0.0667 0.9333
~ 0.0667 0.8667 0.1333 0.9333
~ 0.1333 0.8667 0.2000 0.9333
~ 0.2000 0.8667 0.2667 0.9333
~ 0.2667 0.8667 0.3333 0.9333
S 0.3333 0.8667 0.4000 0.9333
U 0.4000 0.8667 0.4667 0.9333
E 0.4667 0.8667 0.5333 0.9333
~ 0.5333 0.8667 0.6000 0.9333
~ 0.6000 0.8667 0.6667 0.9333
~ 0.6667 0.8667 0.7333 0.9333
~ 0.7333 0.8667 0.8000 0.9333
E 0.8000 0.8667 0.8667 0.9333
~ 0.8667 0.8667 0.9333 0.9333
V 0.9333 0.8667 1.0000 0.9333
~ 0.0000 0.9333 0.0667 1.0000
~ 0.0667 0.9333 0.1333 1.0000
~ 0.1333 0.9333 0.2000 1.0000
~ 0.2000 0.9333 0.2667 1.0000
~ 0.2667 0.9333 0.3333 1.0000
~ 0.3333 0.9333 0.4000 1.0000
~ 0.4000 0.9333 0.4667 1.0000
F 0.4667 0.9333 0.5333 1.0000
~ 0.5333 0.9333 0.6000 1.0000
~ 0.6000 0.9333 0.6667 1.0000
~ 0.6667 0.9333 0.7333 1.0000
~ 0.7333 0.9333 0.8000 1.0000
D 0.8000 0.9333 0.8667 1.0000
E 0.8667 0.9333 0.9333 1.0000
Y 0.9333 0.9333 1.0000 1.0000
