~ 0.0000 0.0000 0.0667 0.0667
~ 0.0667 0.0000 0.1333 0.0667
~ 0.1333 0.0000 0.2000 0.0667
~ 0.2000 0.0000 0.2667 0.0667
V 0.2667 0.0000 0.3333 0.0667
~ 0.3333 0.0000 0.4000 0.0667
~ 0.4000 0.0000 0.4667 0.0667
D 0.4667 0.0000 0.5333 0.0667
~ 0.5333 0.0000 0.6000 0.0667
U 0.6000 0.0000 0.6667 0.0667
~ 0.6667 0.0000 0.7333 0.0667
D 0.7333 0.0000 0.8000 0.0667
~ 0.8000 0.0000 0.8667 0.0667
D 0.8667 0.0000 0.9333 0.0667
O 0.9333 0.0000 1.0000 0.0667
G 0.0000 0.0667 0.0667 0.1333
L 0.0667 0.0667 0.1333 0.1333
U 0.1333 0.0667 0.2000 0.1333
T 0.2000 0.0667 0.2667 0.1333
E 0.2667 0.0667 0.3333 0.1333
~ 0.3333 0.0667 0.4000 0.1333
Q 0.4000 0.0667 0.4667 0.1333
I 0.4667 0.0667 0.5333 0.1333
~ 0.5333 0.0667 0.6000 0.1333
T 0.6000 0.0667 0.6667 0.1333
W 0.6667 0.0667 0.7333 0.1333
I 0.7333 0.0667 0.8000 0.1333
N 0.8000 0.0667 0.8667 0.1333
E 0.8667 0.0667 0.9333 0.1333
D 0.9333 0.0667 1.0000 0.1333
~ 0.0000 0.1333 0.0667 0.2000
~ 0.0667 0.1333 0.1333 0.2000
N 0.1333 0.1333 0.2000 0.2000
I 0.2000 0.1333 0.2667 0.2000
T 0.2667 0.1333 0.3333 0.2000
~ 0.3333 0.1333 0.4000 0.2000
U 0.4000 0.1333 0.4667 0.2000
N 0.4667 0.1333 0.5333 0.2000
~ 0.5333 0.1333 0.6000 0.2000
~ 0.6000 0.1333 0.6667 0.2000
~ 0.6667 0.1333 0.7333 0.2000
K 0.7333 0.1333 0.8000 0.2000
A 0.8000 0.1333 0.8667 0.2000
~ 0.8667 0.1333 0.9333 0.2000
~ 0.9333 0.1333 1.0000 0.2000
~ 0.0000 0.2000 0.0667 0.2667
~ 0.0667 0.2000 0.1333 0.2667
~ 0.1333 0.2000 0.2000 0.2667
~ 0.2000 0.2000 0.2667 0.2667
C 0.2667 0.2000 0.3333 0.2667
L 0.3333 0.2000 0.4000 0.2667
A 0.4000 0.2000 0.4667 0.2667
G 0.4667 0.2000 0.5333 0.2667
~ 0.5333 0.2000 0.6000 0.2667
~ 0.6000 0.2000 0.6667 0.2667
~ 0.6667 0.2000 0.7333 0.2667
E 0.7333 0.2000 0.8000 0.2667
N 0.8000 0.2000 0.8667 0.2667
~ 0.8667 0.2000 0.9333 0.2667
~ 0.9333 0.2000 1.0000 0.2667
~ 0.0000 0.2667 0.0667 0.3333
L 0.0667 0.2667 0.1333 0.3333
I 0.1333 0.2667 0.2000 0.3333
T 0.2000 0.2667 0.2667 0.3333
H 0.2667 0.2667 0.3333 0.3333
E 0.3333 0.2667 0.4000 0.3333
~ 0.4000 0.2667 0.4667 0.3333
E 0.4667 0.2667 0.5333 0.3333
R 0.5333 0.2667 0.6000 0.3333
~ 0.6000 0.2667 0.6667 0.3333
B 0.6667 0.2667 0.7333 0.3333
Y 0.7333 0.2667 0.8000 0.3333
~ 0.8000 0.2667 0.8667 0.3333
~ 0.8667 0.2667 0.9333 0.3333
~ 0.9333 0.2667 1.0000 0.3333
~ 0.0000 0.3333 0.0667 0.4000
~ 0.0667 0.3333 0.1333 0.4000
~ 0.1333 0.3333 0.2000 0.4000
~ 0.2000 0.3333 0.2667 0.4000
~ 0.2667 0.3333 0.3333 0.4000
Z 0.3333 0.3333 0.4000 0.4000
~ 0.4000 0.3333 0.4667 0.4000
R 0.4667 0.3333 0.5333 0.4000
A 0.5333 0.3333 0.6000 0.4000
G 0.6000 0.3333 0.6667 0.4000
I 0.6667 0.3333 0.7333 0.4000
~ 0.7333 0.3333 0.8000 0.4000
M 0.8000 0.3333 0.8667 0.4000
U 0.8667 0.3333 0.9333 0.4000
T 0.9333 0.3333 1.0000 0.4000
~ 0.0000 0.4000 0.0667 0.4667
~ 0.0667 0.4000 0.1333 0.4667
~ 0.1333 0.4000 0.2000 0.4667
~ 0.2000 0.4000 0.2667 0.4667
C 0.2667 0.4000 0.3333 0.4667
~ 0.3333 0.4000 0.4000 0.4667
~ 0.4000 0.4000 0.4667 0.4667
~ 0.4667 0.4000 0.5333 0.4667
P 0.5333 0.4000 0.6000 0.4667
O 0.6000 0.4000 0.6667 0.4667
O 0.6667 0.4000 0.7333 0.4667
V 0.7333 0.4000 0.8000 0.4667
E 0.8000 0.4000 0.8667 0.4667
~ 0.8667 0.4000 0.9333 0.4667
~ 0.9333 0.4000 1.0000 0.4667
~ 0.0000 0.4667 0.0667 0.5333
~ 0.0667 0.4667 0.1333 0.5333
~ 0.1333 0.4667 0.2000 0.5333
F 0.2000 0.4667 0.2667 0.5333
O 0.2667 0.4667 0.3333 0.5333
A 0.3333 0.4667 0.4000 0.5333
~ 0.4000 0.4667 0.4667 0.5333
~ 0.4667 0.4667 0.5333 0.5333
E 0.5333 0.4667 0.6000 0.5333
R 0.6000 0.4667 0.6667 0.5333
~ 0.6667 0.4667 0.7333 0.5333
~ 0.7333 0.4667 0.8000 0.5333
T 0.8000 0.4667 0.8667 0.5333
A 0.8667 0.4667 0.9333 0.5333
J 0.9333 0.4667 1.0000 0.5333
~ 0.0000 0.5333 0.0667 0.6000
~ 0.0667 0.5333 0.1333 0.6000
~ 0.1333 0.5333 0.2000 0.6000
~ 0.2000 0.5333 0.2667 0.6000
O 0.2667 0.5333 0.3333 0.6000
~ 0.3333 0.5333 0.4000 0.6000
~ 0.4000 0.5333 0.4667 0.6000
~ 0.4667 0.5333 0.5333 0.6000
~ 0.5333 0.5333 0.6000 0.6000
~ 0.6000 0.5333 0.6667 0.6000
~ 0.6667 0.5333 0.7333 0.6000
~ 0.7333 0.5333 0.8000 0.6000
~ 0.8000 0.5333 0.8667 0.6000
P 0.8667 0.5333 0.9333 0.6000
~ 0.9333 0.5333 1.0000 0.6000
~ 0.0000 0.6000 0.0667 0.6667
~ 0.0667 0.6000 0.1333 0.6667
~ 0.1333 0.6000 0.2000 0.6667
~ 0.2000 0.6000 0.2667 0.6667
E 0.2667 0.6000 0.3333 0.6667
F 0.3333 0.6000 0.4000 0.6667
~ 0.4000 0.6000 0.4667 0.6667
N 0.4667 0.6000 0.5333 0.6667
O 0.5333 0.6000 0.6000 0.6667
B 0.6000 0.6000 0.6667 0.6667
~ 0.6667 0.6000 0.7333 0.6667
~ 0.7333 0.6000 0.8000 0.6667
~ 0.8000 0.6000 0.8667 0.6667
E 0.8667 0.6000 0.9333 0.6667
~ 0.9333 0.6000 1.0000 0.6667
~ 0.0000 0.6667 0.0667 0.7333
~ 0.0667 0.6667 0.1333 0.7333
~ 0.1333 0.6667 0.2000 0.7333
S 0.2000 0.6667 0.2667 0.7333
E 0.2667 0.6667 0.3333 0.7333
R 0.3333 0.6667 0.4000 0.7333
I 0.4000 0.6667 0.4667 0.7333
E 0.4667 0.6667 0.5333 0.7333
M 0.5333 0.6667 0.6000 0.7333
A 0.6000 0.6667 0.6667 0.7333
S 0.6667 0.6667 0.7333 0.7333
~ 0.7333 0.6667 0.8000 0.7333
~ 0.8000 0.6667 0.8667 0.7333
R 0.8667 0.6667 0.9333 0.7333
~ 0.9333 0.6667 1.0000 0.7333
~ 0.0000 0.7333 0.0667 0.8000
~ 0.0667 0.7333 0.1333 0.8000
~ 0.1333 0.7333 0.2000 0.8000
H 0.2000 0.7333 0.2667 0.8000
~ 0.2667 0.7333 0.3333 0.8000
Y 0.3333 0.7333 0.4000 0.8000
~ 0.4000 0.7333 0.4667 0.8000
~ 0.4667 0.7333 0.5333 0.8000
~ 0.5333 0.7333 0.6000 0.8000
~ 0.6000 0.7333 0.6667 0.8000
O 0.6667 0.7333 0.7333 0.8000
I 0.7333 0.7333 0.8000 0.8000
~ 0.8000 0.7333 0.8667 0.8000
I 0.8667 0.7333 0.9333 0.8000
~ 0.9333 0.7333 1.0000 0.8000
~ 0.0000 0.8000 0.0667 0.8667
L 0.0667 0.8000 0.1333 0.8667
A 0.1333 0.8000 0.2000 0.8667
W 0.2000 0.8000 0.2667 0.8667
N 0.2667 0.8000 0.3333 0.8667
~ 0.3333 0.8000 0.4000 0.8667
~ 0.4000 0.8000 0.4667 0.8667
~ 0.4667 0.8000 0.5333 0.8667
~ 0.5333 0.8000 0.6000 0.8667
~ 0.6000 0.8000 0.6667 0.8667
~ 0.6667 0.8000 0.7333 0.8667
~ 0.7333 0.8000 0.8000 0.8667
~ 0.8000 0.8000 0.8667 0.8667
E 0.8667 0.8000 0.9333 0.8667
~ 0.9333 0.8000 1.0000 0.8667
~ 0.0000 0.8667 0.0667 0.9333
O 0.0667 0.8667 0.1333 0.9333
~ 0.1333 0.8667 0.2000 0.9333
A 0.2000 0.8667 0.2667 0.9333
~ 0.2667 0.8667 0.3333 0.9333
~ 0.3333 0.8667 0.4000 0.9333
~ 0.4000 0.8667 0.4667 0.9333
~ 0.4667 0.8667 0.5333 0.9333
~ 0.5333 0.8667 0.6000 0.9333
~ 0.6000 0.8667 0.6667 0.9333
~ 0.6667 0.8667 0.7333 0.9333
~ 0.7333 0.8667 0.8000 0.9333
~ 0.8000 0.8667 0.8667 0.9333
S 0.8667 0.8667 0.9333 0.9333
~ 0.9333 0.8667 1.0000 0.9333
A 0.0000 0.9333 0.0667 1.0000
X 0.0667 0.9333 0.1333 1.0000
I 0.1333 0.9333 0.2000 1.0000
S 0.2000 0.9333 0.2667 1.0000
~ 0.2667 0.9333 0.3333 1.0000
~ 0.3333 0.9333 0.4000 1.0000
~ 0.4000 0.9333 0.4667 1.0000
~ 0.4667 0.9333 0.5333 1.0000
~ 0.5333 0.9333 0.6000 1.0000
~ 0.6000 0.9333 0.6667 1.0000
~ 0.6667 0.9333 0.7333 1.0000
~ 0.7333 0.9333 0.8000 1.0000
~ 0.8000 0.9333 0.8667 1.0000
~ 0.8667 0.9333 0.9333 1.0000
~ 0.9333 0.9333 1.0000 1.0000
