~ 0.0000 0.0000 0.0667 0.0667
~ 0.0667 0.0000 0.1333 0.0667
~ 0.1333 0.0000 0.2000 0.0667
~ 0.2000 0.0000 0.2667 0.0667
~ 0.2667 0.0000 0.3333 0.0667
~ 0.3333 0.0000 0.4000 0.0667
~ 0.4000 0.0000 0.4667 0.0667
~ 0.4667 0.0000 0.5333 0.0667
~ 0.5333 0.0000 0.6000 0.0667
~ 0.6000 0.0000 0.6667 0.0667
~ 0.6667 0.0000 0.7333 0.0667
~ 0.7333 0.0000 0.8000 0.0667
S 0.8000 0.0000 0.8667 0.0667
U 0.8667 0.0000 0.9333 0.0667
Q 0.9333 0.0000 1.0000 0.0667
~ 0.0000 0.0667 0.0667 0.1333
~ 0.0667 0.0667 0.1333 0.1333
~ 0.1333 0.0667 0.2000 0.1333
~ 0.2000 0.0667 0.2667 0.1333
~ 0.2667 0.0667 0.3333 0.1333
~ 0.3333 0.0667 0.4000 0.1333
~ 0.4000 0.0667 0.4667 0.1333
~ 0.4667 0.0667 0.5333 0.1333
~ 0.5333 0.0667 0.6000 0.1333
~ 0.6000 0.0667 0.6667 0.1333
~ 0.6667 0.0667 0.7333 0.1333
E 0.7333 0.0667 0.8000 0.1333
H 0.8000 0.0667 0.8667 0.1333
~ 0.8667 0.0667 0.9333 0.1333
~ 0.9333 0.0667 1.0000 0.1333
B 0.0000 0.1333 0.0667 0.2000
~ 0.0667 0.1333 0.1333 0.2000
~ 0.1333 0.1333 0.2000 0.2000
~ 0.2000 0.1333 0.2667 0.2000
~ 0.2667 0.1333 0.3333 0.2000
~ 0.3333 0.1333 0.4000 0.2000
~ 0.4000 0.1333 0.4667 0.2000
~ 0.4667 0.1333 0.5333 0.2000
~ 0.5333 0.1333 0.6000 0.2000
~ 0.6000 0.1333 0.6667 0.2000
~ 0.6667 0.1333 0.7333 0.2000
D 0.7333 0.1333 0.8000 0.2000
O 0.8000 0.1333 0.8667 0.2000
L 0.8667 0.1333 0.9333 0.2000
~ 0.9333 0.1333 1.0000 0.2000
E 0.0000 0.2000 0.0667 0.2667
~ 0.0667 0.2000 0.1333 0.2667
~ 0.1333 0.2000 0.2000 0.2667
~ 0.2000 0.2000 0.2667 0.2667
~ 0.2667 0.2000 0.3333 0.2667
~ 0.3333 0.2000 0.4000 0.2667
~ 0.4000 0.2000 0.4667 0.2667
~ 0.4667 0.2000 0.5333 0.2667
~ 0.5333 0.2000 0.6000 0.2667
~ 0.6000 0.2000 0.6667 0.2667
R 0.6667 0.2000 0.7333 0.2667
~ 0.7333 0.2000 0.8000 0.2667
N 0.8000 0.2000 0.8667 0.2667
A 0.8667 0.2000 0.9333 0.2667
~ 0.9333 0.2000 1.0000 0.2667
Y 0.0000 0.2667 0.0667 0.3333
~ 0.0667 0.2667 0.1333 0.3333
~ 0.1333 0.2667 0.2000 0.3333
~ 0.2000 0.2667 0.2667 0.3333
~ 0.2667 0.2667 0.3333 0.3333
~ 0.3333 0.2667 0.4000 0.3333
~ 0.4000 0.2667 0.4667 0.3333
~ 0.4667 0.2667 0.5333 0.3333
~ 0.5333 0.2667 0.6000 0.3333
T 0.6000 0.2667 0.6667 0.3333
A 0.6667 0.2667 0.7333 0.3333
M 0.7333 0.2667 0.8000 0.3333
E 0.8000 0.2667 0.8667 0.3333
~ 0.8667 0.2667 0.9333 0.3333
W 0.9333 0.2667 1.0000 0.3333
O 0.0000 0.3333 0.0667 0.4000
V 0.0667 0.3333 0.1333 0.4000
A 0.1333 0.3333 0.2000 0.4000
G 0.2000 0.3333 0.2667 0.4000
~ 0.2667 0.3333 0.3333 0.4000
~ 0.3333 0.3333 0.4000 0.4000
~ 0.4000 0.3333 0.4667 0.4000
P 0.4667 0.3333 0.5333 0.4000
~ 0.5333 0.3333 0.6000 0.4000
A 0.6000 0.3333 0.6667 0.4000
X 0.6667 0.3333 0.7333 0.4000
E 0.7333 0.3333 0.8000 0.4000
~ 0.8000 0.3333 0.8667 0.4000
Z 0.8667 0.3333 0.9333 0.4000
A 0.9333 0.3333 1.0000 0.4000
N 0.0000 0.4000 0.0667 0.4667
~ 0.0667 0.4000 0.1333 0.4667
J 0.1333 0.4000 0.2000 0.4667
~ 0.2000 0.4000 0.2667 0.4667
~ 0.2667 0.4000 0.3333 0.4667
~ 0.3333 0.4000 0.4000 0.4667
F 0.4000 0.4000 0.4667 0.4667
O 0.4667 0.4000 0.5333 0.4667
U 0.5333 0.4000 0.6000 0.4667
R 0.6000 0.4000 0.6667 0.4667
~ 0.6667 0.4000 0.7333 0.4667
R 0.7333 0.4000 0.8000 0.4667
~ 0.8000 0.4000 0.8667 0.4667
I 0.8667 0.4000 0.9333 0.4667
N 0.9333 0.4000 1.0000 0.4667
D 0.0000 0.4667 0.0667 0.5333
~ 0.0667 0.4667 0.1333 0.5333
A 0.1333 0.4667 0.2000 0.5333
G 0.2000 0.4667 0.2667 0.5333
O 0.2667 0.4667 0.3333 0.5333
~ 0.3333 0.4667 0.4000 0.5333
O 0.4000 0.4667 0.4667 0.5333
I 0.4667 0.4667 0.5333 0.5333
~ 0.5333 0.4667 0.6000 0.5333
~ 0.6000 0.4667 0.6667 0.5333
~ 0.6667 0.4667 0.7333 0.5333
C 0.7333 0.4667 0.8000 0.5333
E 0.8000 0.4667 0.8667 0.5333
N 0.8667 0.4667 0.9333 0.5333
T 0.9333 0.4667 1.0000 0.5333
~ 0.0000 0.5333 0.0667 0.6000
A 0.0667 0.5333 0.1333 0.6000
R 0.1333 0.5333 0.2000 0.6000
~ 0.2000 0.5333 0.2667 0.6000
N 0.2667 0.5333 0.3333 0.6000
A 0.3333 0.5333 0.4000 0.6000
G 0.4000 0.5333 0.4667 0.6000
~ 0.4667 0.5333 0.5333 0.6000
~ 0.5333 0.5333 0.6000 0.6000
~ 0.6000 0.5333 0.6667 0.6000
W 0.6667 0.5333 0.7333 0.6000
I 0.7333 0.5333 0.8000 0.6000
F 0.8000 0.5333 0.8667 0.6000
E 0.8667 0.5333 0.9333 0.6000
~ 0.9333 0.5333 1.0000 0.6000
~ 0.0000 0.6000 0.0667 0.6667
I 0.0667 0.6000 0.1333 0.6667
~ 0.1333 0.6000 0.2000 0.6667
P 0.2000 0.6000 0.2667 0.6667
O 0.2667 0.6000 0.3333 0.6667
I 0.3333 0.6000 0.4000 0.6667
~ 0.4000 0.6000 0.4667 0.6667
E 0.4667 0.6000 0.5333 0.6667
V 0.5333 0.6000 0.6000 0.6667
E 0.6000 0.6000 0.6667 0.6667
~ 0.6667 0.6000 0.7333 0.6667
~ 0.7333 0.6000 0.8000 0.6667
~ 0.8000 0.6000 0.8667 0.6667
~ 0.8667 0.6000 0.9333 0.6667
~ 0.9333 0.6000 1.0000 0.6667
~ 0.0000 0.6667 0.0667 0.7333
D 0.0667 0.6667 0.1333 0.7333
U 0.1333 0.6667 0.2000 0.7333
I 0.2000 0.6667 0.2667 0.7333
~ 0.2667 0.6667 0.3333 0.7333
T 0.3333 0.6667 0.4000 0.7333
I 0.4000 0.6667 0.4667 0.7333
R 0.4667 0.6667 0.5333 0.7333
E 0.5333 0.6667 0.6000 0.7333
L 0.6000 0.6667 0.6667 0.7333
E 0.6667 0.6667 0.7333 0.7333
S 0.7333 0.6667 0.8000 0.7333
S 0.8000 0.6667 0.8667 0.7333
~ 0.8667 0.6667 0.9333 0.7333
~ 0.9333 0.6667 1.0000 0.7333
~ 0.0000 0.7333 0.0667 0.8000
S 0.0667 0.7333 0.1333 0.8000
~ 0.1333 0.7333 0.2000 0.8000
T 0.2000 0.7333 0.2667 0.8000
~ 0.2667 0.7333 0.3333 0.8000
~ 0.3333 0.7333 0.4000 0.8000
~ 0.4000 0.7333 0.4667 0.8000
~ 0.4667 0.7333 0.5333 0.8000
R 0.5333 0.7333 0.6000 0.8000
~ 0.6000 0.7333 0.6667 0.8000
~ 0.6667 0.7333 0.7333 0.8000
~ 0.7333 0.7333 0.8000 0.8000
~ 0.8000 0.7333 0.8667 0.8000
~ 0.8667 0.7333 0.9333 0.8000
~ 0.9333 0.7333 1.0000 0.8000
~ 0.0000 0.8000 0.0667 0.8667
~ 0.0667 0.8000 0.1333 0.8667
C 0.1333 0.8000 0.2000 0.8667
H 0.2000 0.8000 0.2667 0.8667
I 0.2667 0.8000 0.3333 0.8667
L 0.3333 0.8000 0.4000 0.8667
D 0.4000 0.8000 0.4667 0.8667
~ 0.4667 0.8000 0.5333 0.8667
B 0.5333 0.8000 0.6000 0.8667
U 0.6000 0.8000 0.6667 0.8667
T 0.6667 0.8000 0.7333 0.8667
Y 0.7333 0.8000 0.8000 0.8667
L 0.8000 0.8000 0.8667 0.8667
~ 0.8667 0.8000 0.9333 0.8667
~ 0.9333 0.8000 1.0000 0.8667
~ 0.0000 0.8667 0.0667 0.9333
~ 0.0667 0.8667 0.1333 0.9333
~ 0.1333 0.8667 0.2000 0.9333
~ 0.2000 0.8667 0.2667 0.9333
~ 0.2667 0.8667 0.3333 0.9333
~ 0.3333 0.8667 0.4000 0.9333
~ 0.4000 0.8667 0.4667 0.9333
~ 0.4667 0.8667 0.5333 0.9333
~ 0.5333 0.8667 0.6000 0.9333
M 0.6000 0.8667 0.6667 0.9333
O 0.6667 0.8667 0.7333 0.9333
O 0.7333 0.8667 0.8000 0.9333
~ 0.8000 0.8667 0.8667 0.9333
~ 0.8667 0.8667 0.9333 0.9333
~ 0.9333 0.8667 1.0000 0.9333
~ 0.0000 0.9333 0.0667 1.0000
~ 0.0667 0.9333 0.1333 1.0000
~ 0.1333 0.9333 0.2000 1.0000
~ 0.2000 0.9333 0.2667 1.0000
~ 0.2667 0.9333 0.3333 1.0000
~ 0.3333 0.9333 0.4000 1.0000
~ 0.4000 0.9333 0.4667 1.0000
~ 0.4667 0.9333 0.5333 1.0000
~ 0.5333 0.9333 0.6000 1.0000
~ 0.6000 0.9333 0.6667 1.0000
~ 0.6667 0.9333 0.7333 1.0000
K 0.7333 0.9333 0.8000 1.0000
N 0.8000 0.9333 0.8667 1.0000
I 0.8667 0.9333 0.9333 1.0000
~ 0.9333 0.9333 1.0000 1.0000
