C 0.0000 0.0000 0.0667 0.0667
L 0.0667 0.0000 0.1333 0.0667
O 0.1333 0.0000 0.2000 0.0667
G 0.2000 0.0000 0.2667 0.0667
~ 0.2667 0.0000 0.3333 0.0667
~ 0.3333 0.0000 0.4000 0.0667
A 0.4000 0.0000 0.4667 0.0667
E 0.4667 0.0000 0.5333 0.0667
C 0.5333 0.0000 0.6000 0.0667
I 0.6000 0.0000 0.6667 0.0667
A 0.6667 0.0000 0.7333 0.0667
~ 0.7333 0.0000 0.8000 0.0667
~ 0.8000 0.0000 0.8667 0.0667
~ 0.8667 0.0000 0.9333 0.0667
~ 0.9333 0.0000 1.0000 0.0667
~ 0.0000 0.0667 0.0667 0.1333
~ 0.0667 0.0667 0.1333 0.1333
~ 0.1333 0.0667 0.2000 0.1333
A 0.2000 0.0667 0.2667 0.1333
B 0.2667 0.0667 0.3333 0.1333
Y 0.3333 0.0667 0.4000 0.1333
~ 0.4000 0.0667 0.4667 0.1333
~ 0.4667 0.0667 0.5333 0.1333
O 0.5333 0.0667 0.6000 0.1333
D 0.6000 0.0667 0.6667 0.1333
E 0.6667 0.0667 0.7333 0.1333
A 0.7333 0.0667 0.8000 0.1333
~ 0.8000 0.0667 0.8667 0.1333
~ 0.8667 0.0667 0.9333 0.1333
~ 0.9333 0.0667 1.0000 0.1333
~ 0.0000 0.1333 0.0667 0.2000
~ 0.0667 0.1333 0.1333 0.2000
P 0.1333 0.1333 0.2000 0.2000
I 0.2000 0.1333 0.2667 0.2000
R 0.2667 0.1333 0.3333 0.2000
O 0.3333 0.1333 0.4000 0.2000
G 0.4000 0.1333 0.4667 0.2000
E 0.4667 0.1333 0.5333 0.2000
N 0.5333 0.1333 0.6000 0.2000
~ 0.6000 0.1333 0.6667 0.2000
~ 0.6667 0.1333 0.7333 0.2000
~ 0.7333 0.1333 0.8000 0.2000
T 0.8000 0.1333 0.8667 0.2000
~ 0.8667 0.1333 0.9333 0.2000
~ 0.9333 0.1333 1.0000 0.2000
~ 0.0000 0.2000 0.0667 0.2667
~ 0.0667 0.2000 0.1333 0.2667
~ 0.1333 0.2000 0.2000 0.2667
T 0.2000 0.2000 0.2667 0.2667
I 0.2667 0.2000 0.3333 0.2667
N 0.3333 0.2000 0.4000 0.2667
~ 0.4000 0.2000 0.4667 0.2667
~ 0.4667 0.2000 0.5333 0.2667
~ 0.5333 0.2000 0.6000 0.2667
~ 0.6000 0.2000 0.6667 0.2667
~ 0.6667 0.2000 0.7333 0.2667
B 0.7333 0.2000 0.8000 0.2667
I 0.8000 0.2000 0.8667 0.2667
~ 0.8667 0.2000 0.9333 0.2667
~ 0.9333 0.2000 1.0000 0.2667
~ 0.0000 0.2667 0.0667 0.3333
~ 0.0667 0.2667 0.1333 0.3333
I 0.1333 0.2667 0.2000 0.3333
~ 0.2000 0.2667 0.2667 0.3333
T 0.2667 0.2667 0.3333 0.3333
~ 0.3333 0.2667 0.4000 0.3333
~ 0.4000 0.2667 0.4667 0.3333
J 0.4667 0.2667 0.5333 0.3333
~ 0.5333 0.2667 0.6000 0.3333
~ 0.6000 0.2667 0.6667 0.3333
Y 0.6667 0.2667 0.7333 0.3333
E 0.7333 0.2667 0.8000 0.3333
P 0.8000 0.2667 0.8667 0.3333
~ 0.8667 0.2667 0.9333 0.3333
~ 0.9333 0.2667 1.0000 0.3333
~ 0.0000 0.3333 0.0667 0.4000
~ 0.0667 0.3333 0.1333 0.4000
F 0.1333 0.3333 0.2000 0.4000
U 0.2000 0.3333 0.2667 0.4000
T 0.2667 0.3333 0.3333 0.4000
Z 0.3333 0.3333 0.4000 0.4000
~ 0.4000 0.3333 0.4667 0.4000
A 0.4667 0.3333 0.5333 0.4000
~ 0.5333 0.3333 0.6000 0.4000
K 0.6000 0.3333 0.6667 0.4000
I 0.6667 0.3333 0.7333 0.4000
N 0.7333 0.3333 0.8000 0.4000
S 0.8000 0.3333 0.8667 0.4000
~ 0.8667 0.3333 0.9333 0.4000
~ 0.9333 0.3333 1.0000 0.4000
~ 0.0000 0.4000 0.0667 0.4667
~ 0.0667 0.4000 0.1333 0.4667
~ 0.1333 0.4000 0.2000 0.4667
~ 0.2000 0.4000 0.2667 0.4667
~ 0.2667 0.4000 0.3333 0.4667
O 0.3333 0.4000 0.4000 0.4667
~ 0.4000 0.4000 0.4667 0.4667
R 0.4667 0.4000 0.5333 0.4667
~ 0.5333 0.4000 0.6000 0.4667
A 0.6000 0.4000 0.6667 0.4667
D 0.6667 0.4000 0.7333 0.4667
~ 0.7333 0.4000 0.8000 0.4667
~ 0.8000 0.4000 0.8667 0.4667
~ 0.8667 0.4000 0.9333 0.4667
~ 0.9333 0.4000 1.0000 0.4667
N 0.0000 0.4667 0.0667 0.5333
~ 0.0667 0.4667 0.1333 0.5333
~ 0.1333 0.4667 0.2000 0.5333
~ 0.2000 0.4667 0.2667 0.5333
~ 0.2667 0.4667 0.3333 0.5333
A 0.3333 0.4667 0.4000 0.5333
V 0.4000 0.4667 0.4667 0.5333
O 0.4667 0.4667 0.5333 0.5333
W 0.5333 0.4667 0.6000 0.5333
S 0.6000 0.4667 0.6667 0.5333
~ 0.6667 0.4667 0.7333 0.5333
~ 0.7333 0.4667 0.8000 0.5333
~ 0.8000 0.4667 0.8667 0.5333
~ 0.8667 0.4667 0.9333 0.5333
~ 0.9333 0.4667 1.0000 0.5333
E 0.0000 0.5333 0.0667 0.6000
~ 0.0667 0.5333 0.1333 0.6000
~ 0.1333 0.5333 0.2000 0.6000
~ 0.2000 0.5333 0.2667 0.6000
~ 0.2667 0.5333 0.3333 0.6000
~ 0.3333 0.5333 0.4000 0.6000
~ 0.4000 0.5333 0.4667 0.6000
~ 0.4667 0.5333 0.5333 0.6000
~ 0.5333 0.5333 0.6000 0.6000
~ 0.6000 0.5333 0.6667 0.6000
~ 0.6667 0.5333 0.7333 0.6000
~ 0.7333 0.5333 0.8000 0.6000
~ 0.8000 0.5333 0.8667 0.6000
~ 0.8667 0.5333 0.9333 0.6000
~ 0.9333 0.5333 1.0000 0.6000
U 0.0000 0.6000 0.0667 0.6667
H 0.0667 0.6000 0.1333 0.6667
~ 0.1333 0.6000 0.2000 0.6667
~ 0.2000 0.6000 0.2667 0.6667
~ 0.2667 0.6000 0.3333 0.6667
~ 0.3333 0.6000 0.4000 0.6667
~ 0.4000 0.6000 0.4667 0.6667
~ 0.4667 0.6000 0.5333 0.6667
~ 0.5333 0.6000 0.6000 0.6667
~ 0.6000 0.6000 0.6667 0.6667
~ 0.6667 0.6000 0.7333 0.6667
~ 0.7333 0.6000 0.8000 0.6667
~ 0.8000 0.6000 0.8667 0.6667
~ 0.8667 0.6000 0.9333 0.6667
~ 0.9333 0.6000 1.0000 0.6667
M 0.0000 0.6667 0.0667 0.7333
A 0.0667 0.6667 0.1333 0.7333
~ 0.1333 0.6667 0.2000 0.7333
~ 0.2000 0.6667 0.2667 0.7333
Q 0.2667 0.6667 0.3333 0.7333
U 0.3333 0.6667 0.4000 0.7333
I 0.4000 0.6667 0.4667 0.7333
T 0.4667 0.6667 0.5333 0.7333
E 0.5333 0.6667 0.6000 0.7333
~ 0.6000 0.6667 0.6667 0.7333
H 0.6667 0.6667 0.7333 0.7333
O 0.7333 0.6667 0.8000 0.7333
L 0.8000 0.6667 0.8667 0.7333
T 0.8667 0.6667 0.9333 0.7333
~ 0.9333 0.6667 1.0000 0.7333
~ 0.0000 0.7333 0.0667 0.8000
U 0.0667 0.7333 0.1333 0.8000
N 0.1333 0.7333 0.2000 0.8000
A 0.2000 0.7333 0.2667 0.8000
I 0.2667 0.7333 0.3333 0.8000
~ 0.3333 0.7333 0.4000 0.8000
~ 0.4000 0.7333 0.4667 0.8000
E 0.4667 0.7333 0.5333 0.8000
N 0.5333 0.7333 0.6000 0.8000
D 0.6000 0.7333 0.6667 0.8000
O 0.6667 0.7333 0.7333 0.8000
W 0.7333 0.7333 0.8000 0.8000
~ 0.8000 0.7333 0.8667 0.8000
~ 0.8667 0.7333 0.9333 0.8000
~ 0.9333 0.7333 1.0000 0.8000
~ 0.0000 0.8000 0.0667 0.8667
L 0.0667 0.8000 0.1333 0.8667
E 0.1333 0.8000 0.2000 0.8667
I 0.2000 0.8000 0.2667 0.8667
~ 0.2667 0.8000 0.3333 0.8667
~ 0.3333 0.8000 0.4000 0.8667
~ 0.4000 0.8000 0.4667 0.8667
~ 0.4667 0.8000 0.5333 0.8667
S 0.5333 0.8000 0.6000 0.8667
E 0.6000 0.8000 0.6667 0.8667
R 0.6667 0.8000 0.7333 0.8667
E 0.7333 0.8000 0.8000 0.8667
R 0.8000 0.8000 0.8667 0.8667
~ 0.8667 0.8000 0.9333 0.8667
~ 0.9333 0.8000 1.0000 0.8667
O 0.0000 0.8667 0.0667 0.9333
M 0.0667 0.8667 0.1333 0.9333
~ 0.1333 0.8667 0.2000 0.9333
~ 0.2000 0.8667 0.2667 0.9333
~ 0.2667 0.8667 0.3333 0.9333
~ 0.3333 0.8667 0.4000 0.9333
~ 0.4000 0.8667 0.4667 0.9333
~ 0.4667 0.8667 0.5333 0.9333
~ 0.5333 0.8667 0.6000 0.9333
F 0.6000 0.8667 0.6667 0.9333
~ 0.6667 0.8667 0.7333 0.9333
E 0.7333 0.8667 0.8000 0.9333
R 0.8000 0.8667 0.8667 0.9333
~ 0.8667 0.8667 0.9333 0.9333
~ 0.9333 0.8667 1.0000 0.9333
X 0.0000 0.9333 0.0667 1.0000
~ 0.0667 0.9333 0.1333 1.0000
~ 0.1333 0.9333 0.2000 1.0000
~ 0.2000 0.9333 0.2667 1.0000
~ 0.2667 0.9333 0.3333 1.0000
~ 0.3333 0.9333 0.4000 1.0000
~ 0.4000 0.9333 0.4667 1.0000
~ 0.4667 0.9333 0.5333 1.0000
~ 0.5333 0.9333 0.6000 1.0000
~ 0.6000 0.9333 0.6667 1.0000
L 0.6667 0.9333 0.7333 1.0000
~ 0.7333 0.9333 0.8000 1.0000
V 0.8000 0.9333 0.8667 1.0000
E 0.8667 0.9333 0.9333 1.0000
G 0.9333 0.9333 1.0000 1.0000
