R 0.0000 0.0000 0.0667 0.0667
~ 0.0667 0.0000 0.1333 0.0667
~ 0.1333 0.0000 0.2000 0.0667
~ 0.2000 0.0000 0.2667 0.0667
~ 0.2667 0.0000 0.3333 0.0667
~ 0.3333 0.0000 0.4000 0.0667
~ 0.4000 0.0000 0.4667 0.0667
~ 0.4667 0.0000 0.5333 0.0667
~ 0.5333 0.0000 0.6000 0.0667
~ 0.6000 0.0000 0.6667 0.0667
~ 0.6667 0.0000 0.7333 0.0667
~ 0.7333 0.0000 0.8000 0.0667
~ 0.8000 0.0000 0.8667 0.0667
~ 0.8667 0.0000 0.9333 0.0667
F 0.9333 0.0000 1.0000 0.0667
O 0.0000 0.0667 0.0667 0.1333
~ 0.0667 0.0667 0.1333 0.1333
~ 0.1333 0.0667 0.2000 0.1333
~ 0.2000 0.0667 0.2667 0.1333
~ 0.2667 0.0667 0.3333 0.1333
~ 0.3333 0.0667 0.4000 0.1333
~ 0.4000 0.0667 0.4667 0.1333
~ 0.4667 0.0667 0.5333 0.1333
~ 0.5333 0.0667 0.6000 0.1333
~ 0.6000 0.0667 0.6667 0.1333
~ 0.6667 0.0667 0.7333 0.1333
~ 0.7333 0.0667 0.8000 0.1333
~ 0.8000 0.0667 0.8667 0.1333
Z 0.8667 0.0667 0.9333 0.1333
A 0.9333 0.0667 1.0000 0.1333
U 0.0000 0.1333 0.0667 0.2000
~ 0.0667 0.1333 0.1333 0.2000
R 0.1333 0.1333 0.2000 0.2000
I 0.2000 0.1333 0.2667 0.2000
D 0.2667 0.1333 0.3333 0.2000
G 0.3333 0.1333 0.4000 0.2000
Y 0.4000 0.1333 0.4667 0.2000
~ 0.4667 0.1333 0.5333 0.2000
~ 0.5333 0.1333 0.6000 0.2000
~ 0.6000 0.1333 0.6667 0.2000
V 0.6667 0.1333 0.7333 0.2000
~ 0.7333 0.1333 0.8000 0.2000
W 0.8000 0.1333 0.8667 0.2000
E 0.8667 0.1333 0.9333 0.2000
~ 0.9333 0.1333 1.0000 0.2000
L 0.0000 0.2000 0.0667 0.2667
~ 0.0667 0.2000 0.1333 0.2667
~ 0.1333 0.2000 0.2000 0.2667
~ 0.2000 0.2000 0.2667 0.2667
~ 0.2667 0.2000 0.3333 0.2667
~ 0.3333 0.2000 0.4000 0.2667
E 0.4000 0.2000 0.4667 0.2667
B 0.4667 0.2000 0.5333 0.2667
O 0.5333 0.2000 0.6000 0.2667
N 0.6000 0.2000 0.6667 0.2667
I 0.6667 0.2000 0.7333 0.2667
T 0.7333 0.2000 0.8000 0.2667
E 0.8000 0.2000 0.8667 0.2667
S 0.8667 0.2000 0.9333 0.2667
~ 0.9333 0.2000 1.0000 0.2667
A 0.0000 0.2667 0.0667 0.3333
C 0.0667 0.2667 0.1333 0.3333
H 0.1333 0.2667 0.2000 0.3333
I 0.2000 0.2667 0.2667 0.3333
E 0.2667 0.2667 0.3333 0.3333
S 0.3333 0.2667 0.4000 0.3333
T 0.4000 0.2667 0.4667 0.3333
~ 0.4667 0.2667 0.5333 0.3333
U 0.5333 0.2667 0.6000 0.3333
~ 0.6000 0.2667 0.6667 0.3333
N 0.6667 0.2667 0.7333 0.3333
~ 0.7333 0.2667 0.8000 0.3333
E 0.8000 0.2667 0.8667 0.3333
T 0.8667 0.2667 0.9333 0.3333
~ 0.9333 0.2667 1.0000 0.3333
D 0.0000 0.3333 0.0667 0.4000
~ 0.0667 0.3333 0.1333 0.4000
~ 0.1333 0.3333 0.2000 0.4000
~ 0.2000 0.3333 0.2667 0.4000
~ 0.2667 0.3333 0.3333 0.4000
~ 0.3333 0.3333 0.4000 0.4000
~ 0.4000 0.3333 0.4667 0.4000
~ 0.4667 0.3333 0.5333 0.4000
T 0.5333 0.3333 0.6000 0.4000
~ 0.6000 0.3333 0.6667 0.4000
~ 0.6667 0.3333 0.7333 0.4000
~ 0.7333 0.3333 0.8000 0.4000
L 0.8000 0.3333 0.8667 0.4000
Y 0.8667 0.3333 0.9333 0.4000
E 0.9333 0.3333 1.0000 0.4000
E 0.0000 0.4000 0.0667 0.4667
~ 0.0667 0.4000 0.1333 0.4667
~ 0.1333 0.4000 0.2000 0.4667
~ 0.2000 0.4000 0.2667 0.4667
~ 0.2667 0.4000 0.3333 0.4667
~ 0.3333 0.4000 0.4000 0.4667
H 0.4000 0.4000 0.4667 0.4667
O 0.4667 0.4000 0.5333 0.4667
L 0.5333 0.4000 0.6000 0.4667
P 0.6000 0.4000 0.6667 0.4667
E 0.6667 0.4000 0.7333 0.4667
N 0.7333 0.4000 0.8000 0.4667
~ 0.8000 0.4000 0.8667 0.4667
~ 0.8667 0.4000 0.9333 0.4667
N 0.9333 0.4000 1.0000 0.4667
~ 0.0000 0.4667 0.0667 0.5333
O 0.0667 0.4667 0.1333 0.5333
~ 0.1333 0.4667 0.2000 0.5333
C 0.2000 0.4667 0.2667 0.5333
O 0.2667 0.4667 0.3333 0.5333
M 0.3333 0.4667 0.4000 0.5333
M 0.4000 0.4667 0.4667 0.5333
I 0.4667 0.4667 0.5333 0.5333
E 0.5333 0.4667 0.6000 0.5333
~ 0.6000 0.4667 0.6667 0.5333
R 0.6667 0.4667 0.7333 0.5333
~ 0.7333 0.4667 0.8000 0.5333
~ 0.8000 0.4667 0.8667 0.5333
~ 0.8667 0.4667 0.9333 0.5333
D 0.9333 0.4667 1.0000 0.5333
~ 0.0000 0.5333 0.0667 0.6000
~ 0.0667 0.5333 0.1333 0.6000
~ 0.1333 0.5333 0.2000 0.6000
L 0.2000 0.5333 0.2667 0.6000
~ 0.2667 0.5333 0.3333 0.6000
~ 0.3333 0.5333 0.4000 0.6000
~ 0.4000 0.5333 0.4667 0.6000
~ 0.4667 0.5333 0.5333 0.6000
A 0.5333 0.5333 0.6000 0.6000
G 0.6000 0.5333 0.6667 0.6000
~ 0.6667 0.5333 0.7333 0.6000
~ 0.7333 0.5333 0.8000 0.6000
~ 0.8000 0.5333 0.8667 0.6000
~ 0.8667 0.5333 0.9333 0.6000
~ 0.9333 0.5333 1.0000 0.6000
G 0.0000 0.6000 0.0667 0.6667
~ 0.0667 0.6000 0.1333 0.6667
~ 0.1333 0.6000 0.2000 0.6667
O 0.2000 0.6000 0.2667 0.6667
~ 0.2667 0.6000 0.3333 0.6667
~ 0.3333 0.6000 0.4000 0.6667
~ 0.4000 0.6000 0.4667 0.6667
~ 0.4667 0.6000 0.5333 0.6667
R 0.5333 0.6000 0.6000 0.6667
K 0.6000 0.6000 0.6667 0.6667
K 0.6667 0.6000 0.7333 0.6667
~ 0.7333 0.6000 0.8000 0.6667
~ 0.8000 0.6000 0.8667 0.6667
~ 0.8667 0.6000 0.9333 0.6667
~ 0.9333 0.6000 1.0000 0.6667
U 0.0000 0.6667 0.0667 0.7333
~ 0.0667 0.6667 0.1333 0.7333
~ 0.1333 0.6667 0.2000 0.7333
V 0.2000 0.6667 0.2667 0.7333
~ 0.2667 0.6667 0.3333 0.7333
~ 0.3333 0.6667 0.4000 0.7333
~ 0.4000 0.6667 0.4667 0.7333
~ 0.4667 0.6667 0.5333 0.7333
N 0.5333 0.6667 0.6000 0.7333
~ 0.6000 0.6667 0.6667 0.7333
A 0.6667 0.6667 0.7333 0.7333
~ 0.7333 0.6667 0.8000 0.7333
~ 0.8000 0.6667 0.8667 0.7333
~ 0.8667 0.6667 0.9333 0.7333
~ 0.9333 0.6667 1.0000 0.7333
A 0.0000 0.7333 0.0667 0.8000
~ 0.0667 0.7333 0.1333 0.8000
~ 0.1333 0.7333 0.2000 0.8000
E 0.2000 0.7333 0.2667 0.8000
~ 0.2667 0.7333 0.3333 0.8000
P 0.3333 0.7333 0.4000 0.8000
A 0.4000 0.7333 0.4667 0.8000
W 0.4667 0.7333 0.5333 0.8000
~ 0.5333 0.7333 0.6000 0.8000
Q 0.6000 0.7333 0.6667 0.8000
U 0.6667 0.7333 0.7333 0.8000
A 0.7333 0.7333 0.8000 0.8000
~ 0.8000 0.7333 0.8667 0.8000
~ 0.8667 0.7333 0.9333 0.8000
~ 0.9333 0.7333 1.0000 0.8000
T 0.0000 0.8000 0.0667 0.8667
~ 0.0667 0.8000 0.1333 0.8667
T 0.1333 0.8000 0.2000 0.8667
R 0.2000 0.8000 0.2667 0.8667
I 0.2667 0.8000 0.3333 0.8667
A 0.3333 0.8000 0.4000 0.8667
G 0.4000 0.8000 0.4667 0.8667
E 0.4667 0.8000 0.5333 0.8667
S 0.5333 0.8000 0.6000 0.8667
~ 0.6000 0.8000 0.6667 0.8667
R 0.6667 0.8000 0.7333 0.8667
~ 0.7333 0.8000 0.8000 0.8667
F 0.8000 0.8000 0.8667 0.8667
A 0.8667 0.8000 0.9333 0.8667
B 0.9333 0.8000 1.0000 0.8667
I 0.0000 0.8667 0.0667 0.9333
~ 0.0667 0.8667 0.1333 0.9333
~ 0.1333 0.8667 0.2000 0.9333
~ 0.2000 0.8667 0.2667 0.9333
~ 0.2667 0.8667 0.3333 0.9333
~ 0.3333 0.8667 0.4000 0.9333
~ 0.4000 0.8667 0.4667 0.9333
~ 0.4667 0.8667 0.5333 0.9333
O 0.5333 0.8667 0.6000 0.9333
X 0.6000 0.8667 0.6667 0.9333
I 0.6667 0.8667 0.7333 0.9333
D 0.7333 0.8667 0.8000 0.9333
E 0.8000 0.8667 0.8667 0.9333
S 0.8667 0.8667 0.9333 0.9333
~ 0.9333 0.8667 1.0000 0.9333
~ 0.0000 0.9333 0.0667 1.0000
~ 0.0667 0.9333 0.1333 1.0000
~ 0.1333 0.9333 0.2000 1.0000
~ 0.2000 0.9333 0.2667 1.0000
~ 0.2667 0.9333 0.3333 1.0000
J 0.3333 0.9333 0.4000 1.0000
O 0.4000 0.9333 0.4667 1.0000
I 0.4667 0.9333 0.5333 1.0000
N 0.5333 0.9333 0.6000 1.0000
~ 0.6000 0.9333 0.6667 1.0000
~ 0.6667 0.9333 0.7333 1.0000
~ 0.7333 0.9333 0.8000 1.0000
~ 0.8000 0.9333 0.8667 1.0000
~ 0.8667 0.9333 0.9333 1.0000
~ 0.9333 0.9333 1.0000 1.0000
