~ 0.0000 0.0000 0.0667 0.0667
V 0.0667 0.0000 0.1333 0.0667
~ 0.1333 0.0000 0.2000 0.0667
~ 0.2000 0.0000 0.2667 0.0667
~ 0.2667 0.0000 0.3333 0.0667
~ 0.3333 0.0000 0.4000 0.0667
~ 0.4000 0.0000 0.4667 0.0667
~ 0.4667 0.0000 0.5333 0.0667
~ 0.5333 0.0000 0.6000 0.0667
~ 0.6000 0.0000 0.6667 0.0667
~ 0.6667 0.0000 0.7333 0.0667
B 0.7333 0.0000 0.8000 0.0667
~ 0.8000 0.0000 0.8667 0.0667
~ 0.8667 0.0000 0.9333 0.0667
F 0.9333 0.0000 1.0000 0.0667
M 0.0000 0.0667 0.0667 0.1333
A 0.0667 0.0667 0.1333 0.1333
R 0.1333 0.0667 0.2000 0.1333
~ 0.2000 0.0667 0.2667 0.1333
~ 0.2667 0.0667 0.3333 0.1333
Z 0.3333 0.0667 0.4000 0.1333
~ 0.4000 0.0667 0.4667 0.1333
~ 0.4667 0.0667 0.5333 0.1333
~ 0.5333 0.0667 0.6000 0.1333
~ 0.6000 0.0667 0.6667 0.1333
~ 0.6667 0.0667 0.7333 0.1333
A 0.7333 0.0667 0.8000 0.1333
R 0.8000 0.0667 0.8667 0.1333
~ 0.8667 0.0667 0.9333 0.1333
I 0.9333 0.0667 1.0000 0.1333
E 0.0000 0.1333 0.0667 0.2000
T 0.0667 0.1333 0.1333 0.2000
A 0.1333 0.1333 0.2000 0.2000
~ 0.2000 0.1333 0.2667 0.2000
~ 0.2667 0.1333 0.3333 0.2000
I 0.3333 0.1333 0.4000 0.2000
~ 0.4000 0.1333 0.4667 0.2000
~ 0.4667 0.1333 0.5333 0.2000
~ 0.5333 0.1333 0.6000 0.2000
~ 0.6000 0.1333 0.6667 0.2000
F 0.6667 0.1333 0.7333 0.2000
L 0.7333 0.1333 0.8000 0.2000
A 0.8000 0.1333 0.8667 0.2000
T 0.8667 0.1333 0.9333 0.2000
S 0.9333 0.1333 1.0000 0.2000
L 0.0000 0.2000 0.0667 0.2667
~ 0.0667 0.2000 0.1333 0.2667
J 0.1333 0.2000 0.2000 0.2667
E 0.2000 0.2000 0.2667 0.2667
O 0.2667 0.2000 0.3333 0.2667
N 0.3333 0.2000 0.4000 0.2667
~ 0.4000 0.2000 0.4667 0.2667
C 0.4667 0.2000 0.5333 0.2667
~ 0.5333 0.2000 0.6000 0.2667
~ 0.6000 0.2000 0.6667 0.2667
~ 0.6667 0.2000 0.7333 0.2667
E 0.7333 0.2000 0.8000 0.2667
X 0.8000 0.2000 0.8667 0.2667
~ 0.8667 0.2000 0.9333 0.2667
T 0.9333 0.2000 1.0000 0.2667
~ 0.0000 0.2667 0.0667 0.3333
~ 0.0667 0.2667 0.1333 0.3333
~ 0.1333 0.2667 0.2000 0.3333
~ 0.2000 0.2667 0.2667 0.3333
R 0.2667 0.2667 0.3333 0.3333
E 0.3333 0.2667 0.4000 0.3333
G 0.4000 0.2667 0.4667 0.3333
L 0.4667 0.2667 0.5333 0.3333
U 0.5333 0.2667 0.6000 0.3333
E 0.6000 0.2667 0.6667 0.3333
S 0.6667 0.2667 0.7333 0.3333
~ 0.7333 0.2667 0.8000 0.3333
E 0.8000 0.2667 0.8667 0.3333
~ 0.8667 0.2667 0.9333 0.3333
~ 0.9333 0.2667 1.0000 0.3333
~ 0.0000 0.3333 0.0667 0.4000
~ 0.0667 0.3333 0.1333 0.4000
~ 0.1333 0.3333 0.2000 0.4000
~ 0.2000 0.3333 0.2667 0.4000
~ 0.2667 0.3333 0.3333 0.4000
B 0.3333 0.3333 0.4000 0.4000
A 0.4000 0.3333 0.4667 0.4000
A 0.4667 0.3333 0.5333 0.4000
~ 0.5333 0.3333 0.6000 0.4000
H 0.6000 0.3333 0.6667 0.4000
O 0.6667 0.3333 0.7333 0.4000
E 0.7333 0.3333 0.8000 0.4000
D 0.8000 0.3333 0.8667 0.4000
~ 0.8667 0.3333 0.9333 0.4000
Q 0.9333 0.3333 1.0000 0.4000
~ 0.0000 0.4000 0.0667 0.4667
~ 0.0667 0.4000 0.1333 0.4667
~ 0.1333 0.4000 0.2000 0.4667
~ 0.2000 0.4000 0.2667 0.4667
~ 0.2667 0.4000 0.3333 0.4667
~ 0.3333 0.4000 0.4000 0.4667
P 0.4000 0.4000 0.4667 0.4667
I 0.4667 0.4000 0.5333 0.4667
N 0.5333 0.4000 0.6000 0.4667
~ 0.6000 0.4000 0.6667 0.4667
~ 0.6667 0.4000 0.7333 0.4667
~ 0.7333 0.4000 0.8000 0.4667
~ 0.8000 0.4000 0.8667 0.4667
~ 0.8667 0.4000 0.9333 0.4667
U 0.9333 0.4000 1.0000 0.4667
~ 0.0000 0.4667 0.0667 0.5333
~ 0.0667 0.4667 0.1333 0.5333
~ 0.1333 0.4667 0.2000 0.5333
~ 0.2000 0.4667 0.2667 0.5333
~ 0.2667 0.4667 0.3333 0.5333
~ 0.3333 0.4667 0.4000 0.5333
~ 0.4000 0.4667 0.4667 0.5333
M 0.4667 0.4667 0.5333 0.5333
E 0.5333 0.4667 0.6000 0.5333
N 0.6000 0.4667 0.6667 0.5333
S 0.6667 0.4667 0.7333 0.5333
T 0.7333 0.4667 0.8000 0.5333
R 0.8000 0.4667 0.8667 0.5333
U 0.8667 0.4667 0.9333 0.5333
A 0.9333 0.4667 1.0000 0.5333
T 0.0000 0.5333 0.0667 0.6000
~ 0.0667 0.5333 0.1333 0.6000
~ 0.1333 0.5333 0.2000 0.6000
~ 0.2000 0.5333 0.2667 0.6000
~ 0.2667 0.5333 0.3333 0.6000
~ 0.3333 0.5333 0.4000 0.6000
~ 0.4000 0.5333 0.4667 0.6000
~ 0.4667 0.5333 0.5333 0.6000
T 0.5333 0.5333 0.6000 0.6000
~ 0.6000 0.5333 0.6667 0.6000
~ 0.6667 0.5333 0.7333 0.6000
~ 0.7333 0.5333 0.8000 0.6000
~ 0.8000 0.5333 0.8667 0.6000
~ 0.8667 0.5333 0.9333 0.6000
R 0.9333 0.5333 1.0000 0.6000
~ 0.0000 0.6000 0.0667 0.6667
~ 0.0667 0.6000 0.1333 0.6667
~ 0.1333 0.6000 0.2000 0.6667
~ 0.2000 0.6000 0.2667 0.6667
~ 0.2667 0.6000 0.3333 0.6667
~ 0.3333 0.6000 0.4000 0.6667
G 0.4000 0.6000 0.4667 0.6667
O 0.4667 0.6000 0.5333 0.6667
W 0.5333 0.6000 0.6000 0.6667
K 0.6000 0.6000 0.6667 0.6667
~ 0.6667 0.6000 0.7333 0.6667
~ 0.7333 0.6000 0.8000 0.6667
~ 0.8000 0.6000 0.8667 0.6667
H 0.8667 0.6000 0.9333 0.6667
E 0.9333 0.6000 1.0000 0.6667
~ 0.0000 0.6667 0.0667 0.7333
~ 0.0667 0.6667 0.1333 0.7333
C 0.1333 0.6667 0.2000 0.7333
A 0.2000 0.6667 0.2667 0.7333
Y 0.2667 0.6667 0.3333 0.7333
~ 0.3333 0.6667 0.4000 0.7333
~ 0.4000 0.6667 0.4667 0.7333
~ 0.4667 0.6667 0.5333 0.7333
O 0.5333 0.6667 0.6000 0.7333
~ 0.6000 0.6667 0.6667 0.7333
~ 0.6667 0.6667 0.7333 0.7333
~ 0.7333 0.6667 0.8000 0.7333
~ 0.8000 0.6667 0.8667 0.7333
I 0.8667 0.6667 0.9333 0.7333
~ 0.9333 0.6667 1.0000 0.7333
~ 0.0000 0.7333 0.0667 0.8000
~ 0.0667 0.7333 0.1333 0.8000
~ 0.1333 0.7333 0.2000 0.8000
L 0.2000 0.7333 0.2667 0.8000
O 0.2667 0.7333 0.3333 0.8000
V 0.3333 0.7333 0.4000 0.8000
I 0.4000 0.7333 0.4667 0.8000
E 0.4667 0.7333 0.5333 0.8000
R 0.5333 0.7333 0.6000 0.8000
~ 0.6000 0.7333 0.6667 0.8000
D 0.6667 0.7333 0.7333 0.8000
Y 0.7333 0.7333 0.8000 0.8000
I 0.8000 0.7333 0.8667 0.8000
N 0.8667 0.7333 0.9333 0.8000
G 0.9333 0.7333 1.0000 0.8000
~ 0.0000 0.8000 0.0667 0.8667
~ 0.0667 0.8000 0.1333 0.8667
P 0.1333 0.8000 0.2000 0.8667
E 0.2000 0.8000 0.2667 0.8667
W 0.2667 0.8000 0.3333 0.8667
~ 0.3333 0.8000 0.4000 0.8667
~ 0.4000 0.8000 0.4667 0.8667
~ 0.4667 0.8000 0.5333 0.8667
~ 0.5333 0.8000 0.6000 0.8667
~ 0.6000 0.8000 0.6667 0.8667
~ 0.6667 0.8000 0.7333 0.8667
~ 0.7333 0.8000 0.8000 0.8667
~ 0.8000 0.8000 0.8667 0.8667
~ 0.8667 0.8000 0.9333 0.8667
I 0.9333 0.8000 1.0000 0.8667
~ 0.0000 0.8667 0.0667 0.9333
~ 0.0667 0.8667 0.1333 0.9333
~ 0.1333 0.8667 0.2000 0.9333
~ 0.2000 0.8667 0.2667 0.9333
~ 0.2667 0.8667 0.3333 0.9333
~ 0.3333 0.8667 0.4000 0.9333
~ 0.4000 0.8667 0.4667 0.9333
~ 0.4667 0.8667 0.5333 0.9333
S 0.5333 0.8667 0.6000 0.9333
A 0.6000 0.8667 0.6667 0.9333
N 0.6667 0.8667 0.7333 0.9333
T 0.7333 0.8667 0.8000 0.9333
O 0.8000 0.8667 0.8667 0.9333
O 0.8667 0.8667 0.9333 0.9333
~ 0.9333 0.8667 1.0000 0.9333
~ 0.0000 0.9333 0.0667 1.0000
~ 0.0667 0.9333 0.1333 1.0000
~ 0.1333 0.9333 0.2000 1.0000
~ 0.2000 0.9333 0.2667 1.0000
~ 0.2667 0.9333 0.3333 1.0000
~ 0.3333 0.9333 0.4000 1.0000
~ 0.4000 0.9333 0.4667 1.0000
~ 0.4667 0.9333 0.5333 1.0000
~ 0.5333 0.9333 0.6000 1.0000
D 0.6000 0.9333 0.6667 1.0000
U 0.6667 0.9333 0.7333 1.0000
I 0.7333 0.9333 0.8000 1.0000
~ 0.8000 0.9333 0.8667 1.0000
~ 0.8667 0.9333 0.9333 1.0000
D 0.9333 0.9333 1.0000 1.0000
