P 0.0000 0.0000 0.0667 0.0667
A 0.0667 0.0000 0.1333 0.0667
R 0.1333 0.0000 0.2000 0.0667
T 0.2000 0.0000 0.2667 0.0667
N 0.2667 0.0000 0.3333 0.0667
E 0.3333 0.0000 0.4000 0.0667
~ 0.4000 0.0000 0.4667 0.0667
S 0.4667 0.0000 0.5333 0.0667
~ 0.5333 0.0000 0.6000 0.0667
~ 0.6000 0.0000 0.6667 0.0667
~ 0.6667 0.0000 0.7333 0.0667
~ 0.7333 0.0000 0.8000 0.0667
M 0.8000 0.0000 0.8667 0.0667
O 0.8667 0.0000 0.9333 0.0667
I 0.9333 0.0000 1.0000 0.0667
I 0.0000 0.0667 0.0667 0.1333
~ 0.0667 0.0667 0.1333 0.1333
~ 0.1333 0.0667 0.2000 0.1333
~ 0.2000 0.0667 0.2667 0.1333
~ 0.2667 0.0667 0.3333 0.1333
~ 0.3333 0.0667 0.4000 0.1333
~ 0.4000 0.0667 0.4667 0.1333
O 0.4667 0.0667 0.5333 0.1333
O 0.5333 0.0667 0.6000 0.1333
~ 0.6000 0.0667 0.6667 0.1333
~ 0.6667 0.0667 0.7333 0.1333
F 0.7333 0.0667 0.8000 0.1333
U 0.8000 0.0667 0.8667 0.1333
N 0.8667 0.0667 0.9333 0.1333
~ 0.9333 0.0667 1.0000 0.1333
Z 0.0000 0.1333 0.0667 0.2000
I 0.0667 0.1333 0.1333 0.2000
N 0.1333 0.1333 0.2000 0.2000
S 0.2000 0.1333 0.2667 0.2000
~ 0.2667 0.1333 0.3333 0.2000
~ 0.3333 0.1333 0.4000 0.2000
~ 0.4000 0.1333 0.4667 0.2000
~ 0.4667 0.1333 0.5333 0.2000
~ 0.5333 0.1333 0.6000 0.2000
~ 0.6000 0.1333 0.6667 0.2000
T 0.6667 0.1333 0.7333 0.2000
A 0.7333 0.1333 0.8000 0.2000
G 0.8000 0.1333 0.8667 0.2000
~ 0.8667 0.1333 0.9333 0.2000
~ 0.9333 0.1333 1.0000 0.2000
E 0.0000 0.2000 0.0667 0.2667
~ 0.0667 0.2000 0.1333 0.2667
~ 0.1333 0.2000 0.2000 0.2667
H 0.2000 0.2000 0.2667 0.2667
E 0.2667 0.2000 0.3333 0.2667
N 0.3333 0.2000 0.4000 0.2667
T 0.4000 0.2000 0.4667 0.2667
~ 0.4667 0.2000 0.5333 0.2667
P 0.5333 0.2000 0.6000 0.2667
O 0.6000 0.2000 0.6667 0.2667
U 0.6667 0.2000 0.7333 0.2667
R 0.7333 0.2000 0.8000 0.2667
~ 0.8000 0.2000 0.8667 0.2667
~ 0.8667 0.2000 0.9333 0.2667
~ 0.9333 0.2000 1.0000 0.2667
~ 0.0000 0.2667 0.0667 0.3333
A 0.0667 0.2667 0.1333 0.3333
L 0.1333 0.2667 0.2000 0.3333
E 0.2000 0.2667 0.2667 0.3333
F 0.2667 0.2667 0.3333 0.3333
~ 0.3333 0.2667 0.4000 0.3333
~ 0.4000 0.2667 0.4667 0.3333
M 0.4667 0.2667 0.5333 0.3333
A 0.5333 0.2667 0.6000 0.3333
R 0.6000 0.2667 0.6667 0.3333
T 0.6667 0.2667 0.7333 0.3333
~ 0.7333 0.2667 0.8000 0.3333
~ 0.8000 0.2667 0.8667 0.3333
~ 0.8667 0.2667 0.9333 0.3333
~ 0.9333 0.2667 1.0000 0.3333
~ 0.0000 0.3333 0.0667 0.4000
C 0.0667 0.3333 0.1333 0.4000
~ 0.1333 0.3333 0.2000 0.4000
~ 0.2000 0.3333 0.2667 0.4000
~ 0.2667 0.3333 0.3333 0.4000
V 0.3333 0.3333 0.4000 0.4000
~ 0.4000 0.3333 0.4667 0.4000
~ 0.4667 0.3333 0.5333 0.4000
G 0.5333 0.3333 0.6000 0.4000
~ 0.6000 0.3333 0.6667 0.4000
~ 0.6667 0.3333 0.7333 0.4000
~ 0.7333 0.3333 0.8000 0.4000
~ 0.8000 0.3333 0.8667 0.4000
~ 0.8667 0.3333 0.9333 0.4000
~ 0.9333 0.3333 1.0000 0.4000
C 0.0000 0.4000 0.0667 0.4667
I 0.0667 0.4000 0.1333 0.4667
D 0.1333 0.4000 0.2000 0.4667
~ 0.2000 0.4000 0.2667 0.4667
~ 0.2667 0.4000 0.3333 0.4667
O 0.3333 0.4000 0.4000 0.4667
~ 0.4000 0.4000 0.4667 0.4667
Y 0.4667 0.4000 0.5333 0.4667
O 0.5333 0.4000 0.6000 0.4667
~ 0.6000 0.4000 0.6667 0.4667
~ 0.6667 0.4000 0.7333 0.4667
~ 0.7333 0.4000 0.8000 0.4667
~ 0.8000 0.4000 0.8667 0.4667
~ 0.8667 0.4000 0.9333 0.4667
~ 0.9333 0.4000 1.0000 0.4667
~ 0.0000 0.4667 0.0667 0.5333
D 0.0667 0.4667 0.1333 0.5333
E 0.1333 0.4667 0.2000 0.5333
B 0.2000 0.4667 0.2667 0.5333
R 0.2667 0.4667 0.3333 0.5333
I 0.3333 0.4667 0.4000 0.5333
D 0.4000 0.4667 0.4667 0.5333
E 0.4667 0.4667 0.5333 0.5333
D 0.5333 0.4667 0.6000 0.5333
~ 0.6000 0.4667 0.6667 0.5333
~ 0.6667 0.4667 0.7333 0.5333
~ 0.7333 0.4667 0.8000 0.5333
~ 0.8000 0.4667 0.8667 0.5333
~ 0.8667 0.4667 0.9333 0.5333
~ 0.9333 0.4667 1.0000 0.5333
~ 0.0000 0.5333 0.0667 0.6000
~ 0.0667 0.5333 0.1333 0.6000
W 0.1333 0.5333 0.2000 0.6000
O 0.2000 0.5333 0.2667 0.6000
~ 0.2667 0.5333 0.3333 0.6000
L 0.3333 0.5333 0.4000 0.6000
O 0.4000 0.5333 0.4667 0.6000
X 0.4667 0.5333 0.5333 0.6000
~ 0.5333 0.5333 0.6000 0.6000
~ 0.6000 0.5333 0.6667 0.6000
~ 0.6667 0.5333 0.7333 0.6000
~ 0.7333 0.5333 0.8000 0.6000
~ 0.8000 0.5333 0.8667 0.6000
~ 0.8667 0.5333 0.9333 0.6000
~ 0.9333 0.5333 1.0000 0.6000
~ 0.0000 0.6000 0.0667 0.6667
A 0.0667 0.6000 0.1333 0.6667
Y 0.1333 0.6000 0.2000 0.6667
U 0.2000 0.6000 0.2667 0.6667
~ 0.2667 0.6000 0.3333 0.6667
E 0.3333 0.6000 0.4000 0.6667
H 0.4000 0.6000 0.4667 0.6667
~ 0.4667 0.6000 0.5333 0.6667
~ 0.5333 0.6000 0.6000 0.6667
K 0.6000 0.6000 0.6667 0.6667
~ 0.6667 0.6000 0.7333 0.6667
~ 0.7333 0.6000 0.8000 0.6667
~ 0.8000 0.6000 0.8667 0.6667
V 0.8667 0.6000 0.9333 0.6667
~ 0.9333 0.6000 1.0000 0.6667
Q 0.0000 0.6667 0.0667 0.7333
I 0.0667 0.6667 0.1333 0.7333
~ 0.1333 0.6667 0.2000 0.7333
G 0.2000 0.6667 0.2667 0.7333
~ 0.2667 0.6667 0.3333 0.7333
~ 0.3333 0.6667 0.4000 0.7333
~ 0.4000 0.6667 0.4667 0.7333
~ 0.4667 0.6667 0.5333 0.7333
~ 0.5333 0.6667 0.6000 0.7333
A 0.6000 0.6667 0.6667 0.7333
~ 0.6667 0.6667 0.7333 0.7333
~ 0.7333 0.6667 0.8000 0.7333
~ 0.8000 0.6667 0.8667 0.7333
I 0.8667 0.6667 0.9333 0.7333
~ 0.9333 0.6667 1.0000 0.7333
I 0.0000 0.7333 0.0667 0.8000
N 0.0667 0.7333 0.1333 0.8000
~ 0.1333 0.7333 0.2000 0.8000
I 0.2000 0.7333 0.2667 0.8000
~ 0.2667 0.7333 0.3333 0.8000
S 0.3333 0.7333 0.4000 0.8000
A 0.4000 0.7333 0.4667 0.8000
U 0.4667 0.7333 0.5333 0.8000
T 0.5333 0.7333 0.6000 0.8000
E 0.6000 0.7333 0.6667 0.8000
R 0.6667 0.7333 0.7333 0.8000
N 0.7333 0.7333 0.8000 0.8000
E 0.8000 0.7333 0.8667 0.8000
S 0.8667 0.7333 0.9333 0.8000
~ 0.9333 0.7333 1.0000 0.8000
B 0.0000 0.8000 0.0667 0.8667
~ 0.0667 0.8000 0.1333 0.8667
J 0.1333 0.8000 0.2000 0.8667
E 0.2000 0.8000 0.2667 0.8667
T 0.2667 0.8000 0.3333 0.8667
E 0.3333 0.8000 0.4000 0.8667
~ 0.4000 0.8000 0.4667 0.8667
~ 0.4667 0.8000 0.5333 0.8667
~ 0.5333 0.8000 0.6000 0.8667
~ 0.6000 0.8000 0.6667 0.8667
~ 0.6667 0.8000 0.7333 0.8667
~ 0.7333 0.8000 0.8000 0.8667
~ 0.8000 0.8000 0.8667 0.8667
~ 0.8667 0.8000 0.9333 0.8667
~ 0.9333 0.8000 1.0000 0.8667
L 0.0000 0.8667 0.0667 0.9333
~ 0.0667 0.8667 0.1333 0.9333
~ 0.1333 0.8667 0.2000 0.9333
~ 0.2000 0.8667 0.2667 0.9333
~ 0.2667 0.8667 0.3333 0.9333
W 0.3333 0.8667 0.4000 0.9333
~ 0.4000 0.8667 0.4667 0.9333
~ 0.4667 0.8667 0.5333 0.9333
~ 0.5333 0.8667 0.6000 0.9333
~ 0.6000 0.8667 0.6667 0.9333
~ 0.6667 0.8667 0.7333 0.9333
~ 0.7333 0.8667 0.8000 0.9333
~ 0.8000 0.8667 0.8667 0.9333
~ 0.8667 0.8667 0.9333 0.9333
~ 0.9333 0.8667 1.0000 0.9333
A 0.0000 0.9333 0.0667 1.0000
~ 0.0667 0.9333 0.1333 1.0000
~ 0.1333 0.9333 0.2000 1.0000
~ 0.2000 0.9333 0.2667 1.0000
~ 0.2667 0.9333 0.3333 1.0000
~ 0.3333 0.9333 0.4000 1.0000
~ 0.4000 0.9333 0.4667 1.0000
~ 0.4667 0.9333 0.5333 1.0000
~ 0.5333 0.9333 0.6000 1.0000
~ 0.6000 0.9333 0.6667 1.0000
~ 0.6667 0.9333 0.7333 1.0000
~ 0.7333 0.9333 0.8000 1.0000
~ 0.8000 0.9333 0.8667 1.0000
~ 0.8667 0.9333 0.9333 1.0000
~ 0.9333 0.9333 1.0000 1.0000
