T 0.0000 0.0000 0.0667 0.0667
~ 0.0667 0.0000 0.1333 0.0667
~ 0.1333 0.0000 0.2000 0.0667
~ 0.2000 0.0000 0.2667 0.0667
~ 0.2667 0.0000 0.3333 0.0667
~ 0.3333 0.0000 0.4000 0.0667
~ 0.4000 0.0000 0.4667 0.0667
C 0.4667 0.0000 0.5333 0.0667
~ 0.5333 0.0000 0.6000 0.0667
~ 0.6000 0.0000 0.6667 0.0667
~ 0.6667 0.0000 0.7333 0.0667
~ 0.7333 0.0000 0.8000 0.0667
~ 0.8000 0.0000 0.8667 0.0667
~ 0.8667 0.0000 0.9333 0.0667
~ 0.9333 0.0000 1.0000 0.0667
H 0.0000 0.0667 0.0667 0.1333
~ 0.0667 0.0667 0.1333 0.1333
~ 0.1333 0.0667 0.2000 0.1333
~ 0.2000 0.0667 0.2667 0.1333
~ 0.2667 0.0667 0.3333 0.1333
~ 0.3333 0.0667 0.4000 0.1333
~ 0.4000 0.0667 0.4667 0.1333
H 0.4667 0.0667 0.5333 0.1333
~ 0.5333 0.0667 0.6000 0.1333
~ 0.6000 0.0667 0.6667 0.1333
~ 0.6667 0.0667 0.7333 0.1333
~ 0.7333 0.0667 0.8000 0.1333
~ 0.8000 0.0667 0.8667 0.1333
~ 0.8667 0.0667 0.9333 0.1333
~ 0.9333 0.0667 1.0000 0.1333
O 0.0000 0.1333 0.0667 0.2000
R 0.0667 0.1333 0.1333 0.2000
A 0.1333 0.1333 0.2000 0.2000
L 0.2000 0.1333 0.2667 0.2000
~ 0.2667 0.1333 0.3333 0.2000
~ 0.3333 0.1333 0.4000 0.2000
M 0.4000 0.1333 0.4667 0.2000
I 0.4667 0.1333 0.5333 0.2000
L 0.5333 0.1333 0.6000 0.2000
L 0.6000 0.1333 0.6667 0.2000
~ 0.6667 0.1333 0.7333 0.2000
~ 0.7333 0.1333 0.8000 0.2000
~ 0.8000 0.1333 0.8667 0.2000
~ 0.8667 0.1333 0.9333 0.2000
~ 0.9333 0.1333 1.0000 0.2000
~ 0.0000 0.2000 0.0667 0.2667
~ 0.0667 0.2000 0.1333 0.2667
~ 0.1333 0.2000 0.2000 0.2667
I 0.2000 0.2000 0.2667 0.2667
~ 0.2667 0.2000 0.3333 0.2667
~ 0.3333 0.2000 0.4000 0.2667
~ 0.4000 0.2000 0.4667 0.2667
V 0.4667 0.2000 0.5333 0.2667
~ 0.5333 0.2000 0.6000 0.2667
~ 0.6000 0.2000 0.6667 0.2667
~ 0.6667 0.2000 0.7333 0.2667
~ 0.7333 0.2000 0.8000 0.2667
~ 0.8000 0.2000 0.8667 0.2667
~ 0.8667 0.2000 0.9333 0.2667
~ 0.9333 0.2000 1.0000 0.2667
~ 0.0000 0.2667 0.0667 0.3333
~ 0.0667 0.2667 0.1333 0.3333
~ 0.1333 0.2667 0.2000 0.3333
M 0.2000 0.2667 0.2667 0.3333
~ 0.2667 0.2667 0.3333 0.3333
~ 0.3333 0.2667 0.4000 0.3333
~ 0.4000 0.2667 0.4667 0.3333
E 0.4667 0.2667 0.5333 0.3333
~ 0.5333 0.2667 0.6000 0.3333
~ 0.6000 0.2667 0.6667 0.3333
D 0.6667 0.2667 0.7333 0.3333
A 0.7333 0.2667 0.8000 0.3333
R 0.8000 0.2667 0.8667 0.3333
N 0.8667 0.2667 0.9333 0.3333
S 0.9333 0.2667 1.0000 0.3333
~ 0.0000 0.3333 0.0667 0.4000
O 0.0667 0.3333 0.1333 0.4000
~ 0.1333 0.3333 0.2000 0.4000
A 0.2000 0.3333 0.2667 0.4000
Q 0.2667 0.3333 0.3333 0.4000
U 0.3333 0.3333 0.4000 0.4000
E 0.4000 0.3333 0.4667 0.4000
S 0.4667 0.3333 0.5333 0.4000
T 0.5333 0.3333 0.6000 0.4000
~ 0.6000 0.3333 0.6667 0.4000
I 0.6667 0.3333 0.7333 0.4000
~ 0.7333 0.3333 0.8000 0.4000
~ 0.8000 0.3333 0.8667 0.4000
~ 0.8667 0.3333 0.9333 0.4000
~ 0.9333 0.3333 1.0000 0.4000
~ 0.0000 0.4000 0.0667 0.4667
~ 0.0667 0.4000 0.1333 0.4667
~ 0.1333 0.4000 0.2000 0.4667
~ 0.2000 0.4000 0.2667 0.4667
~ 0.2667 0.4000 0.3333 0.4667
N 0.3333 0.4000 0.4000 0.4667
~ 0.4000 0.4000 0.4667 0.4667
~ 0.4667 0.4000 0.5333 0.4667
~ 0.5333 0.4000 0.6000 0.4667
~ 0.6000 0.4000 0.6667 0.4667
O 0.6667 0.4000 0.7333 0.4667
~ 0.7333 0.4000 0.8000 0.4667
~ 0.8000 0.4000 0.8667 0.4667
~ 0.8667 0.4000 0.9333 0.4667
~ 0.9333 0.4000 1.0000 0.4667
W 0.0000 0.4667 0.0667 0.5333
A 0.0667 0.4667 0.1333 0.5333
G 0.1333 0.4667 0.2000 0.5333
~ 0.2000 0.4667 0.2667 0.5333
~ 0.2667 0.4667 0.3333 0.5333
C 0.3333 0.4667 0.4000 0.5333
Z 0.4000 0.4667 0.4667 0.5333
A 0.4667 0.4667 0.5333 0.5333
R 0.5333 0.4667 0.6000 0.5333
~ 0.6000 0.4667 0.6667 0.5333
X 0.6667 0.4667 0.7333 0.5333
~ 0.7333 0.4667 0.8000 0.5333
F 0.8000 0.4667 0.8667 0.5333
O 0.8667 0.4667 0.9333 0.5333
B 0.9333 0.4667 1.0000 0.5333
~ 0.0000 0.5333 0.0667 0.6000
~ 0.0667 0.5333 0.1333 0.6000
U 0.1333 0.5333 0.2000 0.6000
~ 0.2000 0.5333 0.2667 0.6000
~ 0.2667 0.5333 0.3333 0.6000
O 0.3333 0.5333 0.4000 0.6000
~ 0.4000 0.5333 0.4667 0.6000
~ 0.4667 0.5333 0.5333 0.6000
E 0.5333 0.5333 0.6000 0.6000
~ 0.6000 0.5333 0.6667 0.6000
A 0.6667 0.5333 0.7333 0.6000
G 0.7333 0.5333 0.8000 0.6000
E 0.8000 0.5333 0.8667 0.6000
R 0.8667 0.5333 0.9333 0.6000
E 0.9333 0.5333 1.0000 0.6000
~ 0.0000 0.6000 0.0667 0.6667
B 0.0667 0.6000 0.1333 0.6667
I 0.1333 0.6000 0.2000 0.6667
N 0.2000 0.6000 0.2667 0.6667
~ 0.2667 0.6000 0.3333 0.6667
Y 0.3333 0.6000 0.4000 0.6667
A 0.4000 0.6000 0.4667 0.6667
Y 0.4667 0.6000 0.5333 0.6667
~ 0.5333 0.6000 0.6000 0.6667
~ 0.6000 0.6000 0.6667 0.6667
N 0.6667 0.6000 0.7333 0.6667
O 0.7333 0.6000 0.8000 0.6667
D 0.8000 0.6000 0.8667 0.6667
~ 0.8667 0.6000 0.9333 0.6667
~ 0.9333 0.6000 1.0000 0.6667
~ 0.0000 0.6667 0.0667 0.7333
E 0.0667 0.6667 0.1333 0.7333
D 0.1333 0.6667 0.2000 0.7333
~ 0.2000 0.6667 0.2667 0.7333
~ 0.2667 0.6667 0.3333 0.7333
~ 0.3333 0.6667 0.4000 0.7333
~ 0.4000 0.6667 0.4667 0.7333
E 0.4667 0.6667 0.5333 0.7333
~ 0.5333 0.6667 0.6000 0.7333
~ 0.6000 0.6667 0.6667 0.7333
E 0.6667 0.6667 0.7333 0.7333
~ 0.7333 0.6667 0.8000 0.7333
~ 0.8000 0.6667 0.8667 0.7333
~ 0.8667 0.6667 0.9333 0.7333
~ 0.9333 0.6667 1.0000 0.7333
~ 0.0000 0.7333 0.0667 0.8000
F 0.0667 0.7333 0.1333 0.8000
E 0.1333 0.7333 0.2000 0.8000
A 0.2000 0.7333 0.2667 0.8000
T 0.2667 0.7333 0.3333 0.8000
U 0.3333 0.7333 0.4000 0.8000
R 0.4000 0.7333 0.4667 0.8000
E 0.4667 0.7333 0.5333 0.8000
S 0.5333 0.7333 0.6000 0.8000
~ 0.6000 0.7333 0.6667 0.8000
~ 0.6667 0.7333 0.7333 0.8000
~ 0.7333 0.7333 0.8000 0.8000
W 0.8000 0.7333 0.8667 0.8000
I 0.8667 0.7333 0.9333 0.8000
G 0.9333 0.7333 1.0000 0.8000
P 0.0000 0.8000 0.0667 0.8667
I 0.0667 0.8000 0.1333 0.8667
S 0.1333 0.8000 0.2000 0.8667
~ 0.2000 0.8000 0.2667 0.8667
~ 0.2667 0.8000 0.3333 0.8667
~ 0.3333 0.8000 0.4000 0.8667
~ 0.4000 0.8000 0.4667 0.8667
L 0.4667 0.8000 0.5333 0.8667
~ 0.5333 0.8000 0.6000 0.8667
~ 0.6000 0.8000 0.6667 0.8667
U 0.6667 0.8000 0.7333 0.8667
K 0.7333 0.8000 0.8000 0.8667
E 0.8000 0.8000 0.8667 0.8667
~ 0.8667 0.8000 0.9333 0.8667
O 0.9333 0.8000 1.0000 0.8667
I 0.0000 0.8667 0.0667 0.9333
T 0.0667 0.8667 0.1333 0.9333
~ 0.1333 0.8667 0.2000 0.9333
~ 0.2000 0.8667 0.2667 0.9333
~ 0.2667 0.8667 0.3333 0.9333
T 0.3333 0.8667 0.4000 0.9333
R 0.4000 0.8667 0.4667 0.9333
I 0.4667 0.8667 0.5333 0.9333
V 0.5333 0.8667 0.6000 0.9333
E 0.6000 0.8667 0.6667 0.9333
T 0.6667 0.8667 0.7333 0.9333
~ 0.7333 0.8667 0.8000 0.9333
~ 0.8000 0.8667 0.8667 0.9333
J 0.8667 0.8667 0.9333 0.9333
O 0.9333 0.8667 1.0000 0.9333
A 0.0000 0.9333 0.0667 1.0000
~ 0.0667 0.9333 0.1333 1.0000
~ 0.1333 0.9333 0.2000 1.0000
~ 0.2000 0.9333 0.2667 1.0000
~ 0.2667 0.9333 0.3333 1.0000
~ 0.3333 0.9333 0.4000 1.0000
~ 0.4000 0.9333 0.4667 1.0000
N 0.4667 0.9333 0.5333 1.0000
~ 0.5333 0.9333 0.6000 1.0000
~ 0.6000 0.9333 0.6667 1.0000
~ 0.6667 0.9333 0.7333 1.0000
~ 0.7333 0.9333 0.8000 1.0000
~ 0.8000 0.9333 0.8667 1.0000
~ 0.8667 0.9333 0.9333 1.0000
P 0.9333 0.9333 1.0000 1.0000
