~ 0.0000 0.0000 0.0667 0.0667
~ 0.0667 0.0000 0.1333 0.0667
~ 0.1333 0.0000 0.2000 0.0667
~ 0.2000 0.0000 0.2667 0.0667
~ 0.2667 0.0000 0.3333 0.0667
~ 0.3333 0.0000 0.4000 0.0667
~ 0.4000 0.0000 0.4667 0.0667
D 0.4667 0.0000 0.5333 0.0667
R 0.5333 0.0000 0.6000 0.0667
A 0.6000 0.0000 0.6667 0.0667
T 0.6667 0.0000 0.7333 0.0667
T 0.7333 0.0000 0.8000 0.0667
I 0.8000 0.0000 0.8667 0.0667
N 0.8667 0.0000 0.9333 0.0667
G 0.9333 0.0000 1.0000 0.0667
~ 0.0000 0.0667 0.0667 0.1333
~ 0.0667 0.0667 0.1333 0.1333
~ 0.1333 0.0667 0.2000 0.1333
~ 0.2000 0.0667 0.2667 0.1333
~ 0.2667 0.0667 0.3333 0.1333
~ 0.3333 0.0667 0.4000 0.1333
~ 0.4000 0.0667 0.4667 0.1333
~ 0.4667 0.0667 0.5333 0.1333
~ 0.5333 0.0667 0.6000 0.1333
~ 0.6000 0.0667 0.6667 0.1333
~ 0.6667 0.0667 0.7333 0.1333
~ 0.7333 0.0667 0.8000 0.1333
~ 0.8000 0.0667 0.8667 0.1333
~ 0.8667 0.0667 0.9333 0.1333
O 0.9333 0.0667 1.0000 0.1333
~ 0.0000 0.1333 0.0667 0.2000
~ 0.0667 0.1333 0.1333 0.2000
~ 0.1333 0.1333 0.2000 0.2000
~ 0.2000 0.1333 0.2667 0.2000
~ 0.2667 0.1333 0.3333 0.2000
~ 0.3333 0.1333 0.4000 0.2000
~ 0.4000 0.1333 0.4667 0.2000
~ 0.4667 0.1333 0.5333 0.2000
~ 0.5333 0.1333 0.6000 0.2000
~ 0.6000 0.1333 0.6667 0.2000
~ 0.6667 0.1333 0.7333 0.2000
~ 0.7333 0.1333 0.8000 0.2000
~ 0.8000 0.1333 0.8667 0.2000
~ 0.8667 0.1333 0.9333 0.2000
I 0.9333 0.1333 1.0000 0.2000
~ 0.0000 0.2000 0.0667 0.2667
~ 0.0667 0.2000 0.1333 0.2667
~ 0.1333 0.2000 0.2000 0.2667
~ 0.2000 0.2000 0.2667 0.2667
~ 0.2667 0.2000 0.3333 0.2667
~ 0.3333 0.2000 0.4000 0.2667
~ 0.4000 0.2000 0.4667 0.2667
~ 0.4667 0.2000 0.5333 0.2667
~ 0.5333 0.2000 0.6000 0.2667
V 0.6000 0.2000 0.6667 0.2667
O 0.6667 0.2000 0.7333 0.2667
E 0.7333 0.2000 0.8000 0.2667
~ 0.8000 0.2000 0.8667 0.2667
~ 0.8667 0.2000 0.9333 0.2667
N 0.9333 0.2000 1.0000 0.2667
~ 0.0000 0.2667 0.0667 0.3333
~ 0.0667 0.2667 0.1333 0.3333
~ 0.1333 0.2667 0.2000 0.3333
~ 0.2000 0.2667 0.2667 0.3333
~ 0.2667 0.2667 0.3333 0.3333
~ 0.3333 0.2667 0.4000 0.3333
~ 0.4000 0.2667 0.4667 0.3333
~ 0.4667 0.2667 0.5333 0.3333
~ 0.5333 0.2667 0.6000 0.3333
E 0.6000 0.2667 0.6667 0.3333
E 0.6667 0.2667 0.7333 0.3333
D 0.7333 0.2667 0.8000 0.3333
I 0.8000 0.2667 0.8667 0.3333
~ 0.8667 0.2667 0.9333 0.3333
G 0.9333 0.2667 1.0000 0.3333
~ 0.0000 0.3333 0.0667 0.4000
~ 0.0667 0.3333 0.1333 0.4000
~ 0.1333 0.3333 0.2000 0.4000
~ 0.2000 0.3333 0.2667 0.4000
~ 0.2667 0.3333 0.3333 0.4000
~ 0.3333 0.3333 0.4000 0.4000
~ 0.4000 0.3333 0.4667 0.4000
A 0.4667 0.3333 0.5333 0.4000
Y 0.5333 0.3333 0.6000 0.4000
E 0.6000 0.3333 0.6667 0.4000
~ 0.6667 0.3333 0.7333 0.4000
~ 0.7333 0.3333 0.8000 0.4000
~ 0.8000 0.3333 0.8667 0.4000
~ 0.8667 0.3333 0.9333 0.4000
~ 0.9333 0.3333 1.0000 0.4000
~ 0.0000 0.4000 0.0667 0.4667
~ 0.0667 0.4000 0.1333 0.4667
~ 0.1333 0.4000 0.2000 0.4667
~ 0.2000 0.4000 0.2667 0.4667
~ 0.2667 0.4000 0.3333 0.4667
Z 0.3333 0.4000 0.4000 0.4667
E 0.4000 0.4000 0.4667 0.4667
L 0.4667 0.4000 0.5333 0.4667
~ 0.5333 0.4000 0.6000 0.4667
R 0.6000 0.4000 0.6667 0.4667
I 0.6667 0.4000 0.7333 0.4667
C 0.7333 0.4000 0.8000 0.4667
E 0.8000 0.4000 0.8667 0.4667
R 0.8667 0.4000 0.9333 0.4667
S 0.9333 0.4000 1.0000 0.4667
K 0.0000 0.4667 0.0667 0.5333
I 0.0667 0.4667 0.1333 0.5333
L 0.1333 0.4667 0.2000 0.5333
O 0.2000 0.4667 0.2667 0.5333
~ 0.2667 0.4667 0.3333 0.5333
A 0.3333 0.4667 0.4000 0.5333
X 0.4000 0.4667 0.4667 0.5333
I 0.4667 0.4667 0.5333 0.5333
S 0.5333 0.4667 0.6000 0.5333
~ 0.6000 0.4667 0.6667 0.5333
~ 0.6667 0.4667 0.7333 0.5333
H 0.7333 0.4667 0.8000 0.5333
M 0.8000 0.4667 0.8667 0.5333
~ 0.8667 0.4667 0.9333 0.5333
E 0.9333 0.4667 1.0000 0.5333
E 0.0000 0.5333 0.0667 0.6000
~ 0.0667 0.5333 0.1333 0.6000
~ 0.1333 0.5333 0.2000 0.6000
~ 0.2000 0.5333 0.2667 0.6000
~ 0.2667 0.5333 0.3333 0.6000
~ 0.3333 0.5333 0.4000 0.6000
O 0.4000 0.5333 0.4667 0.6000
E 0.4667 0.5333 0.5333 0.6000
~ 0.5333 0.5333 0.6000 0.6000
~ 0.6000 0.5333 0.6667 0.6000
~ 0.6667 0.5333 0.7333 0.6000
A 0.7333 0.5333 0.8000 0.6000
~ 0.8000 0.5333 0.8667 0.6000
D 0.8667 0.5333 0.9333 0.6000
I 0.9333 0.5333 1.0000 0.6000
N 0.0000 0.6000 0.0667 0.6667
U 0.0667 0.6000 0.1333 0.6667
~ 0.1333 0.6000 0.2000 0.6667
~ 0.2000 0.6000 0.2667 0.6667
~ 0.2667 0.6000 0.3333 0.6667
J 0.3333 0.6000 0.4000 0.6667
~ 0.4000 0.6000 0.4667 0.6667
N 0.4667 0.6000 0.5333 0.6667
A 0.5333 0.6000 0.6000 0.6667
W 0.6000 0.6000 0.6667 0.6667
~ 0.6667 0.6000 0.7333 0.6667
T 0.7333 0.6000 0.8000 0.6667
~ 0.8000 0.6000 0.8667 0.6667
O 0.8667 0.6000 0.9333 0.6667
F 0.9333 0.6000 1.0000 0.6667
~ 0.0000 0.6667 0.0667 0.7333
V 0.0667 0.6667 0.1333 0.7333
~ 0.1333 0.6667 0.2000 0.7333
~ 0.2000 0.6667 0.2667 0.7333
Q 0.2667 0.6667 0.3333 0.7333
A 0.3333 0.6667 0.4000 0.7333
T 0.4000 0.6667 0.4667 0.7333
S 0.4667 0.6667 0.5333 0.7333
~ 0.5333 0.6667 0.6000 0.7333
~ 0.6000 0.6667 0.6667 0.7333
A 0.6667 0.6667 0.7333 0.7333
T 0.7333 0.6667 0.8000 0.7333
~ 0.8000 0.6667 0.8667 0.7333
W 0.8667 0.6667 0.9333 0.7333
~ 0.9333 0.6667 1.0000 0.7333
N 0.0000 0.7333 0.0667 0.8000
A 0.0667 0.7333 0.1333 0.8000
~ 0.1333 0.7333 0.2000 0.8000
D 0.2000 0.7333 0.2667 0.8000
I 0.2667 0.7333 0.3333 0.8000
G 0.3333 0.7333 0.4000 0.8000
~ 0.4000 0.7333 0.4667 0.8000
~ 0.4667 0.7333 0.5333 0.8000
~ 0.5333 0.7333 0.6000 0.8000
~ 0.6000 0.7333 0.6667 0.8000
B 0.6667 0.7333 0.7333 0.8000
Y 0.7333 0.7333 0.8000 0.8000
~ 0.8000 0.7333 0.8667 0.8000
F 0.8667 0.7333 0.9333 0.8000
E 0.9333 0.7333 1.0000 0.8000
O 0.0000 0.8000 0.0667 0.8667
~ 0.0667 0.8000 0.1333 0.8667
P 0.1333 0.8000 0.2000 0.8667
I 0.2000 0.8000 0.2667 0.8667
N 0.2667 0.8000 0.3333 0.8667
~ 0.3333 0.8000 0.4000 0.8667
~ 0.4000 0.8000 0.4667 0.8667
~ 0.4667 0.8000 0.5333 0.8667
~ 0.5333 0.8000 0.6000 0.8667
~ 0.6000 0.8000 0.6667 0.8667
~ 0.6667 0.8000 0.7333 0.8667
~ 0.7333 0.8000 0.8000 0.8667
~ 0.8000 0.8000 0.8667 0.8667
~ 0.8667 0.8000 0.9333 0.8667
L 0.9333 0.8000 1.0000 0.8667
P 0.0000 0.8667 0.0667 0.9333
R 0.0667 0.8667 0.1333 0.9333
O 0.1333 0.8667 0.2000 0.9333
M 0.2000 0.8667 0.2667 0.9333
~ 0.2667 0.8667 0.3333 0.9333
~ 0.3333 0.8667 0.4000 0.9333
~ 0.4000 0.8667 0.4667 0.9333
~ 0.4667 0.8667 0.5333 0.9333
~ 0.5333 0.8667 0.6000 0.9333
~ 0.6000 0.8667 0.6667 0.9333
~ 0.6667 0.8667 0.7333 0.9333
~ 0.7333 0.8667 0.8000 0.9333
~ 0.8000 0.8667 0.8667 0.9333
~ 0.8667 0.8667 0.9333 0.9333
L 0.9333 0.8667 1.0000 0.9333
E 0.0000 0.9333 0.0667 1.0000
~ 0.0667 0.9333 0.1333 1.0000
H 0.1333 0.9333 0.2000 1.0000
E 0.2000 0.9333 0.2667 1.0000
R 0.2667 0.9333 0.3333 1.0000
B 0.3333 0.9333 0.4000 1.0000
~ 0.4000 0.9333 0.4667 1.0000
~ 0.4667 0.9333 0.5333 1.0000
~ 0.5333 0.9333 0.6000 1.0000
~ 0.6000 0.9333 0.6667 1.0000
~ 0.6667 0.9333 0.7333 1.0000
U 0.7333 0.9333 0.8000 1.0000
T 0.8000 0.9333 0.8667 1.0000
U 0.8667 0.9333 0.9333 1.0000
S 0.9333 0.9333 1.0000 1.0000
