P 0.0000 0.0000 0.0667 0.0667
~ 0.0667 0.0000 0.1333 0.0667
~ 0.1333 0.0000 0.2000 0.0667
~ 0.2000 0.0000 0.2667 0.0667
~ 0.2667 0.0000 0.3333 0.0667
~ 0.3333 0.0000 0.4000 0.0667
~ 0.4000 0.0000 0.4667 0.0667
~ 0.4667 0.0000 0.5333 0.0667
S 0.5333 0.0000 0.6000 0.0667
~ 0.6000 0.0000 0.6667 0.0667
~ 0.6667 0.0000 0.7333 0.0667
~ 0.7333 0.0000 0.8000 0.0667
~ 0.8000 0.0000 0.8667 0.0667
~ 0.8667 0.0000 0.9333 0.0667
~ 0.9333 0.0000 1.0000 0.0667
I 0.0000 0.0667 0.0667 0.1333
~ 0.0667 0.0667 0.1333 0.1333
~ 0.1333 0.0667 0.2000 0.1333
~ 0.2000 0.0667 0.2667 0.1333
~ 0.2667 0.0667 0.3333 0.1333
~ 0.3333 0.0667 0.4000 0.1333
~ 0.4000 0.0667 0.4667 0.1333
~ 0.4667 0.0667 0.5333 0.1333
U 0.5333 0.0667 0.6000 0.1333
M 0.6000 0.0667 0.6667 0.1333
~ 0.6667 0.0667 0.7333 0.1333
~ 0.7333 0.0667 0.8000 0.1333
~ 0.8000 0.0667 0.8667 0.1333
~ 0.8667 0.0667 0.9333 0.1333
~ 0.9333 0.0667 1.0000 0.1333
E 0.0000 0.1333 0.0667 0.2000
R 0.0667 0.1333 0.1333 0.2000
R 0.1333 0.1333 0.2000 0.2000
~ 0.2000 0.1333 0.2667 0.2000
~ 0.2667 0.1333 0.3333 0.2000
~ 0.3333 0.1333 0.4000 0.2000
~ 0.4000 0.1333 0.4667 0.2000
~ 0.4667 0.1333 0.5333 0.2000
B 0.5333 0.1333 0.6000 0.2000
I 0.6000 0.1333 0.6667 0.2000
~ 0.6667 0.1333 0.7333 0.2000
~ 0.7333 0.1333 0.8000 0.2000
~ 0.8000 0.1333 0.8667 0.2000
~ 0.8667 0.1333 0.9333 0.2000
V 0.9333 0.1333 1.0000 0.2000
T 0.0000 0.2000 0.0667 0.2667
E 0.0667 0.2000 0.1333 0.2667
A 0.1333 0.2000 0.2000 0.2667
~ 0.2000 0.2000 0.2667 0.2667
~ 0.2667 0.2000 0.3333 0.2667
~ 0.3333 0.2000 0.4000 0.2667
~ 0.4000 0.2000 0.4667 0.2667
~ 0.4667 0.2000 0.5333 0.2667
~ 0.5333 0.2000 0.6000 0.2667
N 0.6000 0.2000 0.6667 0.2667
~ 0.6667 0.2000 0.7333 0.2667
~ 0.7333 0.2000 0.8000 0.2667
~ 0.8000 0.2000 0.8667 0.2667
~ 0.8667 0.2000 0.9333 0.2667
A 0.9333 0.2000 1.0000 0.2667
~ 0.0000 0.2667 0.0667 0.3333
M 0.0667 0.2667 0.1333 0.3333
Y 0.1333 0.2667 0.2000 0.3333
~ 0.2000 0.2667 0.2667 0.3333
G 0.2667 0.2667 0.3333 0.3333
~ 0.3333 0.2667 0.4000 0.3333
~ 0.4000 0.2667 0.4667 0.3333
~ 0.4667 0.2667 0.5333 0.3333
~ 0.5333 0.2667 0.6000 0.3333
D 0.6000 0.2667 0.6667 0.3333
Y 0.6667 0.2667 0.7333 0.3333
V 0.7333 0.2667 0.8000 0.3333
O 0.8000 0.2667 0.8667 0.3333
U 0.8667 0.2667 0.9333 0.3333
R 0.9333 0.2667 1.0000 0.3333
~ 0.0000 0.3333 0.0667 0.4000
E 0.0667 0.3333 0.1333 0.4000
A 0.1333 0.3333 0.2000 0.4000
~ 0.2000 0.3333 0.2667 0.4000
A 0.2667 0.3333 0.3333 0.4000
Z 0.3333 0.3333 0.4000 0.4000
O 0.4000 0.3333 0.4667 0.4000
~ 0.4667 0.3333 0.5333 0.4000
~ 0.5333 0.3333 0.6000 0.4000
~ 0.6000 0.3333 0.6667 0.4000
~ 0.6667 0.3333 0.7333 0.4000
~ 0.7333 0.3333 0.8000 0.4000
~ 0.8000 0.3333 0.8667 0.4000
~ 0.8667 0.3333 0.9333 0.4000
E 0.9333 0.3333 1.0000 0.4000
~ 0.0000 0.4000 0.0667 0.4667
L 0.0667 0.4000 0.1333 0.4667
~ 0.1333 0.4000 0.2000 0.4667
~ 0.2000 0.4000 0.2667 0.4667
E 0.2667 0.4000 0.3333 0.4667
~ 0.3333 0.4000 0.4000 0.4667
W 0.4000 0.4000 0.4667 0.4667
O 0.4667 0.4000 0.5333 0.4667
F 0.5333 0.4000 0.6000 0.4667
~ 0.6000 0.4000 0.6667 0.4667
~ 0.6667 0.4000 0.7333 0.4667
~ 0.7333 0.4000 0.8000 0.4667
B 0.8000 0.4000 0.8667 0.4667
O 0.8667 0.4000 0.9333 0.4667
X 0.9333 0.4000 1.0000 0.4667
~ 0.0000 0.4667 0.0667 0.5333
T 0.0667 0.4667 0.1333 0.5333
~ 0.1333 0.4667 0.2000 0.5333
C 0.2000 0.4667 0.2667 0.5333
~ 0.2667 0.4667 0.3333 0.5333
~ 0.3333 0.4667 0.4000 0.5333
~ 0.4000 0.4667 0.4667 0.5333
~ 0.4667 0.4667 0.5333 0.5333
U 0.5333 0.4667 0.6000 0.5333
N 0.6000 0.4667 0.6667 0.5333
N 0.6667 0.4667 0.7333 0.5333
I 0.7333 0.4667 0.8000 0.5333
E 0.8000 0.4667 0.8667 0.5333
R 0.8667 0.4667 0.9333 0.5333
~ 0.9333 0.4667 1.0000 0.5333
~ 0.0000 0.5333 0.0667 0.6000
S 0.0667 0.5333 0.1333 0.6000
C 0.1333 0.5333 0.2000 0.6000
A 0.2000 0.5333 0.2667 0.6000
N 0.2667 0.5333 0.3333 0.6000
T 0.3333 0.5333 0.4000 0.6000
I 0.4000 0.5333 0.4667 0.6000
E 0.4667 0.5333 0.5333 0.6000
R 0.5333 0.5333 0.6000 0.6000
~ 0.6000 0.5333 0.6667 0.6000
~ 0.6667 0.5333 0.7333 0.6000
~ 0.7333 0.5333 0.8000 0.6000
L 0.8000 0.5333 0.8667 0.6000
A 0.8667 0.5333 0.9333 0.6000
~ 0.9333 0.5333 1.0000 0.6000
~ 0.0000 0.6000 0.0667 0.6667
~ 0.0667 0.6000 0.1333 0.6667
~ 0.1333 0.6000 0.2000 0.6667
G 0.2000 0.6000 0.2667 0.6667
~ 0.2667 0.6000 0.3333 0.6667
~ 0.3333 0.6000 0.4000 0.6667
~ 0.4000 0.6000 0.4667 0.6667
~ 0.4667 0.6000 0.5333 0.6667
~ 0.5333 0.6000 0.6000 0.6667
~ 0.6000 0.6000 0.6667 0.6667
~ 0.6667 0.6000 0.7333 0.6667
~ 0.7333 0.6000 0.8000 0.6667
~ 0.8000 0.6000 0.8667 0.6667
T 0.8667 0.6000 0.9333 0.6667
~ 0.9333 0.6000 1.0000 0.6667
~ 0.0000 0.6667 0.0667 0.7333
~ 0.0667 0.6667 0.1333 0.7333
F 0.1333 0.6667 0.2000 0.7333
E 0.2000 0.6667 0.2667 0.7333
H 0.2667 0.6667 0.3333 0.7333
~ 0.3333 0.6667 0.4000 0.7333
~ 0.4000 0.6667 0.4667 0.7333
~ 0.4667 0.6667 0.5333 0.7333
~ 0.5333 0.6667 0.6000 0.7333
~ 0.6000 0.6667 0.6667 0.7333
~ 0.6667 0.6667 0.7333 0.7333
~ 0.7333 0.6667 0.8000 0.7333
~ 0.8000 0.6667 0.8667 0.7333
O 0.8667 0.6667 0.9333 0.7333
~ 0.9333 0.6667 1.0000 0.7333
P 0.0000 0.7333 0.0667 0.8000
~ 0.0667 0.7333 0.1333 0.8000
O 0.1333 0.7333 0.2000 0.8000
D 0.2000 0.7333 0.2667 0.8000
A 0.2667 0.7333 0.3333 0.8000
~ 0.3333 0.7333 0.4000 0.8000
~ 0.4000 0.7333 0.4667 0.8000
~ 0.4667 0.7333 0.5333 0.8000
~ 0.5333 0.7333 0.6000 0.8000
~ 0.6000 0.7333 0.6667 0.8000
~ 0.6667 0.7333 0.7333 0.8000
~ 0.7333 0.7333 0.8000 0.8000
~ 0.8000 0.7333 0.8667 0.8000
R 0.8667 0.7333 0.9333 0.8000
E 0.9333 0.7333 1.0000 0.8000
I 0.0000 0.8000 0.0667 0.8667
~ 0.0667 0.8000 0.1333 0.8667
G 0.1333 0.8000 0.2000 0.8667
~ 0.2000 0.8000 0.2667 0.8667
D 0.2667 0.8000 0.3333 0.8667
~ 0.3333 0.8000 0.4000 0.8667
~ 0.4000 0.8000 0.4667 0.8667
~ 0.4667 0.8000 0.5333 0.8667
~ 0.5333 0.8000 0.6000 0.8667
~ 0.6000 0.8000 0.6667 0.8667
~ 0.6667 0.8000 0.7333 0.8667
~ 0.7333 0.8000 0.8000 0.8667
Q 0.8000 0.8000 0.8667 0.8667
I 0.8667 0.8000 0.9333 0.8667
N 0.9333 0.8000 1.0000 0.8667
N 0.0000 0.8667 0.0667 0.9333
A 0.0667 0.8667 0.1333 0.9333
I 0.1333 0.8667 0.2000 0.9333
L 0.2000 0.8667 0.2667 0.9333
E 0.2667 0.8667 0.3333 0.9333
D 0.3333 0.8667 0.4000 0.9333
~ 0.4000 0.8667 0.4667 0.9333
~ 0.4667 0.8667 0.5333 0.9333
~ 0.5333 0.8667 0.6000 0.9333
~ 0.6000 0.8667 0.6667 0.9333
~ 0.6667 0.8667 0.7333 0.9333
~ 0.7333 0.8667 0.8000 0.9333
~ 0.8000 0.8667 0.8667 0.9333
O 0.8667 0.8667 0.9333 0.9333
~ 0.9333 0.8667 1.0000 0.9333
K 0.0000 0.9333 0.0667 1.0000
~ 0.0667 0.9333 0.1333 1.0000
E 0.1333 0.9333 0.2000 1.0000
~ 0.2000 0.9333 0.2667 1.0000
S 0.2667 0.9333 0.3333 1.0000
I 0.3333 0.9333 0.4000 1.0000
L 0.4000 0.9333 0.4667 1.0000
T 0.4667 0.9333 0.5333 1.0000
~ 0.5333 0.9333 0.6000 1.0000
~ 0.6000 0.9333 0.6667 1.0000
~ 0.6667 0.9333 0.7333 1.0000
J 0.7333 0.9333 0.8000 1.0000
O 0.8000 0.9333 0.8667 1.0000
S 0.8667 0.9333 0.9333 1.0000
H 0.9333 0.9333 1.0000 1.0000
