~ 0.0000 0.0000 0.0667 0.0667
~ 0.0667 0.0000 0.1333 0.0667
~ 0.1333 0.0000 0.2000 0.0667
~ 0.2000 0.0000 0.2667 0.0667
~ 0.2667 0.0000 0.3333 0.0667
~ 0.3333 0.0000 0.4000 0.0667
~ 0.4000 0.0000 0.4667 0.0667
~ 0.4667 0.0000 0.5333 0.0667
~ 0.5333 0.0000 0.6000 0.0667
~ 0.6000 0.0000 0.6667 0.0667
~ 0.6667 0.0000 0.7333 0.0667
~ 0.7333 0.0000 0.8000 0.0667
~ 0.8000 0.0000 0.8667 0.0667
A 0.8667 0.0000 0.9333 0.0667
A 0.9333 0.0000 1.0000 0.0667
~ 0.0000 0.0667 0.0667 0.1333
~ 0.0667 0.0667 0.1333 0.1333
~ 0.1333 0.0667 0.2000 0.1333
~ 0.2000 0.0667 0.2667 0.1333
~ 0.2667 0.0667 0.3333 0.1333
~ 0.3333 0.0667 0.4000 0.1333
~ 0.4000 0.0667 0.4667 0.1333
~ 0.4667 0.0667 0.5333 0.1333
~ 0.5333 0.0667 0.6000 0.1333
~ 0.6000 0.0667 0.6667 0.1333
~ 0.6667 0.0667 0.7333 0.1333
~ 0.7333 0.0667 0.8000 0.1333
~ 0.8000 0.0667 0.8667 0.1333
X 0.8667 0.0667 0.9333 0.1333
I 0.9333 0.0667 1.0000 0.1333
~ 0.0000 0.1333 0.0667 0.2000
~ 0.0667 0.1333 0.1333 0.2000
N 0.1333 0.1333 0.2000 0.2000
~ 0.2000 0.1333 0.2667 0.2000
~ 0.2667 0.1333 0.3333 0.2000
~ 0.3333 0.1333 0.4000 0.2000
~ 0.4000 0.1333 0.4667 0.2000
~ 0.4667 0.1333 0.5333 0.2000
~ 0.5333 0.1333 0.6000 0.2000
~ 0.6000 0.1333 0.6667 0.2000
~ 0.6667 0.1333 0.7333 0.2000
~ 0.7333 0.1333 0.8000 0.2000
Q 0.8000 0.1333 0.8667 0.2000
I 0.8667 0.1333 0.9333 0.2000
S 0.9333 0.1333 1.0000 0.2000
~ 0.0000 0.2000 0.0667 0.2667
L 0.0667 0.2000 0.1333 0.2667
U 0.1333 0.2000 0.2000 0.2667
R 0.2000 0.2000 0.2667 0.2667
I 0.2667 0.2000 0.3333 0.2667
D 0.3333 0.2000 0.4000 0.2667
~ 0.4000 0.2000 0.4667 0.2667
~ 0.4667 0.2000 0.5333 0.2667
~ 0.5333 0.2000 0.6000 0.2667
~ 0.6000 0.2000 0.6667 0.2667
~ 0.6667 0.2000 0.7333 0.2667
O 0.7333 0.2000 0.8000 0.2667
I 0.8000 0.2000 0.8667 0.2667
L 0.8667 0.2000 0.9333 0.2667
~ 0.9333 0.2000 1.0000 0.2667
~ 0.0000 0.2667 0.0667 0.3333
~ 0.0667 0.2667 0.1333 0.3333
T 0.1333 0.2667 0.2000 0.3333
~ 0.2000 0.2667 0.2667 0.3333
F 0.2667 0.2667 0.3333 0.3333
U 0.3333 0.2667 0.4000 0.3333
R 0.4000 0.2667 0.4667 0.3333
Z 0.4667 0.2667 0.5333 0.3333
E 0.5333 0.2667 0.6000 0.3333
~ 0.6000 0.2667 0.6667 0.3333
~ 0.6667 0.2667 0.7333 0.3333
C 0.7333 0.2667 0.8000 0.3333
~ 0.8000 0.2667 0.8667 0.3333
~ 0.8667 0.2667 0.9333 0.3333
~ 0.9333 0.2667 1.0000 0.3333
V 0.0000 0.3333 0.0667 0.4000
~ 0.0667 0.3333 0.1333 0.4000
T 0.1333 0.3333 0.2000 0.4000
~ 0.2000 0.3333 0.2667 0.4000
~ 0.2667 0.3333 0.3333 0.4000
K 0.3333 0.3333 0.4000 0.4000
~ 0.4000 0.3333 0.4667 0.4000
~ 0.4667 0.3333 0.5333 0.4000
~ 0.5333 0.3333 0.6000 0.4000
V 0.6000 0.3333 0.6667 0.4000
~ 0.6667 0.3333 0.7333 0.4000
E 0.7333 0.3333 0.8000 0.4000
~ 0.8000 0.3333 0.8667 0.4000
~ 0.8667 0.3333 0.9333 0.4000
~ 0.9333 0.3333 1.0000 0.4000
A 0.0000 0.4000 0.0667 0.4667
B 0.0667 0.4000 0.1333 0.4667
Y 0.1333 0.4000 0.2000 0.4667
~ 0.2000 0.4000 0.2667 0.4667
~ 0.2667 0.4000 0.3333 0.4667
E 0.3333 0.4000 0.4000 0.4667
~ 0.4000 0.4000 0.4667 0.4667
R 0.4667 0.4000 0.5333 0.4667
~ 0.5333 0.4000 0.6000 0.4667
A 0.6000 0.4000 0.6667 0.4667
B 0.6667 0.4000 0.7333 0.4667
A 0.7333 0.4000 0.8000 0.4667
~ 0.8000 0.4000 0.8667 0.4667
~ 0.8667 0.4000 0.9333 0.4667
~ 0.9333 0.4000 1.0000 0.4667
T 0.0000 0.4667 0.0667 0.5333
I 0.0667 0.4667 0.1333 0.5333
~ 0.1333 0.4667 0.2000 0.5333
J 0.2000 0.4667 0.2667 0.5333
~ 0.2667 0.4667 0.3333 0.5333
~ 0.3333 0.4667 0.4000 0.5333
T 0.4000 0.4667 0.4667 0.5333
A 0.4667 0.4667 0.5333 0.5333
T 0.5333 0.4667 0.6000 0.5333
I 0.6000 0.4667 0.6667 0.5333
O 0.6667 0.4667 0.7333 0.5333
N 0.7333 0.4667 0.8000 0.5333
S 0.8000 0.4667 0.8667 0.5333
~ 0.8667 0.4667 0.9333 0.5333
~ 0.9333 0.4667 1.0000 0.5333
~ 0.0000 0.5333 0.0667 0.6000
~ 0.0667 0.5333 0.1333 0.6000
~ 0.1333 0.5333 0.2000 0.6000
I 0.2000 0.5333 0.2667 0.6000
~ 0.2667 0.5333 0.3333 0.6000
~ 0.3333 0.5333 0.4000 0.6000
~ 0.4000 0.5333 0.4667 0.6000
G 0.4667 0.5333 0.5333 0.6000
~ 0.5333 0.5333 0.6000 0.6000
N 0.6000 0.5333 0.6667 0.6000
O 0.6667 0.5333 0.7333 0.6000
~ 0.7333 0.5333 0.8000 0.6000
L 0.8000 0.5333 0.8667 0.6000
~ 0.8667 0.5333 0.9333 0.6000
~ 0.9333 0.5333 1.0000 0.6000
~ 0.0000 0.6000 0.0667 0.6667
D 0.0667 0.6000 0.1333 0.6667
~ 0.1333 0.6000 0.2000 0.6667
G 0.2000 0.6000 0.2667 0.6667
U 0.2667 0.6000 0.3333 0.6667
Y 0.3333 0.6000 0.4000 0.6667
~ 0.4000 0.6000 0.4667 0.6667
~ 0.4667 0.6000 0.5333 0.6667
~ 0.5333 0.6000 0.6000 0.6667
~ 0.6000 0.6000 0.6667 0.6667
M 0.6667 0.6000 0.7333 0.6667
~ 0.7333 0.6000 0.8000 0.6667
I 0.8000 0.6000 0.8667 0.6667
D 0.8667 0.6000 0.9333 0.6667
~ 0.9333 0.6000 1.0000 0.6667
~ 0.0000 0.6667 0.0667 0.7333
M 0.0667 0.6667 0.1333 0.7333
~ 0.1333 0.6667 0.2000 0.7333
~ 0.2000 0.6667 0.2667 0.7333
P 0.2667 0.6667 0.3333 0.7333
E 0.3333 0.6667 0.4000 0.7333
E 0.4000 0.6667 0.4667 0.7333
L 0.4667 0.6667 0.5333 0.7333
E 0.5333 0.6667 0.6000 0.7333
R 0.6000 0.6667 0.6667 0.7333
S 0.6667 0.6667 0.7333 0.7333
~ 0.7333 0.6667 0.8000 0.7333
T 0.8000 0.6667 0.8667 0.7333
~ 0.8667 0.6667 0.9333 0.7333
~ 0.9333 0.6667 1.0000 0.7333
F 0.0000 0.7333 0.0667 0.8000
E 0.0667 0.7333 0.1333 0.8000
~ 0.1333 0.7333 0.2000 0.8000
N 0.2000 0.7333 0.2667 0.8000
O 0.2667 0.7333 0.3333 0.8000
H 0.3333 0.7333 0.4000 0.8000
~ 0.4000 0.7333 0.4667 0.8000
W 0.4667 0.7333 0.5333 0.8000
~ 0.5333 0.7333 0.6000 0.8000
~ 0.6000 0.7333 0.6667 0.8000
~ 0.6667 0.7333 0.7333 0.8000
W 0.7333 0.7333 0.8000 0.8000
H 0.8000 0.7333 0.8667 0.8000
A 0.8667 0.7333 0.9333 0.8000
P 0.9333 0.7333 1.0000 0.8000
O 0.0000 0.8000 0.0667 0.8667
N 0.0667 0.8000 0.1333 0.8667
E 0.1333 0.8000 0.2000 0.8667
~ 0.2000 0.8000 0.2667 0.8667
~ 0.2667 0.8000 0.3333 0.8667
~ 0.3333 0.8000 0.4000 0.8667
N 0.4000 0.8000 0.4667 0.8667
E 0.4667 0.8000 0.5333 0.8667
~ 0.5333 0.8000 0.6000 0.8667
~ 0.6000 0.8000 0.6667 0.8667
~ 0.6667 0.8000 0.7333 0.8667
~ 0.7333 0.8000 0.8000 0.8667
E 0.8000 0.8000 0.8667 0.8667
~ 0.8667 0.8000 0.9333 0.8667
~ 0.9333 0.8000 1.0000 0.8667
R 0.0000 0.8667 0.0667 0.9333
~ 0.0667 0.8667 0.1333 0.9333
A 0.1333 0.8667 0.2000 0.9333
~ 0.2000 0.8667 0.2667 0.9333
~ 0.2667 0.8667 0.3333 0.9333
~ 0.3333 0.8667 0.4000 0.9333
O 0.4000 0.8667 0.4667 0.9333
I 0.4667 0.8667 0.5333 0.9333
~ 0.5333 0.8667 0.6000 0.9333
C 0.6000 0.8667 0.6667 0.9333
A 0.6667 0.8667 0.7333 0.9333
D 0.7333 0.8667 0.8000 0.9333
R 0.8000 0.8667 0.8667 0.9333
E 0.8667 0.8667 0.9333 0.9333
~ 0.9333 0.8667 1.0000 0.9333
E 0.0000 0.9333 0.0667 1.0000
~ 0.0667 0.9333 0.1333 1.0000
U 0.1333 0.9333 0.2000 1.0000
~ 0.2000 0.9333 0.2667 1.0000
G 0.2667 0.9333 0.3333 1.0000
O 0.3333 0.9333 0.4000 1.0000
O 0.4000 0.9333 0.4667 1.0000
S 0.4667 0.9333 0.5333 1.0000
~ 0.5333 0.9333 0.6000 1.0000
~ 0.6000 0.9333 0.6667 1.0000
~ 0.6667 0.9333 0.7333 1.0000
~ 0.7333 0.9333 0.8000 1.0000
~ 0.8000 0.9333 0.8667 1.0000
~ 0.8667 0.9333 0.9333 1.0000
~ 0.9333 0.9333 1.0000 1.0000
