~ 0.0000 0.0000 0.0667 0.0667
~ 0.0667 0.0000 0.1333 0.0667
~ 0.1333 0.0000 0.2000 0.0667
N 0.2000 0.0000 0.2667 0.0667
E 0.2667 0.0000 0.3333 0.0667
T 0.3333 0.0000 0.4000 0.0667
~ 0.4000 0.0000 0.4667 0.0667
W 0.4667 0.0000 0.5333 0.0667
~ 0.5333 0.0000 0.6000 0.0667
~ 0.6000 0.0000 0.6667 0.0667
~ 0.6667 0.0000 0.7333 0.0667
~ 0.7333 0.0000 0.8000 0.0667
~ 0.8000 0.0000 0.8667 0.0667
J 0.8667 0.0000 0.9333 0.0667
~ 0.9333 0.0000 1.0000 0.0667
~ 0.0000 0.0667 0.0667 0.1333
~ 0.0667 0.0667 0.1333 0.1333
~ 0.1333 0.0667 0.2000 0.1333
U 0.2000 0.0667 0.2667 0.1333
~ 0.2667 0.0667 0.3333 0.1333
O 0.3333 0.0667 0.4000 0.1333
~ 0.4000 0.0667 0.4667 0.1333
H 0.4667 0.0667 0.5333 0.1333
E 0.5333 0.0667 0.6000 0.1333
E 0.6000 0.0667 0.6667 0.1333
D 0.6667 0.0667 0.7333 0.1333
~ 0.7333 0.0667 0.8000 0.1333
R 0.8000 0.0667 0.8667 0.1333
A 0.8667 0.0667 0.9333 0.1333
~ 0.9333 0.0667 1.0000 0.1333
~ 0.0000 0.1333 0.0667 0.2000
~ 0.0667 0.1333 0.1333 0.2000
~ 0.1333 0.1333 0.2000 0.2000
~ 0.2000 0.1333 0.2667 0.2000
~ 0.2667 0.1333 0.3333 0.2000
U 0.3333 0.1333 0.4000 0.2000
~ 0.4000 0.1333 0.4667 0.2000
A 0.4667 0.1333 0.5333 0.2000
~ 0.5333 0.1333 0.6000 0.2000
~ 0.6000 0.1333 0.6667 0.2000
~ 0.6667 0.1333 0.7333 0.2000
F 0.7333 0.1333 0.8000 0.2000
A 0.8000 0.1333 0.8667 0.2000
R 0.8667 0.1333 0.9333 0.2000
E 0.9333 0.1333 1.0000 0.2000
~ 0.0000 0.2000 0.0667 0.2667
~ 0.0667 0.2000 0.1333 0.2667
Q 0.1333 0.2000 0.2000 0.2667
~ 0.2000 0.2000 0.2667 0.2667
O 0.2667 0.2000 0.3333 0.2667
R 0.3333 0.2000 0.4000 0.2667
~ 0.4000 0.2000 0.4667 0.2667
M 0.4667 0.2000 0.5333 0.2667
S 0.5333 0.2000 0.6000 0.2667
~ 0.6000 0.2000 0.6667 0.2667
Y 0.6667 0.2000 0.7333 0.2667
A 0.7333 0.2000 0.8000 0.2667
X 0.8000 0.2000 0.8667 0.2667
~ 0.8667 0.2000 0.9333 0.2667
R 0.9333 0.2000 1.0000 0.2667
~ 0.0000 0.2667 0.0667 0.3333
O 0.0667 0.2667 0.1333 0.3333
I 0.1333 0.2667 0.2000 0.3333
~ 0.2000 0.2667 0.2667 0.3333
~ 0.2667 0.2667 0.3333 0.3333
~ 0.3333 0.2667 0.4000 0.3333
~ 0.4000 0.2667 0.4667 0.3333
~ 0.4667 0.2667 0.5333 0.3333
T 0.5333 0.2667 0.6000 0.3333
O 0.6000 0.2667 0.6667 0.3333
O 0.6667 0.2667 0.7333 0.3333
N 0.7333 0.2667 0.8000 0.3333
~ 0.8000 0.2667 0.8667 0.3333
~ 0.8667 0.2667 0.9333 0.3333
I 0.9333 0.2667 1.0000 0.3333
G 0.0000 0.3333 0.0667 0.4000
I 0.0667 0.3333 0.1333 0.4000
N 0.1333 0.3333 0.2000 0.4000
~ 0.2000 0.3333 0.2667 0.4000
~ 0.2667 0.3333 0.3333 0.4000
~ 0.3333 0.3333 0.4000 0.4000
~ 0.4000 0.3333 0.4667 0.4000
~ 0.4667 0.3333 0.5333 0.4000
R 0.5333 0.3333 0.6000 0.4000
~ 0.6000 0.3333 0.6667 0.4000
~ 0.6667 0.3333 0.7333 0.4000
~ 0.7333 0.3333 0.8000 0.4000
~ 0.8000 0.3333 0.8667 0.4000
I 0.8667 0.3333 0.9333 0.4000
T 0.9333 0.3333 1.0000 0.4000
I 0.0000 0.4000 0.0667 0.4667
~ 0.0667 0.4000 0.1333 0.4667
~ 0.1333 0.4000 0.2000 0.4667
~ 0.2000 0.4000 0.2667 0.4667
~ 0.2667 0.4000 0.3333 0.4667
~ 0.3333 0.4000 0.4000 0.4667
~ 0.4000 0.4000 0.4667 0.4667
L 0.4667 0.4000 0.5333 0.4667
A 0.5333 0.4000 0.6000 0.4667
~ 0.6000 0.4000 0.6667 0.4667
~ 0.6667 0.4000 0.7333 0.4667
~ 0.7333 0.4000 0.8000 0.4667
~ 0.8000 0.4000 0.8667 0.4667
~ 0.8667 0.4000 0.9333 0.4667
~ 0.9333 0.4000 1.0000 0.4667
G 0.0000 0.4667 0.0667 0.5333
~ 0.0667 0.4667 0.1333 0.5333
~ 0.1333 0.4667 0.2000 0.5333
~ 0.2000 0.4667 0.2667 0.5333
~ 0.2667 0.4667 0.3333 0.5333
~ 0.3333 0.4667 0.4000 0.5333
Z 0.4000 0.4667 0.4667 0.5333
A 0.4667 0.4667 0.5333 0.5333
P 0.5333 0.4667 0.6000 0.5333
~ 0.6000 0.4667 0.6667 0.5333
R 0.6667 0.4667 0.7333 0.5333
~ 0.7333 0.4667 0.8000 0.5333
~ 0.8000 0.4667 0.8667 0.5333
~ 0.8667 0.4667 0.9333 0.5333
~ 0.9333 0.4667 1.0000 0.5333
~ 0.0000 0.5333 0.0667 0.6000
~ 0.0667 0.5333 0.1333 0.6000
~ 0.1333 0.5333 0.2000 0.6000
D 0.2000 0.5333 0.2667 0.6000
~ 0.2667 0.5333 0.3333 0.6000
Y 0.3333 0.5333 0.4000 0.6000
A 0.4000 0.5333 0.4667 0.6000
W 0.4667 0.5333 0.5333 0.6000
~ 0.5333 0.5333 0.6000 0.6000
~ 0.6000 0.5333 0.6667 0.6000
U 0.6667 0.5333 0.7333 0.6000
~ 0.7333 0.5333 0.8000 0.6000
B 0.8000 0.5333 0.8667 0.6000
E 0.8667 0.5333 0.9333 0.6000
~ 0.9333 0.5333 1.0000 0.6000
~ 0.0000 0.6000 0.0667 0.6667
~ 0.0667 0.6000 0.1333 0.6667
C 0.1333 0.6000 0.2000 0.6667
O 0.2000 0.6000 0.2667 0.6667
V 0.2667 0.6000 0.3333 0.6667
E 0.3333 0.6000 0.4000 0.6667
~ 0.4000 0.6000 0.4667 0.6667
S 0.4667 0.6000 0.5333 0.6667
H 0.5333 0.6000 0.6000 0.6667
I 0.6000 0.6000 0.6667 0.6667
N 0.6667 0.6000 0.7333 0.6667
N 0.7333 0.6000 0.8000 0.6667
E 0.8000 0.6000 0.8667 0.6667
D 0.8667 0.6000 0.9333 0.6667
~ 0.9333 0.6000 1.0000 0.6667
~ 0.0000 0.6667 0.0667 0.7333
L 0.0667 0.6667 0.1333 0.7333
~ 0.1333 0.6667 0.2000 0.7333
C 0.2000 0.6667 0.2667 0.7333
~ 0.2667 0.6667 0.3333 0.7333
~ 0.3333 0.6667 0.4000 0.7333
~ 0.4000 0.6667 0.4667 0.7333
~ 0.4667 0.6667 0.5333 0.7333
~ 0.5333 0.6667 0.6000 0.7333
~ 0.6000 0.6667 0.6667 0.7333
T 0.6667 0.6667 0.7333 0.7333
~ 0.7333 0.6667 0.8000 0.7333
T 0.8000 0.6667 0.8667 0.7333
~ 0.8667 0.6667 0.9333 0.7333
~ 0.9333 0.6667 1.0000 0.7333
M 0.0000 0.7333 0.0667 0.8000
I 0.0667 0.7333 0.1333 0.8000
L 0.1333 0.7333 0.2000 0.8000
K 0.2000 0.7333 0.2667 0.8000
S 0.2667 0.7333 0.3333 0.8000
~ 0.3333 0.7333 0.4000 0.8000
~ 0.4000 0.7333 0.4667 0.8000
~ 0.4667 0.7333 0.5333 0.8000
~ 0.5333 0.7333 0.6000 0.8000
~ 0.6000 0.7333 0.6667 0.8000
~ 0.6667 0.7333 0.7333 0.8000
~ 0.7333 0.7333 0.8000 0.8000
~ 0.8000 0.7333 0.8667 0.8000
~ 0.8667 0.7333 0.9333 0.8000
~ 0.9333 0.7333 1.0000 0.8000
O 0.0000 0.8000 0.0667 0.8667
P 0.0667 0.8000 0.1333 0.8667
~ 0.1333 0.8000 0.2000 0.8667
~ 0.2000 0.8000 0.2667 0.8667
O 0.2667 0.8000 0.3333 0.8667
~ 0.3333 0.8000 0.4000 0.8667
~ 0.4000 0.8000 0.4667 0.8667
~ 0.4667 0.8000 0.5333 0.8667
~ 0.5333 0.8000 0.6000 0.8667
~ 0.6000 0.8000 0.6667 0.8667
~ 0.6667 0.8000 0.7333 0.8667
~ 0.7333 0.8000 0.8000 0.8667
~ 0.8000 0.8000 0.8667 0.8667
U 0.8667 0.8000 0.9333 0.8667
~ 0.9333 0.8000 1.0000 0.8667
D 0.0000 0.8667 0.0667 0.9333
~ 0.0667 0.8667 0.1333 0.9333
~ 0.1333 0.8667 0.2000 0.9333
~ 0.2000 0.8667 0.2667 0.9333
E 0.2667 0.8667 0.3333 0.9333
V 0.3333 0.8667 0.4000 0.9333
E 0.4000 0.8667 0.4667 0.9333
~ 0.4667 0.8667 0.5333 0.9333
F 0.5333 0.8667 0.6000 0.9333
E 0.6000 0.8667 0.6667 0.9333
E 0.6667 0.8667 0.7333 0.9333
L 0.7333 0.8667 0.8000 0.9333
I 0.8000 0.8667 0.8667 0.9333
N 0.8667 0.8667 0.9333 0.9333
G 0.9333 0.8667 1.0000 0.9333
E 0.0000 0.9333 0.0667 1.0000
~ 0.0667 0.9333 0.1333 1.0000
~ 0.1333 0.9333 0.2000 1.0000
~ 0.2000 0.9333 0.2667 1.0000
~ 0.2667 0.9333 0.3333 1.0000
~ 0.3333 0.9333 0.4000 1.0000
S 0.4000 0.9333 0.4667 1.0000
T 0.4667 0.9333 0.5333 1.0000
A 0.5333 0.9333 0.6000 1.0000
B 0.6000 0.9333 0.6667 1.0000
~ 0.6667 0.9333 0.7333 1.0000
~ 0.7333 0.9333 0.8000 1.0000
~ 0.8000 0.9333 0.8667 1.0000
~ 0.8667 0.9333 0.9333 1.0000
~ 0.9333 0.9333 1.0000 1.0000
