~ 0.0000 0.0000 0.0667 0.0667
~ 0.0667 0.0000 0.1333 0.0667
~ 0.1333 0.0000 0.2000 0.0667
~ 0.2000 0.0000 0.2667 0.0667
~ 0.2667 0.0000 0.3333 0.0667
~ 0.3333 0.0000 0.4000 0.0667
~ 0.4000 0.0000 0.4667 0.0667
~ 0.4667 0.0000 0.5333 0.0667
~ 0.5333 0.0000 0.6000 0.0667
~ 0.6000 0.0000 0.6667 0.0667
~ 0.6667 0.0000 0.7333 0.0667
~ 0.7333 0.0000 0.8000 0.0667
~ 0.8000 0.0000 0.8667 0.0667
~ 0.8667 0.0000 0.9333 0.0667
~ 0.9333 0.0000 1.0000 0.0667
~ 0.0000 0.0667 0.0667 0.1333
~ 0.0667 0.0667 0.1333 0.1333
~ 0.1333 0.0667 0.2000 0.1333
~ 0.2000 0.0667 0.2667 0.1333
~ 0.2667 0.0667 0.3333 0.1333
~ 0.3333 0.0667 0.4000 0.1333
~ 0.4000 0.0667 0.4667 0.1333
~ 0.4667 0.0667 0.5333 0.1333
~ 0.5333 0.0667 0.6000 0.1333
~ 0.6000 0.0667 0.6667 0.1333
~ 0.6667 0.0667 0.7333 0.1333
~ 0.7333 0.0667 0.8000 0.1333
~ 0.8000 0.0667 0.8667 0.1333
~ 0.8667 0.0667 0.9333 0.1333
~ 0.9333 0.0667 1.0000 0.1333
~ 0.0000 0.1333 0.0667 0.2000
~ 0.0667 0.1333 0.1333 0.2000
~ 0.1333 0.1333 0.2000 0.2000
~ 0.2000 0.1333 0.2667 0.2000
Z 0.2667 0.1333 0.3333 0.2000
~ 0.3333 0.1333 0.4000 0.2000
~ 0.4000 0.1333 0.4667 0.2000
~ 0.4667 0.1333 0.5333 0.2000
A 0.5333 0.1333 0.6000 0.2000
W 0.6000 0.1333 0.6667 0.2000
E 0.6667 0.1333 0.7333 0.2000
~ 0.7333 0.1333 0.8000 0.2000
M 0.8000 0.1333 0.8667 0.2000
I 0.8667 0.1333 0.9333 0.2000
~ 0.9333 0.1333 1.0000 0.2000
~ 0.0000 0.2000 0.0667 0.2667
~ 0.0667 0.2000 0.1333 0.2667
Q 0.1333 0.2000 0.2000 0.2667
U 0.2000 0.2000 0.2667 0.2667
I 0.2667 0.2000 0.3333 0.2667
N 0.3333 0.2000 0.4000 0.2667
~ 0.4000 0.2000 0.4667 0.2667
C 0.4667 0.2000 0.5333 0.2667
R 0.5333 0.2000 0.6000 0.2667
A 0.6000 0.2000 0.6667 0.2667
M 0.6667 0.2000 0.7333 0.2667
B 0.7333 0.2000 0.8000 0.2667
E 0.8000 0.2000 0.8667 0.2667
~ 0.8667 0.2000 0.9333 0.2667
~ 0.9333 0.2000 1.0000 0.2667
~ 0.0000 0.2667 0.0667 0.3333
~ 0.0667 0.2667 0.1333 0.3333
I 0.1333 0.2667 0.2000 0.3333
N 0.2000 0.2667 0.2667 0.3333
T 0.2667 0.2667 0.3333 0.3333
I 0.3333 0.2667 0.4000 0.3333
~ 0.4000 0.2667 0.4667 0.3333
~ 0.4667 0.2667 0.5333 0.3333
~ 0.5333 0.2667 0.6000 0.3333
R 0.6000 0.2667 0.6667 0.3333
E 0.6667 0.2667 0.7333 0.3333
E 0.7333 0.2667 0.8000 0.3333
L 0.8000 0.2667 0.8667 0.3333
~ 0.8667 0.2667 0.9333 0.3333
~ 0.9333 0.2667 1.0000 0.3333
~ 0.0000 0.3333 0.0667 0.4000
~ 0.0667 0.3333 0.1333 0.4000
~ 0.1333 0.3333 0.2000 0.4000
~ 0.2000 0.3333 0.2667 0.4000
~ 0.2667 0.3333 0.3333 0.4000
P 0.3333 0.3333 0.4000 0.4000
E 0.4000 0.3333 0.4667 0.4000
~ 0.4667 0.3333 0.5333 0.4000
A 0.5333 0.3333 0.6000 0.4000
Y 0.6000 0.3333 0.6667 0.4000
~ 0.6667 0.3333 0.7333 0.4000
~ 0.7333 0.3333 0.8000 0.4000
D 0.8000 0.3333 0.8667 0.4000
~ 0.8667 0.3333 0.9333 0.4000
~ 0.9333 0.3333 1.0000 0.4000
~ 0.0000 0.4000 0.0667 0.4667
~ 0.0667 0.4000 0.1333 0.4667
N 0.1333 0.4000 0.2000 0.4667
~ 0.2000 0.4000 0.2667 0.4667
P 0.2667 0.4000 0.3333 0.4667
~ 0.3333 0.4000 0.4000 0.4667
U 0.4000 0.4000 0.4667 0.4667
~ 0.4667 0.4000 0.5333 0.4667
U 0.5333 0.4000 0.6000 0.4667
~ 0.6000 0.4000 0.6667 0.4667
~ 0.6667 0.4000 0.7333 0.4667
~ 0.7333 0.4000 0.8000 0.4667
I 0.8000 0.4000 0.8667 0.4667
~ 0.8667 0.4000 0.9333 0.4667
~ 0.9333 0.4000 1.0000 0.4667
~ 0.0000 0.4667 0.0667 0.5333
~ 0.0667 0.4667 0.1333 0.5333
A 0.1333 0.4667 0.2000 0.5333
V 0.2000 0.4667 0.2667 0.5333
E 0.2667 0.4667 0.3333 0.5333
~ 0.3333 0.4667 0.4000 0.5333
G 0.4000 0.4667 0.4667 0.5333
E 0.4667 0.4667 0.5333 0.5333
D 0.5333 0.4667 0.6000 0.5333
~ 0.6000 0.4667 0.6667 0.5333
J 0.6667 0.4667 0.7333 0.5333
U 0.7333 0.4667 0.8000 0.5333
N 0.8000 0.4667 0.8667 0.5333
T 0.8667 0.4667 0.9333 0.5333
O 0.9333 0.4667 1.0000 0.5333
~ 0.0000 0.5333 0.0667 0.6000
~ 0.0667 0.5333 0.1333 0.6000
G 0.1333 0.5333 0.2000 0.6000
~ 0.2000 0.5333 0.2667 0.6000
L 0.2667 0.5333 0.3333 0.6000
~ 0.3333 0.5333 0.4000 0.6000
E 0.4000 0.5333 0.4667 0.6000
~ 0.4667 0.5333 0.5333 0.6000
I 0.5333 0.5333 0.6000 0.6000
~ 0.6000 0.5333 0.6667 0.6000
~ 0.6667 0.5333 0.7333 0.6000
~ 0.7333 0.5333 0.8000 0.6000
G 0.8000 0.5333 0.8667 0.6000
~ 0.8667 0.5333 0.9333 0.6000
~ 0.9333 0.5333 1.0000 0.6000
~ 0.0000 0.6000 0.0667 0.6667
~ 0.0667 0.6000 0.1333 0.6667
~ 0.1333 0.6000 0.2000 0.6667
~ 0.2000 0.6000 0.2667 0.6667
V 0.2667 0.6000 0.3333 0.6667
~ 0.3333 0.6000 0.4000 0.6667
N 0.4000 0.6000 0.4667 0.6667
~ 0.4667 0.6000 0.5333 0.6667
O 0.5333 0.6000 0.6000 0.6667
F 0.6000 0.6000 0.6667 0.6667
~ 0.6667 0.6000 0.7333 0.6667
~ 0.7333 0.6000 0.8000 0.6667
~ 0.8000 0.6000 0.8667 0.6667
~ 0.8667 0.6000 0.9333 0.6667
~ 0.9333 0.6000 1.0000 0.6667
~ 0.0000 0.6667 0.0667 0.7333
~ 0.0667 0.6667 0.1333 0.7333
~ 0.1333 0.6667 0.2000 0.7333
~ 0.2000 0.6667 0.2667 0.7333
I 0.2667 0.6667 0.3333 0.7333
~ 0.3333 0.6667 0.4000 0.7333
I 0.4000 0.6667 0.4667 0.7333
~ 0.4667 0.6667 0.5333 0.7333
~ 0.5333 0.6667 0.6000 0.7333
L 0.6000 0.6667 0.6667 0.7333
O 0.6667 0.6667 0.7333 0.7333
A 0.7333 0.6667 0.8000 0.7333
N 0.8000 0.6667 0.8667 0.7333
~ 0.8667 0.6667 0.9333 0.7333
~ 0.9333 0.6667 1.0000 0.7333
~ 0.0000 0.7333 0.0667 0.8000
~ 0.0667 0.7333 0.1333 0.8000
R 0.1333 0.7333 0.2000 0.8000
O 0.2000 0.7333 0.2667 0.8000
C 0.2667 0.7333 0.3333 0.8000
~ 0.3333 0.7333 0.4000 0.8000
A 0.4000 0.7333 0.4667 0.8000
H 0.4667 0.7333 0.5333 0.8000
~ 0.5333 0.7333 0.6000 0.8000
E 0.6000 0.7333 0.6667 0.8000
F 0.6667 0.7333 0.7333 0.8000
T 0.7333 0.7333 0.8000 0.8000
~ 0.8000 0.7333 0.8667 0.8000
T 0.8667 0.7333 0.9333 0.8000
O 0.9333 0.7333 1.0000 0.8000
~ 0.0000 0.8000 0.0667 0.8667
~ 0.0667 0.8000 0.1333 0.8667
~ 0.1333 0.8000 0.2000 0.8667
~ 0.2000 0.8000 0.2667 0.8667
~ 0.2667 0.8000 0.3333 0.8667
~ 0.3333 0.8000 0.4000 0.8667
S 0.4000 0.8000 0.4667 0.8667
O 0.4667 0.8000 0.5333 0.8667
~ 0.5333 0.8000 0.6000 0.8667
D 0.6000 0.8000 0.6667 0.8667
~ 0.6667 0.8000 0.7333 0.8667
~ 0.7333 0.8000 0.8000 0.8667
H 0.8000 0.8000 0.8667 0.8667
E 0.8667 0.8000 0.9333 0.8667
X 0.9333 0.8000 1.0000 0.8667
B 0.0000 0.8667 0.0667 0.9333
A 0.0667 0.8667 0.1333 0.9333
W 0.1333 0.8667 0.2000 0.9333
T 0.2000 0.8667 0.2667 0.9333
I 0.2667 0.8667 0.3333 0.9333
E 0.3333 0.8667 0.4000 0.9333
~ 0.4000 0.8667 0.4667 0.9333
L 0.4667 0.8667 0.5333 0.9333
~ 0.5333 0.8667 0.6000 0.9333
~ 0.6000 0.8667 0.6667 0.9333
~ 0.6667 0.8667 0.7333 0.9333
O 0.7333 0.8667 0.8000 0.9333
O 0.8000 0.8667 0.8667 0.9333
T 0.8667 0.8667 0.9333 0.9333
~ 0.9333 0.8667 1.0000 0.9333
A 0.0000 0.9333 0.0667 1.0000
R 0.0667 0.9333 0.1333 1.0000
E 0.1333 0.9333 0.2000 1.0000
~ 0.2000 0.9333 0.2667 1.0000
~ 0.2667 0.9333 0.3333 1.0000
S 0.3333 0.9333 0.4000 1.0000
K 0.4000 0.9333 0.4667 1.0000
Y 0.4667 0.9333 0.5333 1.0000
~ 0.5333 0.9333 0.6000 1.0000
A 0.6000 0.9333 0.6667 1.0000
R 0.6667 0.9333 0.7333 1.0000
D 0.7333 0.9333 0.8000 1.0000
S 0.8000 0.9333 0.8667 1.0000
~ 0.8667 0.9333 0.9333 1.0000
~ 0.9333 0.9333 1.0000 1.0000
