~ 0.0000 0.0000 0.0667 0.0667
~ 0.0667 0.0000 0.1333 0.0667
~ 0.1333 0.0000 0.2000 0.0667
~ 0.2000 0.0000 0.2667 0.0667
~ 0.2667 0.0000 0.3333 0.0667
~ 0.3333 0.0000 0.4000 0.0667
~ 0.4000 0.0000 0.4667 0.0667
R 0.4667 0.0000 0.5333 0.0667
E 0.5333 0.0000 0.6000 0.0667
G 0.6000 0.0000 0.6667 0.0667
I 0.6667 0.0000 0.7333 0.0667
M 0.7333 0.0000 0.8000 0.0667
E 0.8000 0.0000 0.8667 0.0667
~ 0.8667 0.0000 0.9333 0.0667
~ 0.9333 0.0000 1.0000 0.0667
~ 0.0000 0.0667 0.0667 0.1333
~ 0.0667 0.0667 0.1333 0.1333
~ 0.1333 0.0667 0.2000 0.1333
~ 0.2000 0.0667 0.2667 0.1333
~ 0.2667 0.0667 0.3333 0.1333
~ 0.3333 0.0667 0.4000 0.1333
~ 0.4000 0.0667 0.4667 0.1333
~ 0.4667 0.0667 0.5333 0.1333
~ 0.5333 0.0667 0.6000 0.1333
~ 0.6000 0.0667 0.6667 0.1333
~ 0.6667 0.0667 0.7333 0.1333
~ 0.7333 0.0667 0.8000 0.1333
~ 0.8000 0.0667 0.8667 0.1333
H 0.8667 0.0667 0.9333 0.1333
E 0.9333 0.0667 1.0000 0.1333
~ 0.0000 0.1333 0.0667 0.2000
~ 0.0667 0.1333 0.1333 0.2000
~ 0.1333 0.1333 0.2000 0.2000
~ 0.2000 0.1333 0.2667 0.2000
~ 0.2667 0.1333 0.3333 0.2000
~ 0.3333 0.1333 0.4000 0.2000
~ 0.4000 0.1333 0.4667 0.2000
~ 0.4667 0.1333 0.5333 0.2000
~ 0.5333 0.1333 0.6000 0.2000
~ 0.6000 0.1333 0.6667 0.2000
~ 0.6667 0.1333 0.7333 0.2000
~ 0.7333 0.1333 0.8000 0.2000
~ 0.8000 0.1333 0.8667 0.2000
A 0.8667 0.1333 0.9333 0.2000
R 0.9333 0.1333 1.0000 0.2000
~ 0.0000 0.2000 0.0667 0.2667
~ 0.0667 0.2000 0.1333 0.2667
~ 0.1333 0.2000 0.2000 0.2667
~ 0.2000 0.2000 0.2667 0.2667
~ 0.2667 0.2000 0.3333 0.2667
~ 0.3333 0.2000 0.4000 0.2667
R 0.4000 0.2000 0.4667 0.2667
~ 0.4667 0.2000 0.5333 0.2667
~ 0.5333 0.2000 0.6000 0.2667
R 0.6000 0.2000 0.6667 0.2667
I 0.6667 0.2000 0.7333 0.2667
B 0.7333 0.2000 0.8000 0.2667
~ 0.8000 0.2000 0.8667 0.2667
M 0.8667 0.2000 0.9333 0.2667
A 0.9333 0.2000 1.0000 0.2667
~ 0.0000 0.2667 0.0667 0.3333
~ 0.0667 0.2667 0.1333 0.3333
~ 0.1333 0.2667 0.2000 0.3333
~ 0.2000 0.2667 0.2667 0.3333
J 0.2667 0.2667 0.3333 0.3333
O 0.3333 0.2667 0.4000 0.3333
I 0.4000 0.2667 0.4667 0.3333
N 0.4667 0.2667 0.5333 0.3333
T 0.5333 0.2667 0.6000 0.3333
~ 0.6000 0.2667 0.6667 0.3333
~ 0.6667 0.2667 0.7333 0.3333
R 0.7333 0.2667 0.8000 0.3333
~ 0.8000 0.2667 0.8667 0.3333
~ 0.8667 0.2667 0.9333 0.3333
D 0.9333 0.2667 1.0000 0.3333
~ 0.0000 0.3333 0.0667 0.4000
~ 0.0667 0.3333 0.1333 0.4000
~ 0.1333 0.3333 0.2000 0.4000
~ 0.2000 0.3333 0.2667 0.4000
~ 0.2667 0.3333 0.3333 0.4000
~ 0.3333 0.3333 0.4000 0.4000
G 0.4000 0.3333 0.4667 0.4000
~ 0.4667 0.3333 0.5333 0.4000
~ 0.5333 0.3333 0.6000 0.4000
Q 0.6000 0.3333 0.6667 0.4000
~ 0.6667 0.3333 0.7333 0.4000
I 0.7333 0.3333 0.8000 0.4000
~ 0.8000 0.3333 0.8667 0.4000
K 0.8667 0.3333 0.9333 0.4000
I 0.9333 0.3333 1.0000 0.4000
~ 0.0000 0.4000 0.0667 0.4667
~ 0.0667 0.4000 0.1333 0.4667
~ 0.1333 0.4000 0.2000 0.4667
~ 0.2000 0.4000 0.2667 0.4667
~ 0.2667 0.4000 0.3333 0.4667
~ 0.3333 0.4000 0.4000 0.4667
O 0.4000 0.4000 0.4667 0.4667
~ 0.4667 0.4000 0.5333 0.4667
~ 0.5333 0.4000 0.6000 0.4667
I 0.6000 0.4000 0.6667 0.4667
N 0.6667 0.4000 0.7333 0.4667
N 0.7333 0.4000 0.8000 0.4667
~ 0.8000 0.4000 0.8667 0.4667
~ 0.8667 0.4000 0.9333 0.4667
A 0.9333 0.4000 1.0000 0.4667
~ 0.0000 0.4667 0.0667 0.5333
~ 0.0667 0.4667 0.1333 0.5333
~ 0.1333 0.4667 0.2000 0.5333
~ 0.2000 0.4667 0.2667 0.5333
~ 0.2667 0.4667 0.3333 0.5333
F 0.3333 0.4667 0.4000 0.5333
R 0.4000 0.4667 0.4667 0.5333
A 0.4667 0.4667 0.5333 0.5333
T 0.5333 0.4667 0.6000 0.5333
~ 0.6000 0.4667 0.6667 0.5333
Y 0.6667 0.4667 0.7333 0.5333
E 0.7333 0.4667 0.8000 0.5333
A 0.8000 0.4667 0.8667 0.5333
S 0.8667 0.4667 0.9333 0.5333
T 0.9333 0.4667 1.0000 0.5333
~ 0.0000 0.5333 0.0667 0.6000
~ 0.0667 0.5333 0.1333 0.6000
~ 0.1333 0.5333 0.2000 0.6000
~ 0.2000 0.5333 0.2667 0.6000
B 0.2667 0.5333 0.3333 0.6000
A 0.3333 0.5333 0.4000 0.6000
~ 0.4000 0.5333 0.4667 0.6000
Y 0.4667 0.5333 0.5333 0.6000
O 0.5333 0.5333 0.6000 0.6000
W 0.6000 0.5333 0.6667 0.6000
L 0.6667 0.5333 0.7333 0.6000
~ 0.7333 0.5333 0.8000 0.6000
~ 0.8000 0.5333 0.8667 0.6000
~ 0.8667 0.5333 0.9333 0.6000
E 0.9333 0.5333 1.0000 0.6000
~ 0.0000 0.6000 0.0667 0.6667
Z 0.0667 0.6000 0.1333 0.6667
~ 0.1333 0.6000 0.2000 0.6667
H 0.2000 0.6000 0.2667 0.6667
E 0.2667 0.6000 0.3333 0.6667
X 0.3333 0.6000 0.4000 0.6667
~ 0.4000 0.6000 0.4667 0.6667
~ 0.4667 0.6000 0.5333 0.6667
P 0.5333 0.6000 0.6000 0.6667
O 0.6000 0.6000 0.6667 0.6667
O 0.6667 0.6000 0.7333 0.6667
L 0.7333 0.6000 0.8000 0.6667
~ 0.8000 0.6000 0.8667 0.6667
F 0.8667 0.6000 0.9333 0.6667
~ 0.9333 0.6000 1.0000 0.6667
~ 0.0000 0.6667 0.0667 0.7333
A 0.0667 0.6667 0.1333 0.7333
P 0.1333 0.6667 0.2000 0.7333
E 0.2000 0.6667 0.2667 0.7333
D 0.2667 0.6667 0.3333 0.7333
~ 0.3333 0.6667 0.4000 0.7333
U 0.4000 0.6667 0.4667 0.7333
~ 0.4667 0.6667 0.5333 0.7333
~ 0.5333 0.6667 0.6000 0.7333
~ 0.6000 0.6667 0.6667 0.7333
N 0.6667 0.6667 0.7333 0.7333
~ 0.7333 0.6667 0.8000 0.7333
~ 0.8000 0.6667 0.8667 0.7333
U 0.8667 0.6667 0.9333 0.7333
~ 0.9333 0.6667 1.0000 0.7333
C 0.0000 0.7333 0.0667 0.8000
~ 0.0667 0.7333 0.1333 0.8000
A 0.1333 0.7333 0.2000 0.8000
L 0.2000 0.7333 0.2667 0.8000
~ 0.2667 0.7333 0.3333 0.8000
~ 0.3333 0.7333 0.4000 0.8000
N 0.4000 0.7333 0.4667 0.8000
~ 0.4667 0.7333 0.5333 0.8000
V 0.5333 0.7333 0.6000 0.8000
I 0.6000 0.7333 0.6667 0.8000
S 0.6667 0.7333 0.7333 0.8000
I 0.7333 0.7333 0.8000 0.8000
T 0.8000 0.7333 0.8667 0.8000
S 0.8667 0.7333 0.9333 0.8000
~ 0.9333 0.7333 1.0000 0.8000
O 0.0000 0.8000 0.0667 0.8667
~ 0.0667 0.8000 0.1333 0.8667
~ 0.1333 0.8000 0.2000 0.8667
L 0.2000 0.8000 0.2667 0.8667
~ 0.2667 0.8000 0.3333 0.8667
~ 0.3333 0.8000 0.4000 0.8667
C 0.4000 0.8000 0.4667 0.8667
~ 0.4667 0.8000 0.5333 0.8667
~ 0.5333 0.8000 0.6000 0.8667
~ 0.6000 0.8000 0.6667 0.8667
~ 0.6667 0.8000 0.7333 0.8667
~ 0.7333 0.8000 0.8000 0.8667
~ 0.8000 0.8000 0.8667 0.8667
E 0.8667 0.8000 0.9333 0.8667
~ 0.9333 0.8000 1.0000 0.8667
V 0.0000 0.8667 0.0667 0.9333
U 0.0667 0.8667 0.1333 0.9333
G 0.1333 0.8667 0.2000 0.9333
S 0.2000 0.8667 0.2667 0.9333
~ 0.2667 0.8667 0.3333 0.9333
~ 0.3333 0.8667 0.4000 0.9333
U 0.4000 0.8667 0.4667 0.9333
~ 0.4667 0.8667 0.5333 0.9333
W 0.5333 0.8667 0.6000 0.9333
A 0.6000 0.8667 0.6667 0.9333
N 0.6667 0.8667 0.7333 0.9333
T 0.7333 0.8667 0.8000 0.9333
E 0.8000 0.8667 0.8667 0.9333
N 0.8667 0.8667 0.9333 0.9333
~ 0.9333 0.8667 1.0000 0.9333
E 0.0000 0.9333 0.0667 1.0000
~ 0.0667 0.9333 0.1333 1.0000
~ 0.1333 0.9333 0.2000 1.0000
~ 0.2000 0.9333 0.2667 1.0000
~ 0.2667 0.9333 0.3333 1.0000
~ 0.3333 0.9333 0.4000 1.0000
T 0.4000 0.9333 0.4667 1.0000
O 0.4667 0.9333 0.5333 1.0000
E 0.5333 0.9333 0.6000 1.0000
~ 0.6000 0.9333 0.6667 1.0000
~ 0.6667 0.9333 0.7333 1.0000
I 0.7333 0.9333 0.8000 1.0000
D 0.8000 0.9333 0.8667 1.0000
~ 0.8667 0.9333 0.9333 1.0000
~ 0.9333 0.9333 1.0000 1.0000
