~ 0.0000 0.0000 0.0667 0.0667
~ 0.0667 0.0000 0.1333 0.0667
~ 0.1333 0.0000 0.2000 0.0667
~ 0.2000 0.0000 0.2667 0.0667
~ 0.2667 0.0000 0.3333 0.0667
~ 0.3333 0.0000 0.4000 0.0667
~ 0.4000 0.0000 0.4667 0.0667
O 0.4667 0.0000 0.5333 0.0667
W 0.5333 0.0000 0.6000 0.0667
~ 0.6000 0.0000 0.6667 0.0667
~ 0.6667 0.0000 0.7333 0.0667
~ 0.7333 0.0000 0.8000 0.0667
~ 0.8000 0.0000 0.8667 0.0667
~ 0.8667 0.0000 0.9333 0.0667
~ 0.9333 0.0000 1.0000 0.0667
~ 0.0000 0.0667 0.0667 0.1333
~ 0.0667 0.0667 0.1333 0.1333
~ 0.1333 0.0667 0.2000 0.1333
~ 0.2000 0.0667 0.2667 0.1333
~ 0.2667 0.0667 0.3333 0.1333
I 0.3333 0.0667 0.4000 0.1333
D 0.4000 0.0667 0.4667 0.1333
D 0.4667 0.0667 0.5333 0.1333
E 0.5333 0.0667 0.6000 0.1333
R 0.6000 0.0667 0.6667 0.1333
S 0.6667 0.0667 0.7333 0.1333
~ 0.7333 0.0667 0.8000 0.1333
~ 0.8000 0.0667 0.8667 0.1333
~ 0.8667 0.0667 0.9333 0.1333
~ 0.9333 0.0667 1.0000 0.1333
~ 0.0000 0.1333 0.0667 0.2000
~ 0.0667 0.1333 0.1333 0.2000
A 0.1333 0.1333 0.2000 0.2000
V 0.2000 0.1333 0.2667 0.2000
O 0.2667 0.1333 0.3333 0.2000
~ 0.3333 0.1333 0.4000 0.2000
~ 0.4000 0.1333 0.4667 0.2000
~ 0.4667 0.1333 0.5333 0.2000
B 0.5333 0.1333 0.6000 0.2000
E 0.6000 0.1333 0.6667 0.2000
T 0.6667 0.1333 0.7333 0.2000
~ 0.7333 0.1333 0.8000 0.2000
~ 0.8000 0.1333 0.8667 0.2000
~ 0.8667 0.1333 0.9333 0.2000
~ 0.9333 0.1333 1.0000 0.2000
~ 0.0000 0.2000 0.0667 0.2667
~ 0.0667 0.2000 0.1333 0.2667
~ 0.1333 0.2000 0.2000 0.2667
A 0.2000 0.2000 0.2667 0.2667
R 0.2667 0.2000 0.3333 0.2667
~ 0.3333 0.2000 0.4000 0.2667
~ 0.4000 0.2000 0.4667 0.2667
~ 0.4667 0.2000 0.5333 0.2667
~ 0.5333 0.2000 0.6000 0.2667
~ 0.6000 0.2000 0.6667 0.2667
R 0.6667 0.2000 0.7333 0.2667
A 0.7333 0.2000 0.8000 0.2667
Z 0.8000 0.2000 0.8667 0.2667
E 0.8667 0.2000 0.9333 0.2667
D 0.9333 0.2000 1.0000 0.2667
~ 0.0000 0.2667 0.0667 0.3333
~ 0.0667 0.2667 0.1333 0.3333
~ 0.1333 0.2667 0.2000 0.3333
R 0.2000 0.2667 0.2667 0.3333
E 0.2667 0.2667 0.3333 0.3333
M 0.3333 0.2667 0.4000 0.3333
~ 0.4000 0.2667 0.4667 0.3333
~ 0.4667 0.2667 0.5333 0.3333
~ 0.5333 0.2667 0.6000 0.3333
~ 0.6000 0.2667 0.6667 0.3333
I 0.6667 0.2667 0.7333 0.3333
~ 0.7333 0.2667 0.8000 0.3333
~ 0.8000 0.2667 0.8667 0.3333
~ 0.8667 0.2667 0.9333 0.3333
I 0.9333 0.2667 1.0000 0.3333
~ 0.0000 0.3333 0.0667 0.4000
~ 0.0667 0.3333 0.1333 0.4000
~ 0.1333 0.3333 0.2000 0.4000
~ 0.2000 0.3333 0.2667 0.4000
S 0.2667 0.3333 0.3333 0.4000
I 0.3333 0.3333 0.4000 0.4000
~ 0.4000 0.3333 0.4667 0.4000
~ 0.4667 0.3333 0.5333 0.4000
~ 0.5333 0.3333 0.6000 0.4000
~ 0.6000 0.3333 0.6667 0.4000
N 0.6667 0.3333 0.7333 0.4000
~ 0.7333 0.3333 0.8000 0.4000
~ 0.8000 0.3333 0.8667 0.4000
~ 0.8667 0.3333 0.9333 0.4000
O 0.9333 0.3333 1.0000 0.4000
~ 0.0000 0.4000 0.0667 0.4667
~ 0.0667 0.4000 0.1333 0.4667
~ 0.1333 0.4000 0.2000 0.4667
~ 0.2000 0.4000 0.2667 0.4667
~ 0.2667 0.4000 0.3333 0.4667
C 0.3333 0.4000 0.4000 0.4667
~ 0.4000 0.4000 0.4667 0.4667
~ 0.4667 0.4000 0.5333 0.4667
J 0.5333 0.4000 0.6000 0.4667
U 0.6000 0.4000 0.6667 0.4667
G 0.6667 0.4000 0.7333 0.4667
~ 0.7333 0.4000 0.8000 0.4667
~ 0.8000 0.4000 0.8667 0.4667
~ 0.8667 0.4000 0.9333 0.4667
X 0.9333 0.4000 1.0000 0.4667
~ 0.0000 0.4667 0.0667 0.5333
~ 0.0667 0.4667 0.1333 0.5333
~ 0.1333 0.4667 0.2000 0.5333
~ 0.2000 0.4667 0.2667 0.5333
~ 0.2667 0.4667 0.3333 0.5333
K 0.3333 0.4667 0.4000 0.5333
O 0.4000 0.4667 0.4667 0.5333
A 0.4667 0.4667 0.5333 0.5333
~ 0.5333 0.4667 0.6000 0.5333
~ 0.6000 0.4667 0.6667 0.5333
~ 0.6667 0.4667 0.7333 0.5333
~ 0.7333 0.4667 0.8000 0.5333
~ 0.8000 0.4667 0.8667 0.5333
~ 0.8667 0.4667 0.9333 0.5333
~ 0.9333 0.4667 1.0000 0.5333
~ 0.0000 0.5333 0.0667 0.6000
~ 0.0667 0.5333 0.1333 0.6000
~ 0.1333 0.5333 0.2000 0.6000
~ 0.2000 0.5333 0.2667 0.6000
~ 0.2667 0.5333 0.3333 0.6000
~ 0.3333 0.5333 0.4000 0.6000
P 0.4000 0.5333 0.4667 0.6000
I 0.4667 0.5333 0.5333 0.6000
V 0.5333 0.5333 0.6000 0.6000
O 0.6000 0.5333 0.6667 0.6000
T 0.6667 0.5333 0.7333 0.6000
~ 0.7333 0.5333 0.8000 0.6000
~ 0.8000 0.5333 0.8667 0.6000
~ 0.8667 0.5333 0.9333 0.6000
N 0.9333 0.5333 1.0000 0.6000
~ 0.0000 0.6000 0.0667 0.6667
~ 0.0667 0.6000 0.1333 0.6667
~ 0.1333 0.6000 0.2000 0.6667
Q 0.2000 0.6000 0.2667 0.6667
~ 0.2667 0.6000 0.3333 0.6667
~ 0.3333 0.6000 0.4000 0.6667
~ 0.4000 0.6000 0.4667 0.6667
R 0.4667 0.6000 0.5333 0.6667
~ 0.5333 0.6000 0.6000 0.6667
E 0.6000 0.6000 0.6667 0.6667
A 0.6667 0.6000 0.7333 0.6667
U 0.7333 0.6000 0.8000 0.6667
~ 0.8000 0.6000 0.8667 0.6667
~ 0.8667 0.6000 0.9333 0.6667
E 0.9333 0.6000 1.0000 0.6667
~ 0.0000 0.6667 0.0667 0.7333
F 0.0667 0.6667 0.1333 0.7333
R 0.1333 0.6667 0.2000 0.7333
A 0.2000 0.6667 0.2667 0.7333
Y 0.2667 0.6667 0.3333 0.7333
~ 0.3333 0.6667 0.4000 0.7333
U 0.4000 0.6667 0.4667 0.7333
T 0.4667 0.6667 0.5333 0.7333
~ 0.5333 0.6667 0.6000 0.7333
~ 0.6000 0.6667 0.6667 0.7333
O 0.6667 0.6667 0.7333 0.7333
P 0.7333 0.6667 0.8000 0.7333
E 0.8000 0.6667 0.8667 0.7333
~ 0.8667 0.6667 0.9333 0.7333
S 0.9333 0.6667 1.0000 0.7333
~ 0.0000 0.7333 0.0667 0.8000
L 0.0667 0.7333 0.1333 0.8000
~ 0.1333 0.7333 0.2000 0.8000
T 0.2000 0.7333 0.2667 0.8000
O 0.2667 0.7333 0.3333 0.8000
U 0.3333 0.7333 0.4000 0.8000
G 0.4000 0.7333 0.4667 0.8000
H 0.4667 0.7333 0.5333 0.8000
~ 0.5333 0.7333 0.6000 0.8000
~ 0.6000 0.7333 0.6667 0.8000
~ 0.6667 0.7333 0.7333 0.8000
O 0.7333 0.7333 0.8000 0.8000
F 0.8000 0.7333 0.8667 0.8000
~ 0.8667 0.7333 0.9333 0.8000
~ 0.9333 0.7333 1.0000 0.8000
D 0.0000 0.8000 0.0667 0.8667
A 0.0667 0.8000 0.1333 0.8667
M 0.1333 0.8000 0.2000 0.8667
~ 0.2000 0.8000 0.2667 0.8667
~ 0.2667 0.8000 0.3333 0.8667
~ 0.3333 0.8000 0.4000 0.8667
H 0.4000 0.8000 0.4667 0.8667
I 0.4667 0.8000 0.5333 0.8667
~ 0.5333 0.8000 0.6000 0.8667
W 0.6000 0.8000 0.6667 0.8667
A 0.6667 0.8000 0.7333 0.8667
N 0.7333 0.8000 0.8000 0.8667
T 0.8000 0.8000 0.8667 0.8667
~ 0.8667 0.8000 0.9333 0.8667
~ 0.9333 0.8000 1.0000 0.8667
~ 0.0000 0.8667 0.0667 0.9333
I 0.0667 0.8667 0.1333 0.9333
~ 0.1333 0.8667 0.2000 0.9333
B 0.2000 0.8667 0.2667 0.9333
E 0.2667 0.8667 0.3333 0.9333
E 0.3333 0.8667 0.4000 0.9333
~ 0.4000 0.8667 0.4667 0.9333
N 0.4667 0.8667 0.5333 0.9333
~ 0.5333 0.8667 0.6000 0.9333
E 0.6000 0.8667 0.6667 0.9333
~ 0.6667 0.8667 0.7333 0.9333
~ 0.7333 0.8667 0.8000 0.9333
~ 0.8000 0.8667 0.8667 0.9333
~ 0.8667 0.8667 0.9333 0.9333
~ 0.9333 0.8667 1.0000 0.9333
C 0.0000 0.9333 0.0667 1.0000
L 0.0667 0.9333 0.1333 1.0000
A 0.1333 0.9333 0.2000 1.0000
Y 0.2000 0.9333 0.2667 1.0000
~ 0.2667 0.9333 0.3333 1.0000
~ 0.3333 0.9333 0.4000 1.0000
~ 0.4000 0.9333 0.4667 1.0000
G 0.4667 0.9333 0.5333 1.0000
E 0.5333 0.9333 0.6000 1.0000
N 0.6000 0.9333 0.6667 1.0000
I 0.6667 0.9333 0.7333 1.0000
I 0.7333 0.9333 0.8000 1.0000
~ 0.8000 0.9333 0.8667 1.0000
~ 0.8667 0.9333 0.9333 1.0000
~ 0.9333 0.9333 1.0000 1.0000
