~ 0.0000 0.0000 0.0667 0.0667
~ 0.0667 0.0000 0.1333 0.0667
~ 0.1333 0.0000 0.2000 0.0667
~ 0.2000 0.0000 0.2667 0.0667
~ 0.2667 0.0000 0.3333 0.0667
~ 0.3333 0.0000 0.4000 0.0667
~ 0.4000 0.0000 0.4667 0.0667
C 0.4667 0.0000 0.5333 0.0667
~ 0.5333 0.0000 0.6000 0.0667
~ 0.6000 0.0000 0.6667 0.0667
~ 0.6667 0.0000 0.7333 0.0667
~ 0.7333 0.0000 0.8000 0.0667
~ 0.8000 0.0000 0.8667 0.0667
I 0.8667 0.0000 0.9333 0.0667
~ 0.9333 0.0000 1.0000 0.0667
~ 0.0000 0.0667 0.0667 0.1333
~ 0.0667 0.0667 0.1333 0.1333
~ 0.1333 0.0667 0.2000 0.1333
~ 0.2000 0.0667 0.2667 0.1333
~ 0.2667 0.0667 0.3333 0.1333
C 0.3333 0.0667 0.4000 0.1333
O 0.4000 0.0667 0.4667 0.1333
O 0.4667 0.0667 0.5333 0.1333
~ 0.5333 0.0667 0.6000 0.1333
W 0.6000 0.0667 0.6667 0.1333
R 0.6667 0.0667 0.7333 0.1333
I 0.7333 0.0667 0.8000 0.1333
N 0.8000 0.0667 0.8667 0.1333
G 0.8667 0.0667 0.9333 0.1333
~ 0.9333 0.0667 1.0000 0.1333
~ 0.0000 0.1333 0.0667 0.2000
~ 0.0667 0.1333 0.1333 0.2000
~ 0.1333 0.1333 0.2000 0.2000
K 0.2000 0.1333 0.2667 0.2000
~ 0.2667 0.1333 0.3333 0.2000
~ 0.3333 0.1333 0.4000 0.2000
~ 0.4000 0.1333 0.4667 0.2000
D 0.4667 0.1333 0.5333 0.2000
~ 0.5333 0.1333 0.6000 0.2000
~ 0.6000 0.1333 0.6667 0.2000
~ 0.6667 0.1333 0.7333 0.2000
~ 0.7333 0.1333 0.8000 0.2000
~ 0.8000 0.1333 0.8667 0.2000
N 0.8667 0.1333 0.9333 0.2000
~ 0.9333 0.1333 1.0000 0.2000
Q 0.0000 0.2000 0.0667 0.2667
I 0.0667 0.2000 0.1333 0.2667
~ 0.1333 0.2000 0.2000 0.2667
O 0.2000 0.2000 0.2667 0.2667
~ 0.2667 0.2000 0.3333 0.2667
~ 0.3333 0.2000 0.4000 0.2667
~ 0.4000 0.2000 0.4667 0.2667
E 0.4667 0.2000 0.5333 0.2667
~ 0.5333 0.2000 0.6000 0.2667
R 0.6000 0.2000 0.6667 0.2667
R 0.6667 0.2000 0.7333 0.2667
~ 0.7333 0.2000 0.8000 0.2667
~ 0.8000 0.2000 0.8667 0.2667
I 0.8667 0.2000 0.9333 0.2667
D 0.9333 0.2000 1.0000 0.2667
~ 0.0000 0.2667 0.0667 0.3333
F 0.0667 0.2667 0.1333 0.3333
U 0.1333 0.2667 0.2000 0.3333
J 0.2000 0.2667 0.2667 0.3333
I 0.2667 0.2667 0.3333 0.3333
S 0.3333 0.2667 0.4000 0.3333
~ 0.4000 0.2667 0.4667 0.3333
I 0.4667 0.2667 0.5333 0.3333
~ 0.5333 0.2667 0.6000 0.3333
~ 0.6000 0.2667 0.6667 0.3333
E 0.6667 0.2667 0.7333 0.3333
~ 0.7333 0.2667 0.8000 0.3333
~ 0.8000 0.2667 0.8667 0.3333
T 0.8667 0.2667 0.9333 0.3333
I 0.9333 0.2667 1.0000 0.3333
~ 0.0000 0.3333 0.0667 0.4000
~ 0.0667 0.3333 0.1333 0.4000
~ 0.1333 0.3333 0.2000 0.4000
I 0.2000 0.3333 0.2667 0.4000
~ 0.2667 0.3333 0.3333 0.4000
H 0.3333 0.3333 0.4000 0.4000
E 0.4000 0.3333 0.4667 0.4000
N 0.4667 0.3333 0.5333 0.4000
T 0.5333 0.3333 0.6000 0.4000
~ 0.6000 0.3333 0.6667 0.4000
A 0.6667 0.3333 0.7333 0.4000
~ 0.7333 0.3333 0.8000 0.4000
B 0.8000 0.3333 0.8667 0.4000
~ 0.8667 0.3333 0.9333 0.4000
N 0.9333 0.3333 1.0000 0.4000
~ 0.0000 0.4000 0.0667 0.4667
~ 0.0667 0.4000 0.1333 0.4667
~ 0.1333 0.4000 0.2000 0.4667
B 0.2000 0.4000 0.2667 0.4667
B 0.2667 0.4000 0.3333 0.4667
A 0.3333 0.4000 0.4000 0.4667
Y 0.4000 0.4000 0.4667 0.4667
~ 0.4667 0.4000 0.5333 0.4667
~ 0.5333 0.4000 0.6000 0.4667
~ 0.6000 0.4000 0.6667 0.4667
L 0.6667 0.4000 0.7333 0.4667
~ 0.7333 0.4000 0.8000 0.4667
A 0.8000 0.4000 0.8667 0.4667
R 0.8667 0.4000 0.9333 0.4667
T 0.9333 0.4000 1.0000 0.4667
~ 0.0000 0.4667 0.0667 0.5333
~ 0.0667 0.4667 0.1333 0.5333
~ 0.1333 0.4667 0.2000 0.5333
H 0.2000 0.4667 0.2667 0.5333
E 0.2667 0.4667 0.3333 0.5333
D 0.3333 0.4667 0.4000 0.5333
E 0.4000 0.4667 0.4667 0.5333
R 0.4667 0.4667 0.5333 0.5333
~ 0.5333 0.4667 0.6000 0.5333
~ 0.6000 0.4667 0.6667 0.5333
E 0.6667 0.4667 0.7333 0.5333
M 0.7333 0.4667 0.8000 0.5333
U 0.8000 0.4667 0.8667 0.5333
~ 0.8667 0.4667 0.9333 0.5333
S 0.9333 0.4667 1.0000 0.5333
~ 0.0000 0.5333 0.0667 0.6000
M 0.0667 0.5333 0.1333 0.6000
O 0.1333 0.5333 0.2000 0.6000
A 0.2000 0.5333 0.2667 0.6000
N 0.2667 0.5333 0.3333 0.6000
~ 0.3333 0.5333 0.4000 0.6000
R 0.4000 0.5333 0.4667 0.6000
E 0.4667 0.5333 0.5333 0.6000
P 0.5333 0.5333 0.6000 0.6000
O 0.6000 0.5333 0.6667 0.6000
S 0.6667 0.5333 0.7333 0.6000
E 0.7333 0.5333 0.8000 0.6000
D 0.8000 0.5333 0.8667 0.6000
~ 0.8667 0.5333 0.9333 0.6000
~ 0.9333 0.5333 1.0000 0.6000
L 0.0000 0.6000 0.0667 0.6667
O 0.0667 0.6000 0.1333 0.6667
P 0.1333 0.6000 0.2000 0.6667
~ 0.2000 0.6000 0.2667 0.6667
T 0.2667 0.6000 0.3333 0.6667
~ 0.3333 0.6000 0.4000 0.6667
~ 0.4000 0.6000 0.4667 0.6667
~ 0.4667 0.6000 0.5333 0.6667
~ 0.5333 0.6000 0.6000 0.6667
U 0.6000 0.6000 0.6667 0.6667
T 0.6667 0.6000 0.7333 0.6667
A 0.7333 0.6000 0.8000 0.6667
~ 0.8000 0.6000 0.8667 0.6667
~ 0.8667 0.6000 0.9333 0.6667
~ 0.9333 0.6000 1.0000 0.6667
~ 0.0000 0.6667 0.0667 0.7333
~ 0.0667 0.6667 0.1333 0.7333
~ 0.1333 0.6667 0.2000 0.7333
W 0.2000 0.6667 0.2667 0.7333
O 0.2667 0.6667 0.3333 0.7333
~ 0.3333 0.6667 0.4000 0.7333
~ 0.4000 0.6667 0.4667 0.7333
~ 0.4667 0.6667 0.5333 0.7333
~ 0.5333 0.6667 0.6000 0.7333
T 0.6000 0.6667 0.6667 0.7333
~ 0.6667 0.6667 0.7333 0.7333
L 0.7333 0.6667 0.8000 0.7333
U 0.8000 0.6667 0.8667 0.7333
V 0.8667 0.6667 0.9333 0.7333
~ 0.9333 0.6667 1.0000 0.7333
~ 0.0000 0.7333 0.0667 0.8000
~ 0.0667 0.7333 0.1333 0.8000
Z 0.1333 0.7333 0.2000 0.8000
A 0.2000 0.7333 0.2667 0.8000
~ 0.2667 0.7333 0.3333 0.8000
~ 0.3333 0.7333 0.4000 0.8000
~ 0.4000 0.7333 0.4667 0.8000
~ 0.4667 0.7333 0.5333 0.8000
~ 0.5333 0.7333 0.6000 0.8000
~ 0.6000 0.7333 0.6667 0.8000
~ 0.6667 0.7333 0.7333 0.8000
Y 0.7333 0.7333 0.8000 0.8000
~ 0.8000 0.7333 0.8667 0.8000
~ 0.8667 0.7333 0.9333 0.8000
~ 0.9333 0.7333 1.0000 0.8000
~ 0.0000 0.8000 0.0667 0.8667
~ 0.0667 0.8000 0.1333 0.8667
E 0.1333 0.8000 0.2000 0.8667
N 0.2000 0.8000 0.2667 0.8667
~ 0.2667 0.8000 0.3333 0.8667
~ 0.3333 0.8000 0.4000 0.8667
A 0.4000 0.8000 0.4667 0.8667
L 0.4667 0.8000 0.5333 0.8667
F 0.5333 0.8000 0.6000 0.8667
A 0.6000 0.8000 0.6667 0.8667
~ 0.6667 0.8000 0.7333 0.8667
~ 0.7333 0.8000 0.8000 0.8667
~ 0.8000 0.8000 0.8667 0.8667
~ 0.8667 0.8000 0.9333 0.8667
~ 0.9333 0.8000 1.0000 0.8667
~ 0.0000 0.8667 0.0667 0.9333
~ 0.0667 0.8667 0.1333 0.9333
E 0.1333 0.8667 0.2000 0.9333
~ 0.2000 0.8667 0.2667 0.9333
~ 0.2667 0.8667 0.3333 0.9333
~ 0.3333 0.8667 0.4000 0.9333
~ 0.4000 0.8667 0.4667 0.9333
~ 0.4667 0.8667 0.5333 0.9333
O 0.5333 0.8667 0.6000 0.9333
X 0.6000 0.8667 0.6667 0.9333
~ 0.6667 0.8667 0.7333 0.9333
~ 0.7333 0.8667 0.8000 0.9333
~ 0.8000 0.8667 0.8667 0.9333
~ 0.8667 0.8667 0.9333 0.9333
~ 0.9333 0.8667 1.0000 0.9333
~ 0.0000 0.9333 0.0667 1.0000
~ 0.0667 0.9333 0.1333 1.0000
S 0.1333 0.9333 0.2000 1.0000
E 0.2000 0.9333 0.2667 1.0000
A 0.2667 0.9333 0.3333 1.0000
~ 0.3333 0.9333 0.4000 1.0000
I 0.4000 0.9333 0.4667 1.0000
E 0.4667 0.9333 0.5333 1.0000
R 0.5333 0.9333 0.6000 1.0000
~ 0.6000 0.9333 0.6667 1.0000
~ 0.6667 0.9333 0.7333 1.0000
~ 0.7333 0.9333 0.8000 1.0000
~ 0.8000 0.9333 0.8667 1.0000
~ 0.8667 0.9333 0.9333 1.0000
~ 0.9333 0.9333 1.0000 1.0000
