~ 0.0000 0.0000 0.0667 0.0667
~ 0.0667 0.0000 0.1333 0.0667
~ 0.1333 0.0000 0.2000 0.0667
~ 0.2000 0.0000 0.2667 0.0667
~ 0.2667 0.0000 0.3333 0.0667
~ 0.3333 0.0000 0.4000 0.0667
~ 0.4000 0.0000 0.4667 0.0667
T 0.4667 0.0000 0.5333 0.0667
O 0.5333 0.0000 0.6000 0.0667
T 0.6000 0.0000 0.6667 0.0667
E 0.6667 0.0000 0.7333 0.0667
M 0.7333 0.0000 0.8000 0.0667
I 0.8000 0.0000 0.8667 0.0667
S 0.8667 0.0000 0.9333 0.0667
T 0.9333 0.0000 1.0000 0.0667
~ 0.0000 0.0667 0.0667 0.1333
~ 0.0667 0.0667 0.1333 0.1333
~ 0.1333 0.0667 0.2000 0.1333
~ 0.2000 0.0667 0.2667 0.1333
~ 0.2667 0.0667 0.3333 0.1333
~ 0.3333 0.0667 0.4000 0.1333
~ 0.4000 0.0667 0.4667 0.1333
~ 0.4667 0.0667 0.5333 0.1333
~ 0.5333 0.0667 0.6000 0.1333
R 0.6000 0.0667 0.6667 0.1333
~ 0.6667 0.0667 0.7333 0.1333
A 0.7333 0.0667 0.8000 0.1333
S 0.8000 0.0667 0.8667 0.1333
H 0.8667 0.0667 0.9333 0.1333
~ 0.9333 0.0667 1.0000 0.1333
~ 0.0000 0.1333 0.0667 0.2000
E 0.0667 0.1333 0.1333 0.2000
H 0.1333 0.1333 0.2000 0.2000
~ 0.2000 0.1333 0.2667 0.2000
~ 0.2667 0.1333 0.3333 0.2000
~ 0.3333 0.1333 0.4000 0.2000
~ 0.4000 0.1333 0.4667 0.2000
~ 0.4667 0.1333 0.5333 0.2000
Z 0.5333 0.1333 0.6000 0.2000
A 0.6000 0.1333 0.6667 0.2000
~ 0.6667 0.1333 0.7333 0.2000
N 0.7333 0.1333 0.8000 0.2000
~ 0.8000 0.1333 0.8667 0.2000
~ 0.8667 0.1333 0.9333 0.2000
~ 0.9333 0.1333 1.0000 0.2000
~ 0.0000 0.2000 0.0667 0.2667
~ 0.0667 0.2000 0.1333 0.2667
U 0.1333 0.2000 0.2000 0.2667
E 0.2000 0.2000 0.2667 0.2667
Y 0.2667 0.2000 0.3333 0.2667
~ 0.3333 0.2000 0.4000 0.2667
~ 0.4000 0.2000 0.4667 0.2667
J 0.4667 0.2000 0.5333 0.2667
A 0.5333 0.2000 0.6000 0.2667
I 0.6000 0.2000 0.6667 0.2667
~ 0.6667 0.2000 0.7333 0.2667
I 0.7333 0.2000 0.8000 0.2667
~ 0.8000 0.2000 0.8667 0.2667
~ 0.8667 0.2000 0.9333 0.2667
~ 0.9333 0.2000 1.0000 0.2667
~ 0.0000 0.2667 0.0667 0.3333
~ 0.0667 0.2667 0.1333 0.3333
P 0.1333 0.2667 0.2000 0.3333
E 0.2000 0.2667 0.2667 0.3333
A 0.2667 0.2667 0.3333 0.3333
K 0.3333 0.2667 0.4000 0.3333
~ 0.4000 0.2667 0.4667 0.3333
O 0.4667 0.2667 0.5333 0.3333
~ 0.5333 0.2667 0.6000 0.3333
N 0.6000 0.2667 0.6667 0.3333
~ 0.6667 0.2667 0.7333 0.3333
O 0.7333 0.2667 0.8000 0.3333
~ 0.8000 0.2667 0.8667 0.3333
~ 0.8667 0.2667 0.9333 0.3333
~ 0.9333 0.2667 1.0000 0.3333
Q 0.0000 0.3333 0.0667 0.4000
~ 0.0667 0.3333 0.1333 0.4000
~ 0.1333 0.3333 0.2000 0.4000
L 0.2000 0.3333 0.2667 0.4000
E 0.2667 0.3333 0.3333 0.4000
Y 0.3333 0.3333 0.4000 0.4000
~ 0.4000 0.3333 0.4667 0.4000
W 0.4667 0.3333 0.5333 0.4000
~ 0.5333 0.3333 0.6000 0.4000
E 0.6000 0.3333 0.6667 0.4000
~ 0.6667 0.3333 0.7333 0.4000
C 0.7333 0.3333 0.8000 0.4000
~ 0.8000 0.3333 0.8667 0.4000
C 0.8667 0.3333 0.9333 0.4000
~ 0.9333 0.3333 1.0000 0.4000
A 0.0000 0.4000 0.0667 0.4667
~ 0.0667 0.4000 0.1333 0.4667
~ 0.1333 0.4000 0.2000 0.4667
~ 0.2000 0.4000 0.2667 0.4667
~ 0.2667 0.4000 0.3333 0.4667
L 0.3333 0.4000 0.4000 0.4667
~ 0.4000 0.4000 0.4667 0.4667
~ 0.4667 0.4000 0.5333 0.4667
~ 0.5333 0.4000 0.6000 0.4667
R 0.6000 0.4000 0.6667 0.4667
~ 0.6667 0.4000 0.7333 0.4667
~ 0.7333 0.4000 0.8000 0.4667
T 0.8000 0.4000 0.8667 0.4667
O 0.8667 0.4000 0.9333 0.4667
~ 0.9333 0.4000 1.0000 0.4667
I 0.0000 0.4667 0.0667 0.5333
D 0.0667 0.4667 0.1333 0.5333
~ 0.1333 0.4667 0.2000 0.5333
W 0.2000 0.4667 0.2667 0.5333
A 0.2667 0.4667 0.3333 0.5333
I 0.3333 0.4667 0.4000 0.5333
L 0.4000 0.4667 0.4667 0.5333
E 0.4667 0.4667 0.5333 0.5333
~ 0.5333 0.4667 0.6000 0.5333
S 0.6000 0.4667 0.6667 0.5333
~ 0.6667 0.4667 0.7333 0.5333
B 0.7333 0.4667 0.8000 0.5333
O 0.8000 0.4667 0.8667 0.5333
U 0.8667 0.4667 0.9333 0.5333
T 0.9333 0.4667 1.0000 0.5333
D 0.0000 0.5333 0.0667 0.6000
E 0.0667 0.5333 0.1333 0.6000
V 0.1333 0.5333 0.2000 0.6000
~ 0.2000 0.5333 0.2667 0.6000
~ 0.2667 0.5333 0.3333 0.6000
E 0.3333 0.5333 0.4000 0.6000
~ 0.4000 0.5333 0.4667 0.6000
~ 0.4667 0.5333 0.5333 0.6000
~ 0.5333 0.5333 0.6000 0.6000
~ 0.6000 0.5333 0.6667 0.6000
~ 0.6667 0.5333 0.7333 0.6000
R 0.7333 0.5333 0.8000 0.6000
E 0.8000 0.5333 0.8667 0.6000
P 0.8667 0.5333 0.9333 0.6000
~ 0.9333 0.5333 1.0000 0.6000
~ 0.0000 0.6000 0.0667 0.6667
L 0.0667 0.6000 0.1333 0.6667
O 0.1333 0.6000 0.2000 0.6667
~ 0.2000 0.6000 0.2667 0.6667
~ 0.2667 0.6000 0.3333 0.6667
S 0.3333 0.6000 0.4000 0.6667
I 0.4000 0.6000 0.4667 0.6667
G 0.4667 0.6000 0.5333 0.6667
N 0.5333 0.6000 0.6000 0.6667
O 0.6000 0.6000 0.6667 0.6667
R 0.6667 0.6000 0.7333 0.6667
A 0.7333 0.6000 0.8000 0.6667
~ 0.8000 0.6000 0.8667 0.6667
~ 0.8667 0.6000 0.9333 0.6667
~ 0.9333 0.6000 1.0000 0.6667
~ 0.0000 0.6667 0.0667 0.7333
U 0.0667 0.6667 0.1333 0.7333
M 0.1333 0.6667 0.2000 0.7333
~ 0.2000 0.6667 0.2667 0.7333
~ 0.2667 0.6667 0.3333 0.7333
~ 0.3333 0.6667 0.4000 0.7333
~ 0.4000 0.6667 0.4667 0.7333
~ 0.4667 0.6667 0.5333 0.7333
~ 0.5333 0.6667 0.6000 0.7333
B 0.6000 0.6667 0.6667 0.7333
E 0.6667 0.6667 0.7333 0.7333
D 0.7333 0.6667 0.8000 0.7333
~ 0.8000 0.6667 0.8667 0.7333
~ 0.8667 0.6667 0.9333 0.7333
~ 0.9333 0.6667 1.0000 0.7333
~ 0.0000 0.7333 0.0667 0.8000
G 0.0667 0.7333 0.1333 0.8000
~ 0.1333 0.7333 0.2000 0.8000
~ 0.2000 0.7333 0.2667 0.8000
F 0.2667 0.7333 0.3333 0.8000
O 0.3333 0.7333 0.4000 0.8000
R 0.4000 0.7333 0.4667 0.8000
~ 0.4667 0.7333 0.5333 0.8000
A 0.5333 0.7333 0.6000 0.8000
I 0.6000 0.7333 0.6667 0.8000
D 0.6667 0.7333 0.7333 0.8000
~ 0.7333 0.7333 0.8000 0.8000
~ 0.8000 0.7333 0.8667 0.8000
~ 0.8667 0.7333 0.9333 0.8000
~ 0.9333 0.7333 1.0000 0.8000
~ 0.0000 0.8000 0.0667 0.8667
I 0.0667 0.8000 0.1333 0.8667
X 0.1333 0.8000 0.2000 0.8667
I 0.2000 0.8000 0.2667 0.8667
A 0.2667 0.8000 0.3333 0.8667
~ 0.3333 0.8000 0.4000 0.8667
~ 0.4000 0.8000 0.4667 0.8667
U 0.4667 0.8000 0.5333 0.8667
~ 0.5333 0.8000 0.6000 0.8667
~ 0.6000 0.8000 0.6667 0.8667
~ 0.6667 0.8000 0.7333 0.8667
~ 0.7333 0.8000 0.8000 0.8667
~ 0.8000 0.8000 0.8667 0.8667
~ 0.8667 0.8000 0.9333 0.8667
~ 0.9333 0.8000 1.0000 0.8667
~ 0.0000 0.8667 0.0667 0.9333
N 0.0667 0.8667 0.1333 0.9333
~ 0.1333 0.8667 0.2000 0.9333
N 0.2000 0.8667 0.2667 0.9333
~ 0.2667 0.8667 0.3333 0.9333
~ 0.3333 0.8667 0.4000 0.9333
~ 0.4000 0.8667 0.4667 0.9333
R 0.4667 0.8667 0.5333 0.9333
E 0.5333 0.8667 0.6000 0.9333
V 0.6000 0.8667 0.6667 0.9333
~ 0.6667 0.8667 0.7333 0.9333
~ 0.7333 0.8667 0.8000 0.9333
~ 0.8000 0.8667 0.8667 0.9333
~ 0.8667 0.8667 0.9333 0.9333
~ 0.9333 0.8667 1.0000 0.9333
~ 0.0000 0.9333 0.0667 1.0000
G 0.0667 0.9333 0.1333 1.0000
~ 0.1333 0.9333 0.2000 1.0000
N 0.2000 0.9333 0.2667 1.0000
~ 0.2667 0.9333 0.3333 1.0000
~ 0.3333 0.9333 0.4000 1.0000
~ 0.4000 0.9333 0.4667 1.0000
F 0.4667 0.9333 0.5333 1.0000
~ 0.5333 0.9333 0.6000 1.0000
~ 0.6000 0.9333 0.6667 1.0000
~ 0.6667 0.9333 0.7333 1.0000
~ 0.7333 0.9333 0.8000 1.0000
~ 0.8000 0.9333 0.8667 1.0000
~ 0.8667 0.9333 0.9333 1.0000
~ 0.9333 0.9333 1.0000 1.0000
