~ 0.0000 0.0000 0.0667 0.0667
~ 0.0667 0.0000 0.1333 0.0667
~ 0.1333 0.0000 0.2000 0.0667
~ 0.2000 0.0000 0.2667 0.0667
~ 0.2667 0.0000 0.3333 0.0667
~ 0.3333 0.0000 0.4000 0.0667
~ 0.4000 0.0000 0.4667 0.0667
~ 0.4667 0.0000 0.5333 0.0667
~ 0.5333 0.0000 0.6000 0.0667
~ 0.6000 0.0000 0.6667 0.0667
~ 0.6667 0.0000 0.7333 0.0667
Z 0.7333 0.0000 0.8000 0.0667
~ 0.8000 0.0000 0.8667 0.0667
Q 0.8667 0.0000 0.9333 0.0667
~ 0.9333 0.0000 1.0000 0.0667
~ 0.0000 0.0667 0.0667 0.1333
~ 0.0667 0.0667 0.1333 0.1333
~ 0.1333 0.0667 0.2000 0.1333
~ 0.2000 0.0667 0.2667 0.1333
~ 0.2667 0.0667 0.3333 0.1333
~ 0.3333 0.0667 0.4000 0.1333
~ 0.4000 0.0667 0.4667 0.1333
~ 0.4667 0.0667 0.5333 0.1333
C 0.5333 0.0667 0.6000 0.1333
~ 0.6000 0.0667 0.6667 0.1333
V 0.6667 0.0667 0.7333 0.1333
E 0.7333 0.0667 0.8000 0.1333
G 0.8000 0.0667 0.8667 0.1333
I 0.8667 0.0667 0.9333 0.1333
E 0.9333 0.0667 1.0000 0.1333
~ 0.0000 0.1333 0.0667 0.2000
~ 0.0667 0.1333 0.1333 0.2000
~ 0.1333 0.1333 0.2000 0.2000
~ 0.2000 0.1333 0.2667 0.2000
~ 0.2667 0.1333 0.3333 0.2000
~ 0.3333 0.1333 0.4000 0.2000
~ 0.4000 0.1333 0.4667 0.2000
~ 0.4667 0.1333 0.5333 0.2000
O 0.5333 0.1333 0.6000 0.2000
R 0.6000 0.1333 0.6667 0.2000
~ 0.6667 0.1333 0.7333 0.2000
A 0.7333 0.1333 0.8000 0.2000
~ 0.8000 0.1333 0.8667 0.2000
~ 0.8667 0.1333 0.9333 0.2000
N 0.9333 0.1333 1.0000 0.2000
~ 0.0000 0.2000 0.0667 0.2667
~ 0.0667 0.2000 0.1333 0.2667
~ 0.1333 0.2000 0.2000 0.2667
~ 0.2000 0.2000 0.2667 0.2667
~ 0.2667 0.2000 0.3333 0.2667
~ 0.3333 0.2000 0.4000 0.2667
~ 0.4000 0.2000 0.4667 0.2667
~ 0.4667 0.2000 0.5333 0.2667
P 0.5333 0.2000 0.6000 0.2667
~ 0.6000 0.2000 0.6667 0.2667
E 0.6667 0.2000 0.7333 0.2667
L 0.7333 0.2000 0.8000 0.2667
F 0.8000 0.2000 0.8667 0.2667
~ 0.8667 0.2000 0.9333 0.2667
T 0.9333 0.2000 1.0000 0.2667
~ 0.0000 0.2667 0.0667 0.3333
~ 0.0667 0.2667 0.1333 0.3333
~ 0.1333 0.2667 0.2000 0.3333
~ 0.2000 0.2667 0.2667 0.3333
~ 0.2667 0.2667 0.3333 0.3333
~ 0.3333 0.2667 0.4000 0.3333
V 0.4000 0.2667 0.4667 0.3333
I 0.4667 0.2667 0.5333 0.3333
A 0.5333 0.2667 0.6000 0.3333
~ 0.6000 0.2667 0.6667 0.3333
L 0.6667 0.2667 0.7333 0.3333
~ 0.7333 0.2667 0.8000 0.3333
E 0.8000 0.2667 0.8667 0.3333
~ 0.8667 0.2667 0.9333 0.3333
E 0.9333 0.2667 1.0000 0.3333
~ 0.0000 0.3333 0.0667 0.4000
~ 0.0667 0.3333 0.1333 0.4000
~ 0.1333 0.3333 0.2000 0.4000
~ 0.2000 0.3333 0.2667 0.4000
~ 0.2667 0.3333 0.3333 0.4000
~ 0.3333 0.3333 0.4000 0.4000
~ 0.4000 0.3333 0.4667 0.4000
~ 0.4667 0.3333 0.5333 0.4000
T 0.5333 0.3333 0.6000 0.4000
W 0.6000 0.3333 0.6667 0.4000
A 0.6667 0.3333 0.7333 0.4000
~ 0.7333 0.3333 0.8000 0.4000
U 0.8000 0.3333 0.8667 0.4000
~ 0.8667 0.3333 0.9333 0.4000
R 0.9333 0.3333 1.0000 0.4000
~ 0.0000 0.4000 0.0667 0.4667
~ 0.0667 0.4000 0.1333 0.4667
~ 0.1333 0.4000 0.2000 0.4667
~ 0.2000 0.4000 0.2667 0.4667
L 0.2667 0.4000 0.3333 0.4667
I 0.3333 0.4000 0.4000 0.4667
~ 0.4000 0.4000 0.4667 0.4667
~ 0.4667 0.4000 0.5333 0.4667
R 0.5333 0.4000 0.6000 0.4667
A 0.6000 0.4000 0.6667 0.4667
T 0.6667 0.4000 0.7333 0.4667
~ 0.7333 0.4000 0.8000 0.4667
~ 0.8000 0.4000 0.8667 0.4667
P 0.8667 0.4000 0.9333 0.4667
E 0.9333 0.4000 1.0000 0.4667
~ 0.0000 0.4667 0.0667 0.5333
~ 0.0667 0.4667 0.1333 0.5333
~ 0.1333 0.4667 0.2000 0.5333
~ 0.2000 0.4667 0.2667 0.5333
O 0.2667 0.4667 0.3333 0.5333
N 0.3333 0.4667 0.4000 0.5333
~ 0.4000 0.4667 0.4667 0.5333
G 0.4667 0.4667 0.5333 0.5333
O 0.5333 0.4667 0.6000 0.5333
Y 0.6000 0.4667 0.6667 0.5333
I 0.6667 0.4667 0.7333 0.5333
M 0.7333 0.4667 0.8000 0.5333
~ 0.8000 0.4667 0.8667 0.5333
A 0.8667 0.4667 0.9333 0.5333
R 0.9333 0.4667 1.0000 0.5333
~ 0.0000 0.5333 0.0667 0.6000
~ 0.0667 0.5333 0.1333 0.6000
~ 0.1333 0.5333 0.2000 0.6000
D 0.2000 0.5333 0.2667 0.6000
~ 0.2667 0.5333 0.3333 0.6000
T 0.3333 0.5333 0.4000 0.6000
~ 0.4000 0.5333 0.4667 0.6000
~ 0.4667 0.5333 0.5333 0.6000
N 0.5333 0.5333 0.6000 0.6000
~ 0.6000 0.5333 0.6667 0.6000
O 0.6667 0.5333 0.7333 0.6000
~ 0.7333 0.5333 0.8000 0.6000
X 0.8000 0.5333 0.8667 0.6000
I 0.8667 0.5333 0.9333 0.6000
S 0.9333 0.5333 1.0000 0.6000
~ 0.0000 0.6000 0.0667 0.6667
~ 0.0667 0.6000 0.1333 0.6667
G 0.1333 0.6000 0.2000 0.6667
A 0.2000 0.6000 0.2667 0.6667
B 0.2667 0.6000 0.3333 0.6667
I 0.3333 0.6000 0.4000 0.6667
O 0.4000 0.6000 0.4667 0.6667
~ 0.4667 0.6000 0.5333 0.6667
S 0.5333 0.6000 0.6000 0.6667
~ 0.6000 0.6000 0.6667 0.6667
N 0.6667 0.6000 0.7333 0.6667
~ 0.7333 0.6000 0.8000 0.6667
~ 0.8000 0.6000 0.8667 0.6667
K 0.8667 0.6000 0.9333 0.6667
~ 0.9333 0.6000 1.0000 0.6667
~ 0.0000 0.6667 0.0667 0.7333
H 0.0667 0.6667 0.1333 0.7333
O 0.1333 0.6667 0.2000 0.7333
W 0.2000 0.6667 0.2667 0.7333
E 0.2667 0.6667 0.3333 0.7333
~ 0.3333 0.6667 0.4000 0.7333
~ 0.4000 0.6667 0.4667 0.7333
E 0.4667 0.6667 0.5333 0.7333
~ 0.5333 0.6667 0.6000 0.7333
~ 0.6000 0.6667 0.6667 0.7333
S 0.6667 0.6667 0.7333 0.7333
~ 0.7333 0.6667 0.8000 0.7333
~ 0.8000 0.6667 0.8667 0.7333
~ 0.8667 0.6667 0.9333 0.7333
~ 0.9333 0.6667 1.0000 0.7333
~ 0.0000 0.7333 0.0667 0.8000
~ 0.0667 0.7333 0.1333 0.8000
D 0.1333 0.7333 0.2000 0.8000
E 0.2000 0.7333 0.2667 0.8000
Y 0.2667 0.7333 0.3333 0.8000
~ 0.3333 0.7333 0.4000 0.8000
~ 0.4000 0.7333 0.4667 0.8000
C 0.4667 0.7333 0.5333 0.8000
~ 0.5333 0.7333 0.6000 0.8000
~ 0.6000 0.7333 0.6667 0.8000
~ 0.6667 0.7333 0.7333 0.8000
~ 0.7333 0.7333 0.8000 0.8000
~ 0.8000 0.7333 0.8667 0.8000
~ 0.8667 0.7333 0.9333 0.8000
D 0.9333 0.7333 1.0000 0.8000
~ 0.0000 0.8000 0.0667 0.8667
~ 0.0667 0.8000 0.1333 0.8667
~ 0.1333 0.8000 0.2000 0.8667
D 0.2000 0.8000 0.2667 0.8667
~ 0.2667 0.8000 0.3333 0.8667
L 0.3333 0.8000 0.4000 0.8667
I 0.4000 0.8000 0.4667 0.8667
T 0.4667 0.8000 0.5333 0.8667
T 0.5333 0.8000 0.6000 0.8667
E 0.6000 0.8000 0.6667 0.8667
R 0.6667 0.8000 0.7333 0.8667
~ 0.7333 0.8000 0.8000 0.8667
H 0.8000 0.8000 0.8667 0.8667
A 0.8667 0.8000 0.9333 0.8667
O 0.9333 0.8000 1.0000 0.8667
~ 0.0000 0.8667 0.0667 0.9333
~ 0.0667 0.8667 0.1333 0.9333
~ 0.1333 0.8667 0.2000 0.9333
~ 0.2000 0.8667 0.2667 0.9333
~ 0.2667 0.8667 0.3333 0.9333
~ 0.3333 0.8667 0.4000 0.9333
~ 0.4000 0.8667 0.4667 0.9333
A 0.4667 0.8667 0.5333 0.9333
~ 0.5333 0.8667 0.6000 0.9333
~ 0.6000 0.8667 0.6667 0.9333
~ 0.6667 0.8667 0.7333 0.9333
F 0.7333 0.8667 0.8000 0.9333
U 0.8000 0.8667 0.8667 0.9333
B 0.8667 0.8667 0.9333 0.9333
S 0.9333 0.8667 1.0000 0.9333
~ 0.0000 0.9333 0.0667 1.0000
~ 0.0667 0.9333 0.1333 1.0000
~ 0.1333 0.9333 0.2000 1.0000
~ 0.2000 0.9333 0.2667 1.0000
~ 0.2667 0.9333 0.3333 1.0000
~ 0.3333 0.9333 0.4000 1.0000
I 0.4000 0.9333 0.4667 1.0000
R 0.4667 0.9333 0.5333 1.0000
E 0.5333 0.9333 0.6000 1.0000
N 0.6000 0.9333 0.6667 1.0000
I 0.6667 0.9333 0.7333 1.0000
A 0.7333 0.9333 0.8000 1.0000
N 0.8000 0.9333 0.8667 1.0000
~ 0.8667 0.9333 0.9333 1.0000
E 0.9333 0.9333 1.0000 1.0000
