~ 0.0000 0.0000 0.0667 0.0667
~ 0.0667 0.0000 0.1333 0.0667
~ 0.1333 0.0000 0.2000 0.0667
~ 0.2000 0.0000 0.2667 0.0667
~ 0.2667 0.0000 0.3333 0.0667
~ 0.3333 0.0000 0.4000 0.0667
~ 0.4000 0.0000 0.4667 0.0667
~ 0.4667 0.0000 0.5333 0.0667
~ 0.5333 0.0000 0.6000 0.0667
~ 0.6000 0.0000 0.6667 0.0667
~ 0.6667 0.0000 0.7333 0.0667
R 0.7333 0.0000 0.8000 0.0667
~ 0.8000 0.0000 0.8667 0.0667
~ 0.8667 0.0000 0.9333 0.0667
~ 0.9333 0.0000 1.0000 0.0667
~ 0.0000 0.0667 0.0667 0.1333
Q 0.0667 0.0667 0.1333 0.1333
~ 0.1333 0.0667 0.2000 0.1333
~ 0.2000 0.0667 0.2667 0.1333
~ 0.2667 0.0667 0.3333 0.1333
~ 0.3333 0.0667 0.4000 0.1333
~ 0.4000 0.0667 0.4667 0.1333
~ 0.4667 0.0667 0.5333 0.1333
~ 0.5333 0.0667 0.6000 0.1333
~ 0.6000 0.0667 0.6667 0.1333
F 0.6667 0.0667 0.7333 0.1333
A 0.7333 0.0667 0.8000 0.1333
U 0.8000 0.0667 0.8667 0.1333
N 0.8667 0.0667 0.9333 0.1333
~ 0.9333 0.0667 1.0000 0.1333
~ 0.0000 0.1333 0.0667 0.2000
U 0.0667 0.1333 0.1333 0.2000
~ 0.1333 0.1333 0.2000 0.2000
~ 0.2000 0.1333 0.2667 0.2000
~ 0.2667 0.1333 0.3333 0.2000
T 0.3333 0.1333 0.4000 0.2000
W 0.4000 0.1333 0.4667 0.2000
I 0.4667 0.1333 0.5333 0.2000
N 0.5333 0.1333 0.6000 0.2000
I 0.6000 0.1333 0.6667 0.2000
E 0.6667 0.1333 0.7333 0.2000
S 0.7333 0.1333 0.8000 0.2000
~ 0.8000 0.1333 0.8667 0.2000
~ 0.8667 0.1333 0.9333 0.2000
~ 0.9333 0.1333 1.0000 0.2000
~ 0.0000 0.2000 0.0667 0.2667
A 0.0667 0.2000 0.1333 0.2667
L 0.1333 0.2000 0.2000 0.2667
I 0.2000 0.2000 0.2667 0.2667
K 0.2667 0.2000 0.3333 0.2667
E 0.3333 0.2000 0.4000 0.2667
~ 0.4000 0.2000 0.4667 0.2667
~ 0.4667 0.2000 0.5333 0.2667
~ 0.5333 0.2000 0.6000 0.2667
~ 0.6000 0.2000 0.6667 0.2667
U 0.6667 0.2000 0.7333 0.2667
P 0.7333 0.2000 0.8000 0.2667
~ 0.8000 0.2000 0.8667 0.2667
~ 0.8667 0.2000 0.9333 0.2667
~ 0.9333 0.2000 1.0000 0.2667
~ 0.0000 0.2667 0.0667 0.3333
G 0.0667 0.2667 0.1333 0.3333
I 0.1333 0.2667 0.2000 0.3333
T 0.2000 0.2667 0.2667 0.3333
A 0.2667 0.2667 0.3333 0.3333
N 0.3333 0.2667 0.4000 0.3333
O 0.4000 0.2667 0.4667 0.3333
S 0.4667 0.2667 0.5333 0.3333
~ 0.5333 0.2667 0.6000 0.3333
~ 0.6000 0.2667 0.6667 0.3333
A 0.6667 0.2667 0.7333 0.3333
~ 0.7333 0.2667 0.8000 0.3333
~ 0.8000 0.2667 0.8667 0.3333
~ 0.8667 0.2667 0.9333 0.3333
~ 0.9333 0.2667 1.0000 0.3333
H 0.0000 0.3333 0.0667 0.4000
~ 0.0667 0.3333 0.1333 0.4000
~ 0.1333 0.3333 0.2000 0.4000
~ 0.2000 0.3333 0.2667 0.4000
B 0.2667 0.3333 0.3333 0.4000
~ 0.3333 0.3333 0.4000 0.4000
~ 0.4000 0.3333 0.4667 0.4000
E 0.4667 0.3333 0.5333 0.4000
S 0.5333 0.3333 0.6000 0.4000
T 0.6000 0.3333 0.6667 0.4000
R 0.6667 0.3333 0.7333 0.4000
I 0.7333 0.3333 0.8000 0.4000
O 0.8000 0.3333 0.8667 0.4000
L 0.8667 0.3333 0.9333 0.4000
~ 0.9333 0.3333 1.0000 0.4000
O 0.0000 0.4000 0.0667 0.4667
~ 0.0667 0.4000 0.1333 0.4667
~ 0.1333 0.4000 0.2000 0.4667
~ 0.2000 0.4000 0.2667 0.4667
~ 0.2667 0.4000 0.3333 0.4667
C 0.3333 0.4000 0.4000 0.4667
A 0.4000 0.4000 0.4667 0.4667
G 0.4667 0.4000 0.5333 0.4667
E 0.5333 0.4000 0.6000 0.4667
~ 0.6000 0.4000 0.6667 0.4667
~ 0.6667 0.4000 0.7333 0.4667
~ 0.7333 0.4000 0.8000 0.4667
F 0.8000 0.4000 0.8667 0.4667
O 0.8667 0.4000 0.9333 0.4667
H 0.9333 0.4000 1.0000 0.4667
R 0.0000 0.4667 0.0667 0.5333
~ 0.0667 0.4667 0.1333 0.5333
~ 0.1333 0.4667 0.2000 0.5333
~ 0.2000 0.4667 0.2667 0.5333
~ 0.2667 0.4667 0.3333 0.5333
~ 0.3333 0.4667 0.4000 0.5333
G 0.4000 0.4667 0.4667 0.5333
O 0.4667 0.4667 0.5333 0.5333
X 0.5333 0.4667 0.6000 0.5333
~ 0.6000 0.4667 0.6667 0.5333
~ 0.6667 0.4667 0.7333 0.5333
A 0.7333 0.4667 0.8000 0.5333
T 0.8000 0.4667 0.8667 0.5333
O 0.8667 0.4667 0.9333 0.5333
M 0.9333 0.4667 1.0000 0.5333
D 0.0000 0.5333 0.0667 0.6000
~ 0.0667 0.5333 0.1333 0.6000
A 0.1333 0.5333 0.2000 0.6000
L 0.2000 0.5333 0.2667 0.6000
E 0.2667 0.5333 0.3333 0.6000
R 0.3333 0.5333 0.4000 0.6000
S 0.4000 0.5333 0.4667 0.6000
~ 0.4667 0.5333 0.5333 0.6000
T 0.5333 0.5333 0.6000 0.6000
O 0.6000 0.5333 0.6667 0.6000
R 0.6667 0.5333 0.7333 0.6000
R 0.7333 0.5333 0.8000 0.6000
~ 0.8000 0.5333 0.8667 0.6000
~ 0.8667 0.5333 0.9333 0.6000
~ 0.9333 0.5333 1.0000 0.6000
E 0.0000 0.6000 0.0667 0.6667
~ 0.0667 0.6000 0.1333 0.6667
~ 0.1333 0.6000 0.2000 0.6667
~ 0.2000 0.6000 0.2667 0.6667
~ 0.2667 0.6000 0.3333 0.6667
~ 0.3333 0.6000 0.4000 0.6667
~ 0.4000 0.6000 0.4667 0.6667
~ 0.4667 0.6000 0.5333 0.6667
~ 0.5333 0.6000 0.6000 0.6667
W 0.6000 0.6000 0.6667 0.6667
E 0.6667 0.6000 0.7333 0.6667
E 0.7333 0.6000 0.8000 0.6667
D 0.8000 0.6000 0.8667 0.6667
Y 0.8667 0.6000 0.9333 0.6667
~ 0.9333 0.6000 1.0000 0.6667
I 0.0000 0.6667 0.0667 0.7333
~ 0.0667 0.6667 0.1333 0.7333
~ 0.1333 0.6667 0.2000 0.7333
~ 0.2000 0.6667 0.2667 0.7333
~ 0.2667 0.6667 0.3333 0.7333
~ 0.3333 0.6667 0.4000 0.7333
~ 0.4000 0.6667 0.4667 0.7333
~ 0.4667 0.6667 0.5333 0.7333
C 0.5333 0.6667 0.6000 0.7333
E 0.6000 0.6667 0.6667 0.7333
P 0.6667 0.6667 0.7333 0.7333
~ 0.7333 0.6667 0.8000 0.7333
J 0.8000 0.6667 0.8667 0.7333
~ 0.8667 0.6667 0.9333 0.7333
~ 0.9333 0.6667 1.0000 0.7333
N 0.0000 0.7333 0.0667 0.8000
~ 0.0667 0.7333 0.1333 0.8000
~ 0.1333 0.7333 0.2000 0.8000
~ 0.2000 0.7333 0.2667 0.8000
~ 0.2667 0.7333 0.3333 0.8000
~ 0.3333 0.7333 0.4000 0.8000
~ 0.4000 0.7333 0.4667 0.8000
~ 0.4667 0.7333 0.5333 0.8000
O 0.5333 0.7333 0.6000 0.8000
~ 0.6000 0.7333 0.6667 0.8000
~ 0.6667 0.7333 0.7333 0.8000
~ 0.7333 0.7333 0.8000 0.8000
I 0.8000 0.7333 0.8667 0.8000
~ 0.8667 0.7333 0.9333 0.8000
V 0.9333 0.7333 1.0000 0.8000
~ 0.0000 0.8000 0.0667 0.8667
~ 0.0667 0.8000 0.1333 0.8667
~ 0.1333 0.8000 0.2000 0.8667
~ 0.2000 0.8000 0.2667 0.8667
~ 0.2667 0.8000 0.3333 0.8667
~ 0.3333 0.8000 0.4000 0.8667
D 0.4000 0.8000 0.4667 0.8667
A 0.4667 0.8000 0.5333 0.8667
Z 0.5333 0.8000 0.6000 0.8667
E 0.6000 0.8000 0.6667 0.8667
~ 0.6667 0.8000 0.7333 0.8667
~ 0.7333 0.8000 0.8000 0.8667
N 0.8000 0.8000 0.8667 0.8667
~ 0.8667 0.8000 0.9333 0.8667
E 0.9333 0.8000 1.0000 0.8667
~ 0.0000 0.8667 0.0667 0.9333
~ 0.0667 0.8667 0.1333 0.9333
~ 0.1333 0.8667 0.2000 0.9333
~ 0.2000 0.8667 0.2667 0.9333
~ 0.2667 0.8667 0.3333 0.9333
~ 0.3333 0.8667 0.4000 0.9333
~ 0.4000 0.8667 0.4667 0.9333
M 0.4667 0.8667 0.5333 0.9333
Y 0.5333 0.8667 0.6000 0.9333
~ 0.6000 0.8667 0.6667 0.9333
V 0.6667 0.8667 0.7333 0.9333
I 0.7333 0.8667 0.8000 0.9333
N 0.8000 0.8667 0.8667 0.9333
A 0.8667 0.8667 0.9333 0.9333
L 0.9333 0.8667 1.0000 0.9333
~ 0.0000 0.9333 0.0667 1.0000
~ 0.0667 0.9333 0.1333 1.0000
~ 0.1333 0.9333 0.2000 1.0000
~ 0.2000 0.9333 0.2667 1.0000
~ 0.2667 0.9333 0.3333 1.0000
~ 0.3333 0.9333 0.4000 1.0000
~ 0.4000 0.9333 0.4667 1.0000
U 0.4667 0.9333 0.5333 1.0000
~ 0.5333 0.9333 0.6000 1.0000
~ 0.6000 0.9333 0.6667 1.0000
~ 0.6667 0.9333 0.7333 1.0000
T 0.7333 0.9333 0.8000 1.0000
I 0.8000 0.9333 0.8667 1.0000
E 0.8667 0.9333 0.9333 1.0000
D 0.9333 0.9333 1.0000 1.0000
