A 0.0000 0.0000 0.0667 0.0667
~ 0.0667 0.0000 0.1333 0.0667
~ 0.1333 0.0000 0.2000 0.0667
~ 0.2000 0.0000 0.2667 0.0667
~ 0.2667 0.0000 0.3333 0.0667
~ 0.3333 0.0000 0.4000 0.0667
~ 0.4000 0.0000 0.4667 0.0667
L 0.4667 0.0000 0.5333 0.0667
~ 0.5333 0.0000 0.6000 0.0667
~ 0.6000 0.0000 0.6667 0.0667
R 0.6667 0.0000 0.7333 0.0667
~ 0.7333 0.0000 0.8000 0.0667
~ 0.8000 0.0000 0.8667 0.0667
~ 0.8667 0.0000 0.9333 0.0667
~ 0.9333 0.0000 1.0000 0.0667
V 0.0000 0.0667 0.0667 0.1333
~ 0.0667 0.0667 0.1333 0.1333
~ 0.1333 0.0667 0.2000 0.1333
~ 0.2000 0.0667 0.2667 0.1333
~ 0.2667 0.0667 0.3333 0.1333
~ 0.3333 0.0667 0.4000 0.1333
~ 0.4000 0.0667 0.4667 0.1333
O 0.4667 0.0667 0.5333 0.1333
~ 0.5333 0.0667 0.6000 0.1333
~ 0.6000 0.0667 0.6667 0.1333
U 0.6667 0.0667 0.7333 0.1333
~ 0.7333 0.0667 0.8000 0.1333
~ 0.8000 0.0667 0.8667 0.1333
F 0.8667 0.0667 0.9333 0.1333
~ 0.9333 0.0667 1.0000 0.1333
~ 0.0000 0.1333 0.0667 0.2000
~ 0.0667 0.1333 0.1333 0.2000
~ 0.1333 0.1333 0.2000 0.2000
~ 0.2000 0.1333 0.2667 0.2000
~ 0.2667 0.1333 0.3333 0.2000
~ 0.3333 0.1333 0.4000 0.2000
F 0.4000 0.1333 0.4667 0.2000
A 0.4667 0.1333 0.5333 0.2000
B 0.5333 0.1333 0.6000 0.2000
~ 0.6000 0.1333 0.6667 0.2000
T 0.6667 0.1333 0.7333 0.2000
~ 0.7333 0.1333 0.8000 0.2000
C 0.8000 0.1333 0.8667 0.2000
O 0.8667 0.1333 0.9333 0.2000
L 0.9333 0.1333 1.0000 0.2000
I 0.0000 0.2000 0.0667 0.2667
T 0.0667 0.2000 0.1333 0.2667
~ 0.1333 0.2000 0.2000 0.2667
~ 0.2000 0.2000 0.2667 0.2667
Z 0.2667 0.2000 0.3333 0.2667
Z 0.3333 0.2000 0.4000 0.2667
A 0.4000 0.2000 0.4667 0.2667
N 0.4667 0.2000 0.5333 0.2667
I 0.5333 0.2000 0.6000 0.2667
E 0.6000 0.2000 0.6667 0.2667
~ 0.6667 0.2000 0.7333 0.2667
T 0.7333 0.2000 0.8000 0.2667
~ 0.8000 0.2000 0.8667 0.2667
R 0.8667 0.2000 0.9333 0.2667
~ 0.9333 0.2000 1.0000 0.2667
D 0.0000 0.2667 0.0667 0.3333
E 0.0667 0.2667 0.1333 0.3333
~ 0.1333 0.2667 0.2000 0.3333
~ 0.2000 0.2667 0.2667 0.3333
V 0.2667 0.2667 0.3333 0.3333
A 0.3333 0.2667 0.4000 0.3333
N 0.4000 0.2667 0.4667 0.3333
~ 0.4667 0.2667 0.5333 0.3333
~ 0.5333 0.2667 0.6000 0.3333
D 0.6000 0.2667 0.6667 0.3333
~ 0.6667 0.2667 0.7333 0.3333
A 0.7333 0.2667 0.8000 0.3333
~ 0.8000 0.2667 0.8667 0.3333
M 0.8667 0.2667 0.9333 0.3333
~ 0.9333 0.2667 1.0000 0.3333
~ 0.0000 0.3333 0.0667 0.4000
N 0.0667 0.3333 0.1333 0.4000
~ 0.1333 0.3333 0.2000 0.4000
~ 0.2000 0.3333 0.2667 0.4000
~ 0.2667 0.3333 0.3333 0.4000
~ 0.3333 0.3333 0.4000 0.4000
~ 0.4000 0.3333 0.4667 0.4000
~ 0.4667 0.3333 0.5333 0.4000
Q 0.5333 0.3333 0.6000 0.4000
I 0.6000 0.3333 0.6667 0.4000
~ 0.6667 0.3333 0.7333 0.4000
U 0.7333 0.3333 0.8000 0.4000
~ 0.8000 0.3333 0.8667 0.4000
E 0.8667 0.3333 0.9333 0.4000
M 0.9333 0.3333 1.0000 0.4000
~ 0.0000 0.4000 0.0667 0.4667
O 0.0667 0.4000 0.1333 0.4667
~ 0.1333 0.4000 0.2000 0.4667
~ 0.2000 0.4000 0.2667 0.4667
~ 0.2667 0.4000 0.3333 0.4667
H 0.3333 0.4000 0.4000 0.4667
~ 0.4000 0.4000 0.4667 0.4667
~ 0.4667 0.4000 0.5333 0.4667
I 0.5333 0.4000 0.6000 0.4667
T 0.6000 0.4000 0.6667 0.4667
~ 0.6667 0.4000 0.7333 0.4667
~ 0.7333 0.4000 0.8000 0.4667
~ 0.8000 0.4000 0.8667 0.4667
~ 0.8667 0.4000 0.9333 0.4667
I 0.9333 0.4000 1.0000 0.4667
~ 0.0000 0.4667 0.0667 0.5333
R 0.0667 0.4667 0.1333 0.5333
~ 0.1333 0.4667 0.2000 0.5333
J 0.2000 0.4667 0.2667 0.5333
O 0.2667 0.4667 0.3333 0.5333
U 0.3333 0.4667 0.4000 0.5333
L 0.4000 0.4667 0.4667 0.5333
E 0.4667 0.4667 0.5333 0.5333
S 0.5333 0.4667 0.6000 0.5333
~ 0.6000 0.4667 0.6667 0.5333
~ 0.6667 0.4667 0.7333 0.5333
~ 0.7333 0.4667 0.8000 0.5333
~ 0.8000 0.4667 0.8667 0.5333
~ 0.8667 0.4667 0.9333 0.5333
K 0.9333 0.4667 1.0000 0.5333
~ 0.0000 0.5333 0.0667 0.6000
E 0.0667 0.5333 0.1333 0.6000
G 0.1333 0.5333 0.2000 0.6000
O 0.2000 0.5333 0.2667 0.6000
~ 0.2667 0.5333 0.3333 0.6000
B 0.3333 0.5333 0.4000 0.6000
I 0.4000 0.5333 0.4667 0.6000
S 0.4667 0.5333 0.5333 0.6000
~ 0.5333 0.5333 0.6000 0.6000
~ 0.6000 0.5333 0.6667 0.6000
~ 0.6667 0.5333 0.7333 0.6000
~ 0.7333 0.5333 0.8000 0.6000
~ 0.8000 0.5333 0.8667 0.6000
D 0.8667 0.5333 0.9333 0.6000
E 0.9333 0.5333 1.0000 0.6000
~ 0.0000 0.6000 0.0667 0.6667
D 0.0667 0.6000 0.1333 0.6667
~ 0.1333 0.6000 0.2000 0.6667
L 0.2000 0.6000 0.2667 0.6667
~ 0.2667 0.6000 0.3333 0.6667
~ 0.3333 0.6000 0.4000 0.6667
~ 0.4000 0.6000 0.4667 0.6667
S 0.4667 0.6000 0.5333 0.6667
P 0.5333 0.6000 0.6000 0.6667
R 0.6000 0.6000 0.6667 0.6667
I 0.6667 0.6000 0.7333 0.6667
N 0.7333 0.6000 0.8000 0.6667
G 0.8000 0.6000 0.8667 0.6667
S 0.8667 0.6000 0.9333 0.6667
S 0.9333 0.6000 1.0000 0.6667
~ 0.0000 0.6667 0.0667 0.7333
~ 0.0667 0.6667 0.1333 0.7333
~ 0.1333 0.6667 0.2000 0.7333
T 0.2000 0.6667 0.2667 0.7333
U 0.2667 0.6667 0.3333 0.7333
I 0.3333 0.6667 0.4000 0.7333
~ 0.4000 0.6667 0.4667 0.7333
~ 0.4667 0.6667 0.5333 0.7333
~ 0.5333 0.6667 0.6000 0.7333
~ 0.6000 0.6667 0.6667 0.7333
X 0.6667 0.6667 0.7333 0.7333
~ 0.7333 0.6667 0.8000 0.7333
~ 0.8000 0.6667 0.8667 0.7333
N 0.8667 0.6667 0.9333 0.7333
~ 0.9333 0.6667 1.0000 0.7333
~ 0.0000 0.7333 0.0667 0.8000
~ 0.0667 0.7333 0.1333 0.8000
A 0.1333 0.7333 0.2000 0.8000
I 0.2000 0.7333 0.2667 0.8000
~ 0.2667 0.7333 0.3333 0.8000
T 0.3333 0.7333 0.4000 0.8000
E 0.4000 0.7333 0.4667 0.8000
E 0.4667 0.7333 0.5333 0.8000
~ 0.5333 0.7333 0.6000 0.8000
P 0.6000 0.7333 0.6667 0.8000
Y 0.6667 0.7333 0.7333 0.8000
R 0.7333 0.7333 0.8000 0.8000
O 0.8000 0.7333 0.8667 0.8000
~ 0.8667 0.7333 0.9333 0.8000
~ 0.9333 0.7333 1.0000 0.8000
~ 0.0000 0.8000 0.0667 0.8667
A 0.0667 0.8000 0.1333 0.8667
W 0.1333 0.8000 0.2000 0.8667
E 0.2000 0.8000 0.2667 0.8667
~ 0.2667 0.8000 0.3333 0.8667
~ 0.3333 0.8000 0.4000 0.8667
~ 0.4000 0.8000 0.4667 0.8667
~ 0.4667 0.8000 0.5333 0.8667
~ 0.5333 0.8000 0.6000 0.8667
~ 0.6000 0.8000 0.6667 0.8667
~ 0.6667 0.8000 0.7333 0.8667
E 0.7333 0.8000 0.8000 0.8667
H 0.8000 0.8000 0.8667 0.8667
~ 0.8667 0.8000 0.9333 0.8667
~ 0.9333 0.8000 1.0000 0.8667
~ 0.0000 0.8667 0.0667 0.9333
W 0.0667 0.8667 0.1333 0.9333
A 0.1333 0.8667 0.2000 0.9333
R 0.2000 0.8667 0.2667 0.9333
~ 0.2667 0.8667 0.3333 0.9333
~ 0.3333 0.8667 0.4000 0.9333
~ 0.4000 0.8667 0.4667 0.9333
~ 0.4667 0.8667 0.5333 0.9333
~ 0.5333 0.8667 0.6000 0.9333
C 0.6000 0.8667 0.6667 0.9333
O 0.6667 0.8667 0.7333 0.9333
G 0.7333 0.8667 0.8000 0.9333
~ 0.8000 0.8667 0.8667 0.9333
~ 0.8667 0.8667 0.9333 0.9333
~ 0.9333 0.8667 1.0000 0.9333
Y 0.0000 0.9333 0.0667 1.0000
E 0.0667 0.9333 0.1333 1.0000
~ 0.1333 0.9333 0.2000 1.0000
~ 0.2000 0.9333 0.2667 1.0000
~ 0.2667 0.9333 0.3333 1.0000
~ 0.3333 0.9333 0.4000 1.0000
~ 0.4000 0.9333 0.4667 1.0000
~ 0.4667 0.9333 0.5333 1.0000
~ 0.5333 0.9333 0.6000 1.0000
~ 0.6000 0.9333 0.6667 1.0000
~ 0.6667 0.9333 0.7333 1.0000
~ 0.7333 0.9333 0.8000 1.0000
~ 0.8000 0.9333 0.8667 1.0000
~ 0.8667 0.9333 0.9333 1.0000
~ 0.9333 0.9333 1.0000 1.0000
