~ 0.0000 0.0000 0.0667 0.0667
~ 0.0667 0.0000 0.1333 0.0667
~ 0.1333 0.0000 0.2000 0.0667
~ 0.2000 0.0000 0.2667 0.0667
Q 0.2667 0.0000 0.3333 0.0667
~ 0.3333 0.0000 0.4000 0.0667
~ 0.4000 0.0000 0.4667 0.0667
P 0.4667 0.0000 0.5333 0.0667
~ 0.5333 0.0000 0.6000 0.0667
~ 0.6000 0.0000 0.6667 0.0667
~ 0.6667 0.0000 0.7333 0.0667
F 0.7333 0.0000 0.8000 0.0667
I 0.8000 0.0000 0.8667 0.0667
C 0.8667 0.0000 0.9333 0.0667
E 0.9333 0.0000 1.0000 0.0667
~ 0.0000 0.0667 0.0667 0.1333
~ 0.0667 0.0667 0.1333 0.1333
~ 0.1333 0.0667 0.2000 0.1333
V 0.2000 0.0667 0.2667 0.1333
U 0.2667 0.0667 0.3333 0.1333
M 0.3333 0.0667 0.4000 0.1333
~ 0.4000 0.0667 0.4667 0.1333
A 0.4667 0.0667 0.5333 0.1333
~ 0.5333 0.0667 0.6000 0.1333
K 0.6000 0.0667 0.6667 0.1333
U 0.6667 0.0667 0.7333 0.1333
E 0.7333 0.0667 0.8000 0.1333
~ 0.8000 0.0667 0.8667 0.1333
R 0.8667 0.0667 0.9333 0.1333
~ 0.9333 0.0667 1.0000 0.1333
~ 0.0000 0.1333 0.0667 0.2000
~ 0.0667 0.1333 0.1333 0.2000
~ 0.1333 0.1333 0.2000 0.2000
~ 0.2000 0.1333 0.2667 0.2000
A 0.2667 0.1333 0.3333 0.2000
~ 0.3333 0.1333 0.4000 0.2000
P 0.4000 0.1333 0.4667 0.2000
L 0.4667 0.1333 0.5333 0.2000
A 0.5333 0.1333 0.6000 0.2000
I 0.6000 0.1333 0.6667 0.2000
N 0.6667 0.1333 0.7333 0.2000
~ 0.7333 0.1333 0.8000 0.2000
N 0.8000 0.1333 0.8667 0.2000
A 0.8667 0.1333 0.9333 0.2000
~ 0.9333 0.1333 1.0000 0.2000
~ 0.0000 0.2000 0.0667 0.2667
~ 0.0667 0.2000 0.1333 0.2667
D 0.1333 0.2000 0.2000 0.2667
E 0.2000 0.2000 0.2667 0.2667
C 0.2667 0.2000 0.3333 0.2667
R 0.3333 0.2000 0.4000 0.2667
E 0.4000 0.2000 0.4667 0.2667
E 0.4667 0.2000 0.5333 0.2667
~ 0.5333 0.2000 0.6000 0.2667
~ 0.6000 0.2000 0.6667 0.2667
~ 0.6667 0.2000 0.7333 0.2667
J 0.7333 0.2000 0.8000 0.2667
O 0.8000 0.2000 0.8667 0.2667
G 0.8667 0.2000 0.9333 0.2667
S 0.9333 0.2000 1.0000 0.2667
~ 0.0000 0.2667 0.0667 0.3333
~ 0.0667 0.2667 0.1333 0.3333
~ 0.1333 0.2667 0.2000 0.3333
~ 0.2000 0.2667 0.2667 0.3333
~ 0.2667 0.2667 0.3333 0.3333
~ 0.3333 0.2667 0.4000 0.3333
~ 0.4000 0.2667 0.4667 0.3333
~ 0.4667 0.2667 0.5333 0.3333
G 0.5333 0.2667 0.6000 0.3333
~ 0.6000 0.2667 0.6667 0.3333
~ 0.6667 0.2667 0.7333 0.3333
O 0.7333 0.2667 0.8000 0.3333
W 0.8000 0.2667 0.8667 0.3333
~ 0.8667 0.2667 0.9333 0.3333
T 0.9333 0.2667 1.0000 0.3333
~ 0.0000 0.3333 0.0667 0.4000
Z 0.0667 0.3333 0.1333 0.4000
E 0.1333 0.3333 0.2000 0.4000
E 0.2000 0.3333 0.2667 0.4000
S 0.2667 0.3333 0.3333 0.4000
~ 0.3333 0.3333 0.4000 0.4000
~ 0.4000 0.3333 0.4667 0.4000
D 0.4667 0.3333 0.5333 0.4000
O 0.5333 0.3333 0.6000 0.4000
E 0.6000 0.3333 0.6667 0.4000
~ 0.6667 0.3333 0.7333 0.4000
U 0.7333 0.3333 0.8000 0.4000
~ 0.8000 0.3333 0.8667 0.4000
Y 0.8667 0.3333 0.9333 0.4000
O 0.9333 0.3333 1.0000 0.4000
~ 0.0000 0.4000 0.0667 0.4667
~ 0.0667 0.4000 0.1333 0.4667
~ 0.1333 0.4000 0.2000 0.4667
~ 0.2000 0.4000 0.2667 0.4667
~ 0.2667 0.4000 0.3333 0.4667
~ 0.3333 0.4000 0.4000 0.4667
L 0.4000 0.4000 0.4667 0.4667
O 0.4667 0.4000 0.5333 0.4667
~ 0.5333 0.4000 0.6000 0.4667
T 0.6000 0.4000 0.6667 0.4667
I 0.6667 0.4000 0.7333 0.4667
S 0.7333 0.4000 0.8000 0.4667
H 0.8000 0.4000 0.8667 0.4667
~ 0.8667 0.4000 0.9333 0.4667
V 0.9333 0.4000 1.0000 0.4667
N 0.0000 0.4667 0.0667 0.5333
O 0.0667 0.4667 0.1333 0.5333
I 0.1333 0.4667 0.2000 0.5333
L 0.2000 0.4667 0.2667 0.5333
~ 0.2667 0.4667 0.3333 0.5333
F 0.3333 0.4667 0.4000 0.5333
I 0.4000 0.4667 0.4667 0.5333
X 0.4667 0.4667 0.5333 0.5333
T 0.5333 0.4667 0.6000 0.5333
~ 0.6000 0.4667 0.6667 0.5333
~ 0.6667 0.4667 0.7333 0.5333
T 0.7333 0.4667 0.8000 0.5333
~ 0.8000 0.4667 0.8667 0.5333
~ 0.8667 0.4667 0.9333 0.5333
E 0.9333 0.4667 1.0000 0.5333
~ 0.0000 0.5333 0.0667 0.6000
~ 0.0667 0.5333 0.1333 0.6000
~ 0.1333 0.5333 0.2000 0.6000
O 0.2000 0.5333 0.2667 0.6000
~ 0.2667 0.5333 0.3333 0.6000
A 0.3333 0.5333 0.4000 0.6000
B 0.4000 0.5333 0.4667 0.6000
Y 0.4667 0.5333 0.5333 0.6000
~ 0.5333 0.5333 0.6000 0.6000
~ 0.6000 0.5333 0.6667 0.6000
~ 0.6667 0.5333 0.7333 0.6000
~ 0.7333 0.5333 0.8000 0.6000
~ 0.8000 0.5333 0.8667 0.6000
~ 0.8667 0.5333 0.9333 0.6000
~ 0.9333 0.5333 1.0000 0.6000
~ 0.0000 0.6000 0.0667 0.6667
G 0.0667 0.6000 0.1333 0.6667
R 0.1333 0.6000 0.2000 0.6667
A 0.2000 0.6000 0.2667 0.6667
M 0.2667 0.6000 0.3333 0.6667
S 0.3333 0.6000 0.4000 0.6667
~ 0.4000 0.6000 0.4667 0.6667
~ 0.4667 0.6000 0.5333 0.6667
~ 0.5333 0.6000 0.6000 0.6667
~ 0.6000 0.6000 0.6667 0.6667
~ 0.6667 0.6000 0.7333 0.6667
~ 0.7333 0.6000 0.8000 0.6667
~ 0.8000 0.6000 0.8667 0.6667
~ 0.8667 0.6000 0.9333 0.6667
~ 0.9333 0.6000 1.0000 0.6667
~ 0.0000 0.6667 0.0667 0.7333
~ 0.0667 0.6667 0.1333 0.7333
~ 0.1333 0.6667 0.2000 0.7333
D 0.2000 0.6667 0.2667 0.7333
~ 0.2667 0.6667 0.3333 0.7333
~ 0.3333 0.6667 0.4000 0.7333
~ 0.4000 0.6667 0.4667 0.7333
~ 0.4667 0.6667 0.5333 0.7333
~ 0.5333 0.6667 0.6000 0.7333
~ 0.6000 0.6667 0.6667 0.7333
~ 0.6667 0.6667 0.7333 0.7333
~ 0.7333 0.6667 0.8000 0.7333
~ 0.8000 0.6667 0.8667 0.7333
~ 0.8667 0.6667 0.9333 0.7333
~ 0.9333 0.6667 1.0000 0.7333
~ 0.0000 0.7333 0.0667 0.8000
~ 0.0667 0.7333 0.1333 0.8000
~ 0.1333 0.7333 0.2000 0.8000
E 0.2000 0.7333 0.2667 0.8000
~ 0.2667 0.7333 0.3333 0.8000
~ 0.3333 0.7333 0.4000 0.8000
~ 0.4000 0.7333 0.4667 0.8000
~ 0.4667 0.7333 0.5333 0.8000
~ 0.5333 0.7333 0.6000 0.8000
~ 0.6000 0.7333 0.6667 0.8000
~ 0.6667 0.7333 0.7333 0.8000
~ 0.7333 0.7333 0.8000 0.8000
~ 0.8000 0.7333 0.8667 0.8000
~ 0.8667 0.7333 0.9333 0.8000
~ 0.9333 0.7333 1.0000 0.8000
~ 0.0000 0.8000 0.0667 0.8667
~ 0.0667 0.8000 0.1333 0.8667
B 0.1333 0.8000 0.2000 0.8667
R 0.2000 0.8000 0.2667 0.8667
A 0.2667 0.8000 0.3333 0.8667
I 0.3333 0.8000 0.4000 0.8667
N 0.4000 0.8000 0.4667 0.8667
~ 0.4667 0.8000 0.5333 0.8667
~ 0.5333 0.8000 0.6000 0.8667
~ 0.6000 0.8000 0.6667 0.8667
~ 0.6667 0.8000 0.7333 0.8667
~ 0.7333 0.8000 0.8000 0.8667
~ 0.8000 0.8000 0.8667 0.8667
~ 0.8667 0.8000 0.9333 0.8667
~ 0.9333 0.8000 1.0000 0.8667
~ 0.0000 0.8667 0.0667 0.9333
~ 0.0667 0.8667 0.1333 0.9333
~ 0.1333 0.8667 0.2000 0.9333
~ 0.2000 0.8667 0.2667 0.9333
~ 0.2667 0.8667 0.3333 0.9333
D 0.3333 0.8667 0.4000 0.9333
E 0.4000 0.8667 0.4667 0.9333
A 0.4667 0.8667 0.5333 0.9333
L 0.5333 0.8667 0.6000 0.9333
T 0.6000 0.8667 0.6667 0.9333
~ 0.6667 0.8667 0.7333 0.9333
~ 0.7333 0.8667 0.8000 0.9333
H 0.8000 0.8667 0.8667 0.9333
O 0.8667 0.8667 0.9333 0.9333
W 0.9333 0.8667 1.0000 0.9333
~ 0.0000 0.9333 0.0667 1.0000
~ 0.0667 0.9333 0.1333 1.0000
~ 0.1333 0.9333 0.2000 1.0000
~ 0.2000 0.9333 0.2667 1.0000
~ 0.2667 0.9333 0.3333 1.0000
~ 0.3333 0.9333 0.4000 1.0000
~ 0.4000 0.9333 0.4667 1.0000
R 0.4667 0.9333 0.5333 1.0000
A 0.5333 0.9333 0.6000 1.0000
I 0.6000 0.9333 0.6667 1.0000
N 0.6667 0.9333 0.7333 1.0000
I 0.7333 0.9333 0.8000 1.0000
E 0.8000 0.9333 0.8667 1.0000
R 0.8667 0.9333 0.9333 1.0000
~ 0.9333 0.9333 1.0000 1.0000
