NONE 0.0 0.0 0.06666666666666667 0.06666666666666667 
NONE 0.06666666666666667 0.0 0.06666666666666667 0.06666666666666667 
E 0.13333333333333333 0.0 0.06666666666666667 0.06666666666666667 
NONE 0.2 0.0 0.06666666666666667 0.06666666666666667 
NONE 0.26666666666666666 0.0 0.06666666666666667 0.06666666666666667 
NONE 0.3333333333333333 0.0 0.06666666666666667 0.06666666666666667 
NONE 0.4 0.0 0.06666666666666667 0.06666666666666667 
NONE 0.4666666666666667 0.0 0.06666666666666667 0.06666666666666667 
NONE 0.5333333333333333 0.0 0.06666666666666667 0.06666666666666667 
NONE 0.6 0.0 0.06666666666666667 0.06666666666666667 
NONE 0.6666666666666666 0.0 0.06666666666666667 0.06666666666666667 
B 0.7333333333333333 0.0 0.06666666666666667 0.06666666666666667 
NONE 0.8 0.0 0.06666666666666667 0.06666666666666667 
NONE 0.8666666666666667 0.0 0.06666666666666667 0.06666666666666667 
NONE 0.9333333333333333 0.0 0.06666666666666667 0.06666666666666667 
NONE 0.0 0.06666666666666667 0.06666666666666667 0.06666666666666667 
NONE 0.06666666666666667 0.06666666666666667 0.06666666666666667 0.06666666666666667 
D 0.13333333333333333 0.06666666666666667 0.06666666666666667 0.06666666666666667 
NONE 0.2 0.06666666666666667 0.06666666666666667 0.06666666666666667 
NONE 0.26666666666666666 0.06666666666666667 0.06666666666666667 0.06666666666666667 
NONE 0.3333333333333333 0.06666666666666667 0.06666666666666667 0.06666666666666667 
NONE 0.4 0.06666666666666667 0.06666666666666667 0.06666666666666667 
J 0.4666666666666667 0.06666666666666667 0.06666666666666667 0.06666666666666667 
NONE 0.5333333333333333 0.06666666666666667 0.06666666666666667 0.06666666666666667 
J 0.6 0.06666666666666667 0.06666666666666667 0.06666666666666667 
NONE 0.6666666666666666 0.06666666666666667 0.06666666666666667 0.06666666666666667 
I 0.7333333333333333 0.06666666666666667 0.06666666666666667 0.06666666666666667 
NONE 0.8 0.06666666666666667 0.06666666666666667 0.06666666666666667 
F 0.8666666666666667 0.06666666666666667 0.06666666666666667 0.06666666666666667 
NONE 0.9333333333333333 0.06666666666666667 0.06666666666666667 0.06666666666666667 
NONE 0.0 0.13333333333333333 0.06666666666666667 0.06666666666666667 
NONE 0.06666666666666667 0.13333333333333333 0.06666666666666667 0.06666666666666667 
NONE 0.13333333333333333 0.13333333333333333 0.06666666666666667 0.06666666666666667 
L 0.2 0.13333333333333333 0.06666666666666667 0.06666666666666667 
O 0.26666666666666666 0.13333333333333333 0.06666666666666667 0.06666666666666667 
U 0.3333333333333333 0.13333333333333333 0.06666666666666667 0.06666666666666667 
T 0.4 0.13333333333333333 0.06666666666666667 0.06666666666666667 
NONE 0.4666666666666667 0.13333333333333333 0.06666666666666667 0.06666666666666667 
W 0.5333333333333333 0.13333333333333333 0.06666666666666667 0.06666666666666667 
E 0.6 0.13333333333333333 0.06666666666666667 0.06666666666666667 
I 0.6666666666666666 0.13333333333333333 0.06666666666666667 0.06666666666666667 
D 0.7333333333333333 0.13333333333333333 0.06666666666666667 0.06666666666666667 
Y 0.8 0.13333333333333333 0.06666666666666667 0.06666666666666667 
Y 0.8666666666666667 0.13333333333333333 0.06666666666666667 0.06666666666666667 
NONE 0.9333333333333333 0.13333333333333333 0.06666666666666667 0.06666666666666667 
NONE 0.0 0.2 0.06666666666666667 0.06666666666666667 
NONE 0.06666666666666667 0.2 0.06666666666666667 0.06666666666666667 
E 0.13333333333333333 0.2 0.06666666666666667 0.06666666666666667 
NONE 0.2 0.2 0.06666666666666667 0.06666666666666667 
V 0.26666666666666666 0.2 0.06666666666666667 0.06666666666666667 
NONE 0.3333333333333333 0.2 0.06666666666666667 0.06666666666666667 
NONE 0.4 0.2 0.06666666666666667 0.06666666666666667 
Z 0.4666666666666667 0.2 0.06666666666666667 0.06666666666666667 
I 0.5333333333333333 0.2 0.06666666666666667 0.06666666666666667 
T 0.6 0.2 0.06666666666666667 0.06666666666666667 
NONE 0.6666666666666666 0.2 0.06666666666666667 0.06666666666666667 
NONE 0.7333333333333333 0.2 0.06666666666666667 0.06666666666666667 
NONE 0.8 0.2 0.06666666666666667 0.06666666666666667 
K 0.8666666666666667 0.2 0.06666666666666667 0.06666666666666667 
A 0.9333333333333333 0.2 0.06666666666666667 0.06666666666666667 
NONE 0.0 0.26666666666666666 0.06666666666666667 0.06666666666666667 
NONE 0.06666666666666667 0.26666666666666666 0.06666666666666667 0.06666666666666667 
NONE 0.13333333333333333 0.26666666666666666 0.06666666666666667 0.06666666666666667 
NONE 0.2 0.26666666666666666 0.06666666666666667 0.06666666666666667 
U 0.26666666666666666 0.26666666666666666 0.06666666666666667 0.06666666666666667 
NONE 0.3333333333333333 0.26666666666666666 0.06666666666666667 0.06666666666666667 
NONE 0.4 0.26666666666666666 0.06666666666666667 0.06666666666666667 
NONE 0.4666666666666667 0.26666666666666666 0.06666666666666667 0.06666666666666667 
P 0.5333333333333333 0.26666666666666666 0.06666666666666667 0.06666666666666667 
NONE 0.6 0.26666666666666666 0.06666666666666667 0.06666666666666667 
E 0.6666666666666666 0.26666666666666666 0.06666666666666667 0.06666666666666667 
H 0.7333333333333333 0.26666666666666666 0.06666666666666667 0.06666666666666667 
NONE 0.8 0.26666666666666666 0.06666666666666667 0.06666666666666667 
E 0.8666666666666667 0.26666666666666666 0.06666666666666667 0.06666666666666667 
N 0.9333333333333333 0.26666666666666666 0.06666666666666667 0.06666666666666667 
NONE 0.0 0.3333333333333333 0.06666666666666667 0.06666666666666667 
NONE 0.06666666666666667 0.3333333333333333 0.06666666666666667 0.06666666666666667 
NONE 0.13333333333333333 0.3333333333333333 0.06666666666666667 0.06666666666666667 
C 0.2 0.3333333333333333 0.06666666666666667 0.06666666666666667 
L 0.26666666666666666 0.3333333333333333 0.06666666666666667 0.06666666666666667 
NONE 0.3333333333333333 0.3333333333333333 0.06666666666666667 0.06666666666666667 
S 0.4 0.3333333333333333 0.06666666666666667 0.06666666666666667 
S 0.4666666666666667 0.3333333333333333 0.06666666666666667 0.06666666666666667 
I 0.5333333333333333 0.3333333333333333 0.06666666666666667 0.06666666666666667 
S 0.6 0.3333333333333333 0.06666666666666667 0.06666666666666667 
M 0.6666666666666666 0.3333333333333333 0.06666666666666667 0.06666666666666667 
NONE 0.7333333333333333 0.3333333333333333 0.06666666666666667 0.06666666666666667 
NONE 0.8 0.3333333333333333 0.06666666666666667 0.06666666666666667 
NONE 0.8666666666666667 0.3333333333333333 0.06666666666666667 0.06666666666666667 
T 0.9333333333333333 0.3333333333333333 0.06666666666666667 0.06666666666666667 
NONE 0.0 0.4 0.06666666666666667 0.06666666666666667 
NONE 0.06666666666666667 0.4 0.06666666666666667 0.06666666666666667 
NONE 0.13333333333333333 0.4 0.06666666666666667 0.06666666666666667 
NONE 0.2 0.4 0.06666666666666667 0.06666666666666667 
E 0.26666666666666666 0.4 0.06666666666666667 0.06666666666666667 
NONE 0.3333333333333333 0.4 0.06666666666666667 0.06666666666666667 
NONE 0.4 0.4 0.06666666666666667 0.06666666666666667 
NONE 0.4666666666666667 0.4 0.06666666666666667 0.06666666666666667 
N 0.5333333333333333 0.4 0.06666666666666667 0.06666666666666667 
NONE 0.6 0.4 0.06666666666666667 0.06666666666666667 
A 0.6666666666666666 0.4 0.06666666666666667 0.06666666666666667 
NONE 0.7333333333333333 0.4 0.06666666666666667 0.06666666666666667 
NONE 0.8 0.4 0.06666666666666667 0.06666666666666667 
NONE 0.8666666666666667 0.4 0.06666666666666667 0.06666666666666667 
I 0.9333333333333333 0.4 0.06666666666666667 0.06666666666666667 
NONE 0.0 0.4666666666666667 0.06666666666666667 0.06666666666666667 
A 0.06666666666666667 0.4666666666666667 0.06666666666666667 0.06666666666666667 
V 0.13333333333333333 0.4666666666666667 0.06666666666666667 0.06666666666666667 
E 0.2 0.4666666666666667 0.06666666666666667 0.06666666666666667 
NONE 0.26666666666666666 0.4666666666666667 0.06666666666666667 0.06666666666666667 
G 0.3333333333333333 0.4666666666666667 0.06666666666666667 0.06666666666666667 
R 0.4 0.4666666666666667 0.06666666666666667 0.06666666666666667 
I 0.4666666666666667 0.4666666666666667 0.06666666666666667 0.06666666666666667 
G 0.5333333333333333 0.4666666666666667 0.06666666666666667 0.06666666666666667 
NONE 0.6 0.4666666666666667 0.06666666666666667 0.06666666666666667 
I 0.6666666666666666 0.4666666666666667 0.06666666666666667 0.06666666666666667 
F 0.7333333333333333 0.4666666666666667 0.06666666666666667 0.06666666666666667 
NONE 0.8 0.4666666666666667 0.06666666666666667 0.06666666666666667 
NONE 0.8666666666666667 0.4666666666666667 0.06666666666666667 0.06666666666666667 
NONE 0.9333333333333333 0.4666666666666667 0.06666666666666667 0.06666666666666667 
NONE 0.0 0.5333333333333333 0.06666666666666667 0.06666666666666667 
NONE 0.06666666666666667 0.5333333333333333 0.06666666666666667 0.06666666666666667 
NONE 0.13333333333333333 0.5333333333333333 0.06666666666666667 0.06666666666666667 
A 0.2 0.5333333333333333 0.06666666666666667 0.06666666666666667 
G 0.26666666666666666 0.5333333333333333 0.06666666666666667 0.06666666666666667 
O 0.3333333333333333 0.5333333333333333 0.06666666666666667 0.06666666666666667 
NONE 0.4 0.5333333333333333 0.06666666666666667 0.06666666666666667 
NONE 0.4666666666666667 0.5333333333333333 0.06666666666666667 0.06666666666666667 
NONE 0.5333333333333333 0.5333333333333333 0.06666666666666667 0.06666666666666667 
NONE 0.6 0.5333333333333333 0.06666666666666667 0.06666666666666667 
L 0.6666666666666666 0.5333333333333333 0.06666666666666667 0.06666666666666667 
A 0.7333333333333333 0.5333333333333333 0.06666666666666667 0.06666666666666667 
NONE 0.8 0.5333333333333333 0.06666666666666667 0.06666666666666667 
NONE 0.8666666666666667 0.5333333333333333 0.06666666666666667 0.06666666666666667 
NONE 0.9333333333333333 0.5333333333333333 0.06666666666666667 0.06666666666666667 
NONE 0.0 0.6 0.06666666666666667 0.06666666666666667 
NONE 0.06666666666666667 0.6 0.06666666666666667 0.06666666666666667 
NONE 0.13333333333333333 0.6 0.06666666666666667 0.06666666666666667 
T 0.2 0.6 0.06666666666666667 0.06666666666666667 
O 0.26666666666666666 0.6 0.06666666666666667 0.06666666666666667 
Y 0.3333333333333333 0.6 0.06666666666666667 0.06666666666666667 
NONE 0.4 0.6 0.06666666666666667 0.06666666666666667 
NONE 0.4666666666666667 0.6 0.06666666666666667 0.06666666666666667 
NONE 0.5333333333333333 0.6 0.06666666666666667 0.06666666666666667 
NONE 0.6 0.6 0.06666666666666667 0.06666666666666667 
NONE 0.6666666666666666 0.6 0.06666666666666667 0.06666666666666667 
D 0.7333333333333333 0.6 0.06666666666666667 0.06666666666666667 
NONE 0.8 0.6 0.06666666666666667 0.06666666666666667 
NONE 0.8666666666666667 0.6 0.06666666666666667 0.06666666666666667 
NONE 0.9333333333333333 0.6 0.06666666666666667 0.06666666666666667 
NONE 0.0 0.6666666666666666 0.06666666666666667 0.06666666666666667 
NONE 0.06666666666666667 0.6666666666666666 0.06666666666666667 0.06666666666666667 
D 0.13333333333333333 0.6666666666666666 0.06666666666666667 0.06666666666666667 
E 0.2 0.6666666666666666 0.06666666666666667 0.06666666666666667 
X 0.26666666666666666 0.6666666666666666 0.06666666666666667 0.06666666666666667 
NONE 0.3333333333333333 0.6666666666666666 0.06666666666666667 0.06666666666666667 
NONE 0.4 0.6666666666666666 0.06666666666666667 0.06666666666666667 
NONE 0.4666666666666667 0.6666666666666666 0.06666666666666667 0.06666666666666667 
NONE 0.5333333333333333 0.6666666666666666 0.06666666666666667 0.06666666666666667 
NONE 0.6 0.6666666666666666 0.06666666666666667 0.06666666666666667 
NONE 0.6666666666666666 0.6666666666666666 0.06666666666666667 0.06666666666666667 
NONE 0.7333333333333333 0.6666666666666666 0.06666666666666667 0.06666666666666667 
NONE 0.8 0.6666666666666666 0.06666666666666667 0.06666666666666667 
Q 0.8666666666666667 0.6666666666666666 0.06666666666666667 0.06666666666666667 
NONE 0.9333333333333333 0.6666666666666666 0.06666666666666667 0.06666666666666667 
NONE 0.0 0.7333333333333333 0.06666666666666667 0.06666666666666667 
NONE 0.06666666666666667 0.7333333333333333 0.06666666666666667 0.06666666666666667 
A 0.13333333333333333 0.7333333333333333 0.06666666666666667 0.06666666666666667 
R 0.2 0.7333333333333333 0.06666666666666667 0.06666666666666667 
NONE 0.26666666666666666 0.7333333333333333 0.06666666666666667 0.06666666666666667 
NONE 0.3333333333333333 0.7333333333333333 0.06666666666666667 0.06666666666666667 
NONE 0.4 0.7333333333333333 0.06666666666666667 0.06666666666666667 
NONE 0.4666666666666667 0.7333333333333333 0.06666666666666667 0.06666666666666667 
NONE 0.5333333333333333 0.7333333333333333 0.06666666666666667 0.06666666666666667 
NONE 0.6 0.7333333333333333 0.06666666666666667 0.06666666666666667 
NONE 0.6666666666666666 0.7333333333333333 0.06666666666666667 0.06666666666666667 
N 0.7333333333333333 0.7333333333333333 0.06666666666666667 0.06666666666666667 
O 0.8 0.7333333333333333 0.06666666666666667 0.06666666666666667 
U 0.8666666666666667 0.7333333333333333 0.06666666666666667 0.06666666666666667 
N 0.9333333333333333 0.7333333333333333 0.06666666666666667 0.06666666666666667 
NONE 0.0 0.8 0.06666666666666667 0.06666666666666667 
NONE 0.06666666666666667 0.8 0.06666666666666667 0.06666666666666667 
W 0.13333333333333333 0.8 0.06666666666666667 0.06666666666666667 
NONE 0.2 0.8 0.06666666666666667 0.06666666666666667 
NONE 0.26666666666666666 0.8 0.06666666666666667 0.06666666666666667 
NONE 0.3333333333333333 0.8 0.06666666666666667 0.06666666666666667 
NONE 0.4 0.8 0.06666666666666667 0.06666666666666667 
NONE 0.4666666666666667 0.8 0.06666666666666667 0.06666666666666667 
H 0.5333333333333333 0.8 0.06666666666666667 0.06666666666666667 
O 0.6 0.8 0.06666666666666667 0.06666666666666667 
B 0.6666666666666666 0.8 0.06666666666666667 0.06666666666666667 
O 0.7333333333333333 0.8 0.06666666666666667 0.06666666666666667 
NONE 0.8 0.8 0.06666666666666667 0.06666666666666667 
E 0.8666666666666667 0.8 0.06666666666666667 0.06666666666666667 
NONE 0.9333333333333333 0.8 0.06666666666666667 0.06666666666666667 
NONE 0.0 0.8666666666666667 0.06666666666666667 0.06666666666666667 
NONE 0.06666666666666667 0.8666666666666667 0.06666666666666667 0.06666666666666667 
S 0.13333333333333333 0.8666666666666667 0.06666666666666667 0.06666666666666667 
U 0.2 0.8666666666666667 0.06666666666666667 0.06666666666666667 
P 0.26666666666666666 0.8666666666666667 0.06666666666666667 0.06666666666666667 
E 0.3333333333333333 0.8666666666666667 0.06666666666666667 0.06666666666666667 
R 0.4 0.8666666666666667 0.06666666666666667 0.06666666666666667 
L 0.4666666666666667 0.8666666666666667 0.06666666666666667 0.06666666666666667 
I 0.5333333333333333 0.8666666666666667 0.06666666666666667 0.06666666666666667 
E 0.6 0.8666666666666667 0.06666666666666667 0.06666666666666667 
NONE 0.6666666666666666 0.8666666666666667 0.06666666666666667 0.06666666666666667 
NONE 0.7333333333333333 0.8666666666666667 0.06666666666666667 0.06666666666666667 
NONE 0.8 0.8666666666666667 0.06666666666666667 0.06666666666666667 
R 0.8666666666666667 0.8666666666666667 0.06666666666666667 0.06666666666666667 
NONE 0.9333333333333333 0.8666666666666667 0.06666666666666667 0.06666666666666667 
NONE 0.0 0.9333333333333333 0.06666666666666667 0.06666666666666667 
NONE 0.06666666666666667 0.9333333333333333 0.06666666666666667 0.06666666666666667 
NONE 0.13333333333333333 0.9333333333333333 0.06666666666666667 0.06666666666666667 
NONE 0.2 0.9333333333333333 0.06666666666666667 0.06666666666666667 
NONE 0.26666666666666666 0.9333333333333333 0.06666666666666667 0.06666666666666667 
N 0.3333333333333333 0.9333333333333333 0.06666666666666667 0.06666666666666667 
E 0.4 0.9333333333333333 0.06666666666666667 0.06666666666666667 
A 0.4666666666666667 0.9333333333333333 0.06666666666666667 0.06666666666666667 
T 0.5333333333333333 0.9333333333333333 0.06666666666666667 0.06666666666666667 
NONE 0.6 0.9333333333333333 0.06666666666666667 0.06666666666666667 
A 0.6666666666666666 0.9333333333333333 0.06666666666666667 0.06666666666666667 
M 0.7333333333333333 0.9333333333333333 0.06666666666666667 0.06666666666666667 
I 0.8 0.9333333333333333 0.06666666666666667 0.06666666666666667 
N 0.8666666666666667 0.9333333333333333 0.06666666666666667 0.06666666666666667 
O 0.9333333333333333 0.9333333333333333 0.06666666666666667 0.06666666666666667 
