E 0.0000 0.0000 0.0667 0.0667
F 0.0667 0.0000 0.1333 0.0667
~ 0.1333 0.0000 0.2000 0.0667
~ 0.2000 0.0000 0.2667 0.0667
~ 0.2667 0.0000 0.3333 0.0667
~ 0.3333 0.0000 0.4000 0.0667
~ 0.4000 0.0000 0.4667 0.0667
Q 0.4667 0.0000 0.5333 0.0667
~ 0.5333 0.0000 0.6000 0.0667
~ 0.6000 0.0000 0.6667 0.0667
U 0.6667 0.0000 0.7333 0.0667
R 0.7333 0.0000 0.8000 0.0667
A 0.8000 0.0000 0.8667 0.0667
E 0.8667 0.0000 0.9333 0.0667
I 0.9333 0.0000 1.0000 0.0667
N 0.0000 0.0667 0.0667 0.1333
A 0.0667 0.0667 0.1333 0.1333
M 0.1333 0.0667 0.2000 0.1333
~ 0.2000 0.0667 0.2667 0.1333
~ 0.2667 0.0667 0.3333 0.1333
V 0.3333 0.0667 0.4000 0.1333
~ 0.4000 0.0667 0.4667 0.1333
I 0.4667 0.0667 0.5333 0.1333
~ 0.5333 0.0667 0.6000 0.1333
~ 0.6000 0.0667 0.6667 0.1333
~ 0.6667 0.0667 0.7333 0.1333
U 0.7333 0.0667 0.8000 0.1333
~ 0.8000 0.0667 0.8667 0.1333
~ 0.8667 0.0667 0.9333 0.1333
~ 0.9333 0.0667 1.0000 0.1333
O 0.0000 0.1333 0.0667 0.2000
B 0.0667 0.1333 0.1333 0.2000
E 0.1333 0.1333 0.2000 0.2000
~ 0.2000 0.1333 0.2667 0.2000
C 0.2667 0.1333 0.3333 0.2000
O 0.3333 0.1333 0.4000 0.2000
G 0.4000 0.1333 0.4667 0.2000
S 0.4667 0.1333 0.5333 0.2000
~ 0.5333 0.1333 0.6000 0.2000
~ 0.6000 0.1333 0.6667 0.2000
~ 0.6667 0.1333 0.7333 0.2000
L 0.7333 0.1333 0.8000 0.2000
O 0.8000 0.1333 0.8667 0.2000
~ 0.8667 0.1333 0.9333 0.2000
~ 0.9333 0.1333 1.0000 0.2000
~ 0.0000 0.2000 0.0667 0.2667
~ 0.0667 0.2000 0.1333 0.2667
T 0.1333 0.2000 0.2000 0.2667
~ 0.2000 0.2000 0.2667 0.2667
~ 0.2667 0.2000 0.3333 0.2667
G 0.3333 0.2000 0.4000 0.2667
~ 0.4000 0.2000 0.4667 0.2667
~ 0.4667 0.2000 0.5333 0.2667
~ 0.5333 0.2000 0.6000 0.2667
~ 0.6000 0.2000 0.6667 0.2667
F 0.6667 0.2000 0.7333 0.2667
E 0.7333 0.2000 0.8000 0.2667
D 0.8000 0.2000 0.8667 0.2667
~ 0.8667 0.2000 0.9333 0.2667
~ 0.9333 0.2000 1.0000 0.2667
~ 0.0000 0.2667 0.0667 0.3333
E 0.0667 0.2667 0.1333 0.3333
~ 0.1333 0.2667 0.2000 0.3333
~ 0.2000 0.2667 0.2667 0.3333
~ 0.2667 0.2667 0.3333 0.3333
U 0.3333 0.2667 0.4000 0.3333
~ 0.4000 0.2667 0.4667 0.3333
~ 0.4667 0.2667 0.5333 0.3333
~ 0.5333 0.2667 0.6000 0.3333
Z 0.6000 0.2667 0.6667 0.3333
E 0.6667 0.2667 0.7333 0.3333
D 0.7333 0.2667 0.8000 0.3333
~ 0.8000 0.2667 0.8667 0.3333
~ 0.8667 0.2667 0.9333 0.3333
~ 0.9333 0.2667 1.0000 0.3333
~ 0.0000 0.3333 0.0667 0.4000
X 0.0667 0.3333 0.1333 0.4000
I 0.1333 0.3333 0.2000 0.4000
~ 0.2000 0.3333 0.2667 0.4000
H 0.2667 0.3333 0.3333 0.4000
E 0.3333 0.3333 0.4000 0.4000
~ 0.4000 0.3333 0.4667 0.4000
W 0.4667 0.3333 0.5333 0.4000
~ 0.5333 0.3333 0.6000 0.4000
~ 0.6000 0.3333 0.6667 0.4000
T 0.6667 0.3333 0.7333 0.4000
~ 0.7333 0.3333 0.8000 0.4000
~ 0.8000 0.3333 0.8667 0.4000
~ 0.8667 0.3333 0.9333 0.4000
~ 0.9333 0.3333 1.0000 0.4000
~ 0.0000 0.4000 0.0667 0.4667
~ 0.0667 0.4000 0.1333 0.4667
C 0.1333 0.4000 0.2000 0.4667
~ 0.2000 0.4000 0.2667 0.4667
A 0.2667 0.4000 0.3333 0.4667
~ 0.3333 0.4000 0.4000 0.4667
P 0.4000 0.4000 0.4667 0.4667
O 0.4667 0.4000 0.5333 0.4667
H 0.5333 0.4000 0.6000 0.4667
~ 0.6000 0.4000 0.6667 0.4667
A 0.6667 0.4000 0.7333 0.4667
~ 0.7333 0.4000 0.8000 0.4667
~ 0.8000 0.4000 0.8667 0.4667
~ 0.8667 0.4000 0.9333 0.4667
~ 0.9333 0.4000 1.0000 0.4667
~ 0.0000 0.4667 0.0667 0.5333
~ 0.0667 0.4667 0.1333 0.5333
S 0.1333 0.4667 0.2000 0.5333
O 0.2000 0.4667 0.2667 0.5333
N 0.2667 0.4667 0.3333 0.5333
~ 0.3333 0.4667 0.4000 0.5333
~ 0.4000 0.4667 0.4667 0.5333
R 0.4667 0.4667 0.5333 0.5333
U 0.5333 0.4667 0.6000 0.5333
T 0.6000 0.4667 0.6667 0.5333
T 0.6667 0.4667 0.7333 0.5333
Y 0.7333 0.4667 0.8000 0.5333
~ 0.8000 0.4667 0.8667 0.5333
~ 0.8667 0.4667 0.9333 0.5333
~ 0.9333 0.4667 1.0000 0.5333
~ 0.0000 0.5333 0.0667 0.6000
~ 0.0667 0.5333 0.1333 0.6000
~ 0.1333 0.5333 0.2000 0.6000
I 0.2000 0.5333 0.2667 0.6000
D 0.2667 0.5333 0.3333 0.6000
~ 0.3333 0.5333 0.4000 0.6000
V 0.4000 0.5333 0.4667 0.6000
E 0.4667 0.5333 0.5333 0.6000
T 0.5333 0.5333 0.6000 0.6000
~ 0.6000 0.5333 0.6667 0.6000
I 0.6667 0.5333 0.7333 0.6000
~ 0.7333 0.5333 0.8000 0.6000
~ 0.8000 0.5333 0.8667 0.6000
~ 0.8667 0.5333 0.9333 0.6000
~ 0.9333 0.5333 1.0000 0.6000
~ 0.0000 0.6000 0.0667 0.6667
~ 0.0667 0.6000 0.1333 0.6667
~ 0.1333 0.6000 0.2000 0.6667
~ 0.2000 0.6000 0.2667 0.6667
B 0.2667 0.6000 0.3333 0.6667
~ 0.3333 0.6000 0.4000 0.6667
~ 0.4000 0.6000 0.4667 0.6667
~ 0.4667 0.6000 0.5333 0.6667
~ 0.5333 0.6000 0.6000 0.6667
W 0.6000 0.6000 0.6667 0.6667
O 0.6667 0.6000 0.7333 0.6667
R 0.7333 0.6000 0.8000 0.6667
N 0.8000 0.6000 0.8667 0.6667
~ 0.8667 0.6000 0.9333 0.6667
~ 0.9333 0.6000 1.0000 0.6667
~ 0.0000 0.6667 0.0667 0.7333
J 0.0667 0.6667 0.1333 0.7333
~ 0.1333 0.6667 0.2000 0.7333
~ 0.2000 0.6667 0.2667 0.7333
A 0.2667 0.6667 0.3333 0.7333
~ 0.3333 0.6667 0.4000 0.7333
~ 0.4000 0.6667 0.4667 0.7333
~ 0.4667 0.6667 0.5333 0.7333
M 0.5333 0.6667 0.6000 0.7333
A 0.6000 0.6667 0.6667 0.7333
N 0.6667 0.6667 0.7333 0.7333
~ 0.7333 0.6667 0.8000 0.7333
~ 0.8000 0.6667 0.8667 0.7333
~ 0.8667 0.6667 0.9333 0.7333
~ 0.9333 0.6667 1.0000 0.7333
T 0.0000 0.7333 0.0667 0.8000
O 0.0667 0.7333 0.1333 0.8000
~ 0.1333 0.7333 0.2000 0.8000
~ 0.2000 0.7333 0.2667 0.8000
~ 0.2667 0.7333 0.3333 0.8000
~ 0.3333 0.7333 0.4000 0.8000
R 0.4000 0.7333 0.4667 0.8000
L 0.4667 0.7333 0.5333 0.8000
I 0.5333 0.7333 0.6000 0.8000
E 0.6000 0.7333 0.6667 0.8000
S 0.6667 0.7333 0.7333 0.8000
~ 0.7333 0.7333 0.8000 0.8000
~ 0.8000 0.7333 0.8667 0.8000
~ 0.8667 0.7333 0.9333 0.8000
~ 0.9333 0.7333 1.0000 0.8000
A 0.0000 0.8000 0.0667 0.8667
~ 0.0667 0.8000 0.1333 0.8667
K 0.1333 0.8000 0.2000 0.8667
I 0.2000 0.8000 0.2667 0.8667
~ 0.2667 0.8000 0.3333 0.8667
~ 0.3333 0.8000 0.4000 0.8667
~ 0.4000 0.8000 0.4667 0.8667
A 0.4667 0.8000 0.5333 0.8667
G 0.5333 0.8000 0.6000 0.8667
~ 0.6000 0.8000 0.6667 0.8667
~ 0.6667 0.8000 0.7333 0.8667
~ 0.7333 0.8000 0.8000 0.8667
~ 0.8000 0.8000 0.8667 0.8667
~ 0.8667 0.8000 0.9333 0.8667
~ 0.9333 0.8000 1.0000 0.8667
P 0.0000 0.8667 0.0667 0.9333
R 0.0667 0.8667 0.1333 0.9333
I 0.1333 0.8667 0.2000 0.9333
S 0.2000 0.8667 0.2667 0.9333
O 0.2667 0.8667 0.3333 0.9333
N 0.3333 0.8667 0.4000 0.9333
E 0.4000 0.8667 0.4667 0.9333
D 0.4667 0.8667 0.5333 0.9333
~ 0.5333 0.8667 0.6000 0.9333
~ 0.6000 0.8667 0.6667 0.9333
~ 0.6667 0.8667 0.7333 0.9333
~ 0.7333 0.8667 0.8000 0.9333
~ 0.8000 0.8667 0.8667 0.9333
~ 0.8667 0.8667 0.9333 0.9333
~ 0.9333 0.8667 1.0000 0.9333
A 0.0000 0.9333 0.0667 1.0000
~ 0.0667 0.9333 0.1333 1.0000
N 0.1333 0.9333 0.2000 1.0000
~ 0.2000 0.9333 0.2667 1.0000
R 0.2667 0.9333 0.3333 1.0000
E 0.3333 0.9333 0.4000 1.0000
L 0.4000 0.9333 0.4667 1.0000
Y 0.4667 0.9333 0.5333 1.0000
~ 0.5333 0.9333 0.6000 1.0000
~ 0.6000 0.9333 0.6667 1.0000
~ 0.6667 0.9333 0.7333 1.0000
~ 0.7333 0.9333 0.8000 1.0000
~ 0.8000 0.9333 0.8667 1.0000
~ 0.8667 0.9333 0.9333 1.0000
~ 0.9333 0.9333 1.0000 1.0000
