~ 0.0000 0.0000 0.0667 0.0667
~ 0.0667 0.0000 0.1333 0.0667
~ 0.1333 0.0000 0.2000 0.0667
~ 0.2000 0.0000 0.2667 0.0667
~ 0.2667 0.0000 0.3333 0.0667
~ 0.3333 0.0000 0.4000 0.0667
~ 0.4000 0.0000 0.4667 0.0667
T 0.4667 0.0000 0.5333 0.0667
~ 0.5333 0.0000 0.6000 0.0667
~ 0.6000 0.0000 0.6667 0.0667
~ 0.6667 0.0000 0.7333 0.0667
~ 0.7333 0.0000 0.8000 0.0667
C 0.8000 0.0000 0.8667 0.0667
R 0.8667 0.0000 0.9333 0.0667
U 0.9333 0.0000 1.0000 0.0667
~ 0.0000 0.0667 0.0667 0.1333
~ 0.0667 0.0667 0.1333 0.1333
B 0.1333 0.0667 0.2000 0.1333
~ 0.2000 0.0667 0.2667 0.1333
~ 0.2667 0.0667 0.3333 0.1333
~ 0.3333 0.0667 0.4000 0.1333
~ 0.4000 0.0667 0.4667 0.1333
E 0.4667 0.0667 0.5333 0.1333
R 0.5333 0.0667 0.6000 0.1333
~ 0.6000 0.0667 0.6667 0.1333
~ 0.6667 0.0667 0.7333 0.1333
Q 0.7333 0.0667 0.8000 0.1333
I 0.8000 0.0667 0.8667 0.1333
~ 0.8667 0.0667 0.9333 0.1333
~ 0.9333 0.0667 1.0000 0.1333
~ 0.0000 0.1333 0.0667 0.2000
~ 0.0667 0.1333 0.1333 0.2000
I 0.1333 0.1333 0.2000 0.2000
~ 0.2000 0.1333 0.2667 0.2000
~ 0.2667 0.1333 0.3333 0.2000
~ 0.3333 0.1333 0.4000 0.2000
A 0.4000 0.1333 0.4667 0.2000
N 0.4667 0.1333 0.5333 0.2000
O 0.5333 0.1333 0.6000 0.2000
A 0.6000 0.1333 0.6667 0.2000
~ 0.6667 0.1333 0.7333 0.2000
I 0.7333 0.1333 0.8000 0.2000
D 0.8000 0.1333 0.8667 0.2000
~ 0.8667 0.1333 0.9333 0.2000
D 0.9333 0.1333 1.0000 0.2000
~ 0.0000 0.2000 0.0667 0.2667
~ 0.0667 0.2000 0.1333 0.2667
L 0.1333 0.2000 0.2000 0.2667
~ 0.2000 0.2000 0.2667 0.2667
~ 0.2667 0.2000 0.3333 0.2667
~ 0.3333 0.2000 0.4000 0.2667
~ 0.4000 0.2000 0.4667 0.2667
O 0.4667 0.2000 0.5333 0.2667
D 0.5333 0.2000 0.6000 0.2667
~ 0.6000 0.2000 0.6667 0.2667
I 0.6667 0.2000 0.7333 0.2667
N 0.7333 0.2000 0.8000 0.2667
~ 0.8000 0.2000 0.8667 0.2667
~ 0.8667 0.2000 0.9333 0.2667
O 0.9333 0.2000 1.0000 0.2667
~ 0.0000 0.2667 0.0667 0.3333
~ 0.0667 0.2667 0.1333 0.3333
B 0.1333 0.2667 0.2000 0.3333
~ 0.2000 0.2667 0.2667 0.3333
~ 0.2667 0.2667 0.3333 0.3333
~ 0.3333 0.2667 0.4000 0.3333
~ 0.4000 0.2667 0.4667 0.3333
R 0.4667 0.2667 0.5333 0.3333
~ 0.5333 0.2667 0.6000 0.3333
~ 0.6000 0.2667 0.6667 0.3333
N 0.6667 0.2667 0.7333 0.3333
~ 0.7333 0.2667 0.8000 0.3333
~ 0.8000 0.2667 0.8667 0.3333
~ 0.8667 0.2667 0.9333 0.3333
O 0.9333 0.2667 1.0000 0.3333
~ 0.0000 0.3333 0.0667 0.4000
~ 0.0667 0.3333 0.1333 0.4000
O 0.1333 0.3333 0.2000 0.4000
R 0.2000 0.3333 0.2667 0.4000
~ 0.2667 0.3333 0.3333 0.4000
~ 0.3333 0.3333 0.4000 0.4000
~ 0.4000 0.3333 0.4667 0.4000
I 0.4667 0.3333 0.5333 0.4000
~ 0.5333 0.3333 0.6000 0.4000
~ 0.6000 0.3333 0.6667 0.4000
~ 0.6667 0.3333 0.7333 0.4000
~ 0.7333 0.3333 0.8000 0.4000
~ 0.8000 0.3333 0.8667 0.4000
~ 0.8667 0.3333 0.9333 0.4000
L 0.9333 0.3333 1.0000 0.4000
~ 0.0000 0.4000 0.0667 0.4667
~ 0.0667 0.4000 0.1333 0.4667
~ 0.1333 0.4000 0.2000 0.4667
A 0.2000 0.4000 0.2667 0.4667
~ 0.2667 0.4000 0.3333 0.4667
~ 0.3333 0.4000 0.4000 0.4667
~ 0.4000 0.4000 0.4667 0.4667
T 0.4667 0.4000 0.5333 0.4667
~ 0.5333 0.4000 0.6000 0.4667
~ 0.6000 0.4000 0.6667 0.4667
A 0.6667 0.4000 0.7333 0.4667
~ 0.7333 0.4000 0.8000 0.4667
~ 0.8000 0.4000 0.8667 0.4667
~ 0.8667 0.4000 0.9333 0.4667
I 0.9333 0.4000 1.0000 0.4667
~ 0.0000 0.4667 0.0667 0.5333
~ 0.0667 0.4667 0.1333 0.5333
~ 0.1333 0.4667 0.2000 0.5333
X 0.2000 0.4667 0.2667 0.5333
~ 0.2667 0.4667 0.3333 0.5333
T 0.3333 0.4667 0.4000 0.5333
R 0.4000 0.4667 0.4667 0.5333
E 0.4667 0.4667 0.5333 0.5333
Z 0.5333 0.4667 0.6000 0.5333
~ 0.6000 0.4667 0.6667 0.5333
U 0.6667 0.4667 0.7333 0.5333
~ 0.7333 0.4667 0.8000 0.5333
W 0.8000 0.4667 0.8667 0.5333
~ 0.8667 0.4667 0.9333 0.5333
E 0.9333 0.4667 1.0000 0.5333
~ 0.0000 0.5333 0.0667 0.6000
~ 0.0667 0.5333 0.1333 0.6000
~ 0.1333 0.5333 0.2000 0.6000
E 0.2000 0.5333 0.2667 0.6000
~ 0.2667 0.5333 0.3333 0.6000
A 0.3333 0.5333 0.4000 0.6000
~ 0.4000 0.5333 0.4667 0.6000
S 0.4667 0.5333 0.5333 0.6000
O 0.5333 0.5333 0.6000 0.6000
U 0.6000 0.5333 0.6667 0.6000
N 0.6667 0.5333 0.7333 0.6000
~ 0.7333 0.5333 0.8000 0.6000
E 0.8000 0.5333 0.8667 0.6000
R 0.8667 0.5333 0.9333 0.6000
S 0.9333 0.5333 1.0000 0.6000
~ 0.0000 0.6000 0.0667 0.6667
~ 0.0667 0.6000 0.1333 0.6667
~ 0.1333 0.6000 0.2000 0.6667
S 0.2000 0.6000 0.2667 0.6667
N 0.2667 0.6000 0.3333 0.6667
Y 0.3333 0.6000 0.4000 0.6667
~ 0.4000 0.6000 0.4667 0.6667
~ 0.4667 0.6000 0.5333 0.6667
~ 0.5333 0.6000 0.6000 0.6667
H 0.6000 0.6000 0.6667 0.6667
A 0.6667 0.6000 0.7333 0.6667
~ 0.7333 0.6000 0.8000 0.6667
L 0.8000 0.6000 0.8667 0.6667
~ 0.8667 0.6000 0.9333 0.6667
~ 0.9333 0.6000 1.0000 0.6667
~ 0.0000 0.6667 0.0667 0.7333
~ 0.0667 0.6667 0.1333 0.7333
~ 0.1333 0.6667 0.2000 0.7333
~ 0.2000 0.6667 0.2667 0.7333
~ 0.2667 0.6667 0.3333 0.7333
~ 0.3333 0.6667 0.4000 0.7333
~ 0.4000 0.6667 0.4667 0.7333
~ 0.4667 0.6667 0.5333 0.7333
~ 0.5333 0.6667 0.6000 0.7333
~ 0.6000 0.6667 0.6667 0.7333
E 0.6667 0.6667 0.7333 0.7333
~ 0.7333 0.6667 0.8000 0.7333
T 0.8000 0.6667 0.8667 0.7333
~ 0.8667 0.6667 0.9333 0.7333
~ 0.9333 0.6667 1.0000 0.7333
~ 0.0000 0.7333 0.0667 0.8000
~ 0.0667 0.7333 0.1333 0.8000
J 0.1333 0.7333 0.2000 0.8000
E 0.2000 0.7333 0.2667 0.8000
F 0.2667 0.7333 0.3333 0.8000
F 0.3333 0.7333 0.4000 0.8000
~ 0.4000 0.7333 0.4667 0.8000
V 0.4667 0.7333 0.5333 0.8000
~ 0.5333 0.7333 0.6000 0.8000
~ 0.6000 0.7333 0.6667 0.8000
~ 0.6667 0.7333 0.7333 0.8000
M 0.7333 0.7333 0.8000 0.8000
E 0.8000 0.7333 0.8667 0.8000
L 0.8667 0.7333 0.9333 0.8000
S 0.9333 0.7333 1.0000 0.8000
~ 0.0000 0.8000 0.0667 0.8667
~ 0.0667 0.8000 0.1333 0.8667
~ 0.1333 0.8000 0.2000 0.8667
~ 0.2000 0.8000 0.2667 0.8667
~ 0.2667 0.8000 0.3333 0.8667
E 0.3333 0.8000 0.4000 0.8667
M 0.4000 0.8000 0.4667 0.8667
I 0.4667 0.8000 0.5333 0.8667
C 0.5333 0.8000 0.6000 0.8667
A 0.6000 0.8000 0.6667 0.8667
T 0.6667 0.8000 0.7333 0.8667
E 0.7333 0.8000 0.8000 0.8667
D 0.8000 0.8000 0.8667 0.8667
~ 0.8667 0.8000 0.9333 0.8667
P 0.9333 0.8000 1.0000 0.8667
~ 0.0000 0.8667 0.0667 0.9333
G 0.0667 0.8667 0.1333 0.9333
O 0.1333 0.8667 0.2000 0.9333
U 0.2000 0.8667 0.2667 0.9333
K 0.2667 0.8667 0.3333 0.9333
~ 0.3333 0.8667 0.4000 0.9333
~ 0.4000 0.8667 0.4667 0.9333
N 0.4667 0.8667 0.5333 0.9333
~ 0.5333 0.8667 0.6000 0.9333
H 0.6000 0.8667 0.6667 0.9333
O 0.6667 0.8667 0.7333 0.9333
T 0.7333 0.8667 0.8000 0.9333
~ 0.8000 0.8667 0.8667 0.9333
~ 0.8667 0.8667 0.9333 0.9333
I 0.9333 0.8667 1.0000 0.9333
~ 0.0000 0.9333 0.0667 1.0000
~ 0.0667 0.9333 0.1333 1.0000
~ 0.1333 0.9333 0.2000 1.0000
P 0.2000 0.9333 0.2667 1.0000
I 0.2667 0.9333 0.3333 1.0000
G 0.3333 0.9333 0.4000 1.0000
G 0.4000 0.9333 0.4667 1.0000
Y 0.4667 0.9333 0.5333 1.0000
~ 0.5333 0.9333 0.6000 1.0000
A 0.6000 0.9333 0.6667 1.0000
W 0.6667 0.9333 0.7333 1.0000
A 0.7333 0.9333 0.8000 1.0000
~ 0.8000 0.9333 0.8667 1.0000
~ 0.8667 0.9333 0.9333 1.0000
V 0.9333 0.9333 1.0000 1.0000
