~ 0.0000 0.0000 0.0667 0.0667
~ 0.0667 0.0000 0.1333 0.0667
~ 0.1333 0.0000 0.2000 0.0667
~ 0.2000 0.0000 0.2667 0.0667
~ 0.2667 0.0000 0.3333 0.0667
~ 0.3333 0.0000 0.4000 0.0667
~ 0.4000 0.0000 0.4667 0.0667
~ 0.4667 0.0000 0.5333 0.0667
~ 0.5333 0.0000 0.6000 0.0667
~ 0.6000 0.0000 0.6667 0.0667
~ 0.6667 0.0000 0.7333 0.0667
~ 0.7333 0.0000 0.8000 0.0667
~ 0.8000 0.0000 0.8667 0.0667
~ 0.8667 0.0000 0.9333 0.0667
O 0.9333 0.0000 1.0000 0.0667
~ 0.0000 0.0667 0.0667 0.1333
~ 0.0667 0.0667 0.1333 0.1333
~ 0.1333 0.0667 0.2000 0.1333
~ 0.2000 0.0667 0.2667 0.1333
~ 0.2667 0.0667 0.3333 0.1333
~ 0.3333 0.0667 0.4000 0.1333
~ 0.4000 0.0667 0.4667 0.1333
~ 0.4667 0.0667 0.5333 0.1333
~ 0.5333 0.0667 0.6000 0.1333
~ 0.6000 0.0667 0.6667 0.1333
~ 0.6667 0.0667 0.7333 0.1333
~ 0.7333 0.0667 0.8000 0.1333
~ 0.8000 0.0667 0.8667 0.1333
~ 0.8667 0.0667 0.9333 0.1333
R 0.9333 0.0667 1.0000 0.1333
~ 0.0000 0.1333 0.0667 0.2000
~ 0.0667 0.1333 0.1333 0.2000
U 0.1333 0.1333 0.2000 0.2000
~ 0.2000 0.1333 0.2667 0.2000
~ 0.2667 0.1333 0.3333 0.2000
~ 0.3333 0.1333 0.4000 0.2000
~ 0.4000 0.1333 0.4667 0.2000
~ 0.4667 0.1333 0.5333 0.2000
~ 0.5333 0.1333 0.6000 0.2000
~ 0.6000 0.1333 0.6667 0.2000
~ 0.6667 0.1333 0.7333 0.2000
~ 0.7333 0.1333 0.8000 0.2000
V 0.8000 0.1333 0.8667 0.2000
~ 0.8667 0.1333 0.9333 0.2000
E 0.9333 0.1333 1.0000 0.2000
~ 0.0000 0.2000 0.0667 0.2667
~ 0.0667 0.2000 0.1333 0.2667
N 0.1333 0.2000 0.2000 0.2667
O 0.2000 0.2000 0.2667 0.2667
~ 0.2667 0.2000 0.3333 0.2667
~ 0.3333 0.2000 0.4000 0.2667
~ 0.4000 0.2000 0.4667 0.2667
~ 0.4667 0.2000 0.5333 0.2667
~ 0.5333 0.2000 0.6000 0.2667
~ 0.6000 0.2000 0.6667 0.2667
~ 0.6667 0.2000 0.7333 0.2667
N 0.7333 0.2000 0.8000 0.2667
E 0.8000 0.2000 0.8667 0.2667
T 0.8667 0.2000 0.9333 0.2667
S 0.9333 0.2000 1.0000 0.2667
~ 0.0000 0.2667 0.0667 0.3333
~ 0.0667 0.2667 0.1333 0.3333
A 0.1333 0.2667 0.2000 0.3333
I 0.2000 0.2667 0.2667 0.3333
S 0.2667 0.2667 0.3333 0.3333
~ 0.3333 0.2667 0.4000 0.3333
~ 0.4000 0.2667 0.4667 0.3333
~ 0.4667 0.2667 0.5333 0.3333
~ 0.5333 0.2667 0.6000 0.3333
~ 0.6000 0.2667 0.6667 0.3333
M 0.6667 0.2667 0.7333 0.3333
A 0.7333 0.2667 0.8000 0.3333
X 0.8000 0.2667 0.8667 0.3333
I 0.8667 0.2667 0.9333 0.3333
~ 0.9333 0.2667 1.0000 0.3333
~ 0.0000 0.3333 0.0667 0.4000
N 0.0667 0.3333 0.1333 0.4000
U 0.1333 0.3333 0.2000 0.4000
E 0.2000 0.3333 0.2667 0.4000
~ 0.2667 0.3333 0.3333 0.4000
~ 0.3333 0.3333 0.4000 0.4000
~ 0.4000 0.3333 0.4667 0.4000
~ 0.4667 0.3333 0.5333 0.4000
~ 0.5333 0.3333 0.6000 0.4000
V 0.6000 0.3333 0.6667 0.4000
E 0.6667 0.3333 0.7333 0.4000
T 0.7333 0.3333 0.8000 0.4000
~ 0.8000 0.3333 0.8667 0.4000
~ 0.8667 0.3333 0.9333 0.4000
~ 0.9333 0.3333 1.0000 0.4000
J 0.0000 0.4000 0.0667 0.4667
O 0.0667 0.4000 0.1333 0.4667
~ 0.1333 0.4000 0.2000 0.4667
E 0.2000 0.4000 0.2667 0.4667
~ 0.2667 0.4000 0.3333 0.4667
~ 0.3333 0.4000 0.4000 0.4667
~ 0.4000 0.4000 0.4667 0.4667
B 0.4667 0.4000 0.5333 0.4667
R 0.5333 0.4000 0.6000 0.4667
A 0.6000 0.4000 0.6667 0.4667
N 0.6667 0.4000 0.7333 0.4667
T 0.7333 0.4000 0.8000 0.4667
~ 0.8000 0.4000 0.8667 0.4667
C 0.8667 0.4000 0.9333 0.4667
~ 0.9333 0.4000 1.0000 0.4667
A 0.0000 0.4667 0.0667 0.5333
~ 0.0667 0.4667 0.1333 0.5333
L 0.1333 0.4667 0.2000 0.5333
~ 0.2000 0.4667 0.2667 0.5333
~ 0.2667 0.4667 0.3333 0.5333
~ 0.3333 0.4667 0.4000 0.5333
Q 0.4000 0.4667 0.4667 0.5333
I 0.4667 0.4667 0.5333 0.5333
~ 0.5333 0.4667 0.6000 0.5333
W 0.6000 0.4667 0.6667 0.5333
~ 0.6667 0.4667 0.7333 0.5333
Y 0.7333 0.4667 0.8000 0.5333
I 0.8000 0.4667 0.8667 0.5333
R 0.8667 0.4667 0.9333 0.5333
D 0.9333 0.4667 1.0000 0.5333
~ 0.0000 0.5333 0.0667 0.6000
R 0.0667 0.5333 0.1333 0.6000
E 0.1333 0.5333 0.2000 0.6000
P 0.2000 0.5333 0.2667 0.6000
~ 0.2667 0.5333 0.3333 0.6000
F 0.3333 0.5333 0.4000 0.6000
I 0.4000 0.5333 0.4667 0.6000
G 0.4667 0.5333 0.5333 0.6000
~ 0.5333 0.5333 0.6000 0.6000
~ 0.6000 0.5333 0.6667 0.6000
~ 0.6667 0.5333 0.7333 0.6000
~ 0.7333 0.5333 0.8000 0.6000
~ 0.8000 0.5333 0.8667 0.6000
E 0.8667 0.5333 0.9333 0.6000
~ 0.9333 0.5333 1.0000 0.6000
A 0.0000 0.6000 0.0667 0.6667
~ 0.0667 0.6000 0.1333 0.6667
F 0.1333 0.6000 0.2000 0.6667
I 0.2000 0.6000 0.2667 0.6667
L 0.2667 0.6000 0.3333 0.6667
L 0.3333 0.6000 0.4000 0.6667
~ 0.4000 0.6000 0.4667 0.6667
~ 0.4667 0.6000 0.5333 0.6667
~ 0.5333 0.6000 0.6000 0.6667
~ 0.6000 0.6000 0.6667 0.6667
~ 0.6667 0.6000 0.7333 0.6667
~ 0.7333 0.6000 0.8000 0.6667
~ 0.8000 0.6000 0.8667 0.6667
W 0.8667 0.6000 0.9333 0.6667
O 0.9333 0.6000 1.0000 0.6667
N 0.0000 0.6667 0.0667 0.7333
~ 0.0667 0.6667 0.1333 0.7333
T 0.1333 0.6667 0.2000 0.7333
~ 0.2000 0.6667 0.2667 0.7333
O 0.2667 0.6667 0.3333 0.7333
U 0.3333 0.6667 0.4000 0.7333
~ 0.4000 0.6667 0.4667 0.7333
R 0.4667 0.6667 0.5333 0.7333
A 0.5333 0.6667 0.6000 0.7333
N 0.6000 0.6667 0.6667 0.7333
G 0.6667 0.6667 0.7333 0.7333
E 0.7333 0.6667 0.8000 0.7333
~ 0.8000 0.6667 0.8667 0.7333
~ 0.8667 0.6667 0.9333 0.7333
R 0.9333 0.6667 1.0000 0.7333
~ 0.0000 0.7333 0.0667 0.8000
~ 0.0667 0.7333 0.1333 0.8000
~ 0.1333 0.7333 0.2000 0.8000
Y 0.2000 0.7333 0.2667 0.8000
~ 0.2667 0.7333 0.3333 0.8000
T 0.3333 0.7333 0.4000 0.8000
~ 0.4000 0.7333 0.4667 0.8000
~ 0.4667 0.7333 0.5333 0.8000
~ 0.5333 0.7333 0.6000 0.8000
~ 0.6000 0.7333 0.6667 0.8000
~ 0.6667 0.7333 0.7333 0.8000
~ 0.7333 0.7333 0.8000 0.8000
~ 0.8000 0.7333 0.8667 0.8000
~ 0.8667 0.7333 0.9333 0.8000
C 0.9333 0.7333 1.0000 0.8000
~ 0.0000 0.8000 0.0667 0.8667
~ 0.0667 0.8000 0.1333 0.8667
B 0.1333 0.8000 0.2000 0.8667
A 0.2000 0.8000 0.2667 0.8667
K 0.2667 0.8000 0.3333 0.8667
E 0.3333 0.8000 0.4000 0.8667
D 0.4000 0.8000 0.4667 0.8667
~ 0.4667 0.8000 0.5333 0.8667
~ 0.5333 0.8000 0.6000 0.8667
~ 0.6000 0.8000 0.6667 0.8667
~ 0.6667 0.8000 0.7333 0.8667
O 0.7333 0.8000 0.8000 0.8667
H 0.8000 0.8000 0.8667 0.8667
I 0.8667 0.8000 0.9333 0.8667
A 0.9333 0.8000 1.0000 0.8667
~ 0.0000 0.8667 0.0667 0.9333
M 0.0667 0.8667 0.1333 0.9333
I 0.1333 0.8667 0.2000 0.9333
G 0.2000 0.8667 0.2667 0.9333
~ 0.2667 0.8667 0.3333 0.9333
D 0.3333 0.8667 0.4000 0.9333
~ 0.4000 0.8667 0.4667 0.9333
~ 0.4667 0.8667 0.5333 0.9333
~ 0.5333 0.8667 0.6000 0.9333
Z 0.6000 0.8667 0.6667 0.9333
E 0.6667 0.8667 0.7333 0.9333
P 0.7333 0.8667 0.8000 0.9333
~ 0.8000 0.8667 0.8667 0.9333
~ 0.8667 0.8667 0.9333 0.9333
~ 0.9333 0.8667 1.0000 0.9333
T 0.0000 0.9333 0.0667 1.0000
O 0.0667 0.9333 0.1333 1.0000
D 0.1333 0.9333 0.2000 1.0000
~ 0.2000 0.9333 0.2667 1.0000
~ 0.2667 0.9333 0.3333 1.0000
~ 0.3333 0.9333 0.4000 1.0000
~ 0.4000 0.9333 0.4667 1.0000
S 0.4667 0.9333 0.5333 1.0000
H 0.5333 0.9333 0.6000 1.0000
A 0.6000 0.9333 0.6667 1.0000
~ 0.6667 0.9333 0.7333 1.0000
S 0.7333 0.9333 0.8000 1.0000
O 0.8000 0.9333 0.8667 1.0000
U 0.8667 0.9333 0.9333 1.0000
L 0.9333 0.9333 1.0000 1.0000
