~ 0.0000 0.0000 0.0667 0.0667
~ 0.0667 0.0000 0.1333 0.0667
~ 0.1333 0.0000 0.2000 0.0667
~ 0.2000 0.0000 0.2667 0.0667
~ 0.2667 0.0000 0.3333 0.0667
~ 0.3333 0.0000 0.4000 0.0667
~ 0.4000 0.0000 0.4667 0.0667
~ 0.4667 0.0000 0.5333 0.0667
~ 0.5333 0.0000 0.6000 0.0667
~ 0.6000 0.0000 0.6667 0.0667
~ 0.6667 0.0000 0.7333 0.0667
~ 0.7333 0.0000 0.8000 0.0667
~ 0.8000 0.0000 0.8667 0.0667
V 0.8667 0.0000 0.9333 0.0667
~ 0.9333 0.0000 1.0000 0.0667
~ 0.0000 0.0667 0.0667 0.1333
~ 0.0667 0.0667 0.1333 0.1333
~ 0.1333 0.0667 0.2000 0.1333
~ 0.2000 0.0667 0.2667 0.1333
~ 0.2667 0.0667 0.3333 0.1333
~ 0.3333 0.0667 0.4000 0.1333
~ 0.4000 0.0667 0.4667 0.1333
~ 0.4667 0.0667 0.5333 0.1333
~ 0.5333 0.0667 0.6000 0.1333
~ 0.6000 0.0667 0.6667 0.1333
~ 0.6667 0.0667 0.7333 0.1333
~ 0.7333 0.0667 0.8000 0.1333
D 0.8000 0.0667 0.8667 0.1333
E 0.8667 0.0667 0.9333 0.1333
V 0.9333 0.0667 1.0000 0.1333
K 0.0000 0.1333 0.0667 0.2000
I 0.0667 0.1333 0.1333 0.2000
L 0.1333 0.1333 0.2000 0.2000
T 0.2000 0.1333 0.2667 0.2000
E 0.2667 0.1333 0.3333 0.2000
R 0.3333 0.1333 0.4000 0.2000
S 0.4000 0.1333 0.4667 0.2000
~ 0.4667 0.1333 0.5333 0.2000
~ 0.5333 0.1333 0.6000 0.2000
~ 0.6000 0.1333 0.6667 0.2000
~ 0.6667 0.1333 0.7333 0.2000
F 0.7333 0.1333 0.8000 0.2000
A 0.8000 0.1333 0.8667 0.2000
X 0.8667 0.1333 0.9333 0.2000
~ 0.9333 0.1333 1.0000 0.2000
~ 0.0000 0.2000 0.0667 0.2667
~ 0.0667 0.2000 0.1333 0.2667
~ 0.1333 0.2000 0.2000 0.2667
~ 0.2000 0.2000 0.2667 0.2667
~ 0.2667 0.2000 0.3333 0.2667
~ 0.3333 0.2000 0.4000 0.2667
I 0.4000 0.2000 0.4667 0.2667
~ 0.4667 0.2000 0.5333 0.2667
~ 0.5333 0.2000 0.6000 0.2667
~ 0.6000 0.2000 0.6667 0.2667
~ 0.6667 0.2000 0.7333 0.2667
A 0.7333 0.2000 0.8000 0.2667
T 0.8000 0.2000 0.8667 0.2667
~ 0.8667 0.2000 0.9333 0.2667
~ 0.9333 0.2000 1.0000 0.2667
~ 0.0000 0.2667 0.0667 0.3333
~ 0.0667 0.2667 0.1333 0.3333
~ 0.1333 0.2667 0.2000 0.3333
~ 0.2000 0.2667 0.2667 0.3333
G 0.2667 0.2667 0.3333 0.3333
A 0.3333 0.2667 0.4000 0.3333
P 0.4000 0.2667 0.4667 0.3333
~ 0.4667 0.2667 0.5333 0.3333
~ 0.5333 0.2667 0.6000 0.3333
J 0.6000 0.2667 0.6667 0.3333
U 0.6667 0.2667 0.7333 0.3333
B 0.7333 0.2667 0.8000 0.3333
E 0.8000 0.2667 0.8667 0.3333
~ 0.8667 0.2667 0.9333 0.3333
~ 0.9333 0.2667 1.0000 0.3333
E 0.0000 0.3333 0.0667 0.4000
~ 0.0667 0.3333 0.1333 0.4000
~ 0.1333 0.3333 0.2000 0.4000
~ 0.2000 0.3333 0.2667 0.4000
~ 0.2667 0.3333 0.3333 0.4000
~ 0.3333 0.3333 0.4000 0.4000
~ 0.4000 0.3333 0.4667 0.4000
~ 0.4667 0.3333 0.5333 0.4000
~ 0.5333 0.3333 0.6000 0.4000
~ 0.6000 0.3333 0.6667 0.4000
~ 0.6667 0.3333 0.7333 0.4000
L 0.7333 0.3333 0.8000 0.4000
~ 0.8000 0.3333 0.8667 0.4000
~ 0.8667 0.3333 0.9333 0.4000
~ 0.9333 0.3333 1.0000 0.4000
A 0.0000 0.4000 0.0667 0.4667
~ 0.0667 0.4000 0.1333 0.4667
~ 0.1333 0.4000 0.2000 0.4667
~ 0.2000 0.4000 0.2667 0.4667
~ 0.2667 0.4000 0.3333 0.4667
Q 0.3333 0.4000 0.4000 0.4667
~ 0.4000 0.4000 0.4667 0.4667
R 0.4667 0.4000 0.5333 0.4667
~ 0.5333 0.4000 0.6000 0.4667
T 0.6000 0.4000 0.6667 0.4667
H 0.6667 0.4000 0.7333 0.4667
E 0.7333 0.4000 0.8000 0.4667
E 0.8000 0.4000 0.8667 0.4667
~ 0.8667 0.4000 0.9333 0.4667
~ 0.9333 0.4000 1.0000 0.4667
G 0.0000 0.4667 0.0667 0.5333
R 0.0667 0.4667 0.1333 0.5333
O 0.1333 0.4667 0.2000 0.5333
W 0.2000 0.4667 0.2667 0.5333
~ 0.2667 0.4667 0.3333 0.5333
U 0.3333 0.4667 0.4000 0.5333
N 0.4000 0.4667 0.4667 0.5333
I 0.4667 0.4667 0.5333 0.5333
F 0.5333 0.4667 0.6000 0.5333
I 0.6000 0.4667 0.6667 0.5333
E 0.6667 0.4667 0.7333 0.5333
D 0.7333 0.4667 0.8000 0.5333
~ 0.8000 0.4667 0.8667 0.5333
~ 0.8667 0.4667 0.9333 0.5333
~ 0.9333 0.4667 1.0000 0.5333
E 0.0000 0.5333 0.0667 0.6000
~ 0.0667 0.5333 0.1333 0.6000
N 0.1333 0.5333 0.2000 0.6000
O 0.2000 0.5333 0.2667 0.6000
M 0.2667 0.5333 0.3333 0.6000
A 0.3333 0.5333 0.4000 0.6000
~ 0.4000 0.5333 0.4667 0.6000
D 0.4667 0.5333 0.5333 0.6000
~ 0.5333 0.5333 0.6000 0.6000
T 0.6000 0.5333 0.6667 0.6000
~ 0.6667 0.5333 0.7333 0.6000
~ 0.7333 0.5333 0.8000 0.6000
~ 0.8000 0.5333 0.8667 0.6000
~ 0.8667 0.5333 0.9333 0.6000
~ 0.9333 0.5333 1.0000 0.6000
S 0.0000 0.6000 0.0667 0.6667
~ 0.0667 0.6000 0.1333 0.6667
~ 0.1333 0.6000 0.2000 0.6667
~ 0.2000 0.6000 0.2667 0.6667
O 0.2667 0.6000 0.3333 0.6667
N 0.3333 0.6000 0.4000 0.6667
~ 0.4000 0.6000 0.4667 0.6667
~ 0.4667 0.6000 0.5333 0.6667
~ 0.5333 0.6000 0.6000 0.6667
I 0.6000 0.6000 0.6667 0.6667
~ 0.6667 0.6000 0.7333 0.6667
~ 0.7333 0.6000 0.8000 0.6667
~ 0.8000 0.6000 0.8667 0.6667
~ 0.8667 0.6000 0.9333 0.6667
~ 0.9333 0.6000 1.0000 0.6667
~ 0.0000 0.6667 0.0667 0.7333
~ 0.0667 0.6667 0.1333 0.7333
~ 0.1333 0.6667 0.2000 0.7333
P 0.2000 0.6667 0.2667 0.7333
U 0.2667 0.6667 0.3333 0.7333
T 0.3333 0.6667 0.4000 0.7333
~ 0.4000 0.6667 0.4667 0.7333
C 0.4667 0.6667 0.5333 0.7333
O 0.5333 0.6667 0.6000 0.7333
S 0.6000 0.6667 0.6667 0.7333
T 0.6667 0.6667 0.7333 0.7333
~ 0.7333 0.6667 0.8000 0.7333
~ 0.8000 0.6667 0.8667 0.7333
~ 0.8667 0.6667 0.9333 0.7333
~ 0.9333 0.6667 1.0000 0.7333
~ 0.0000 0.7333 0.0667 0.8000
~ 0.0667 0.7333 0.1333 0.8000
~ 0.1333 0.7333 0.2000 0.8000
A 0.2000 0.7333 0.2667 0.8000
E 0.2667 0.7333 0.3333 0.8000
~ 0.3333 0.7333 0.4000 0.8000
W 0.4000 0.7333 0.4667 0.8000
O 0.4667 0.7333 0.5333 0.8000
~ 0.5333 0.7333 0.6000 0.8000
~ 0.6000 0.7333 0.6667 0.8000
A 0.6667 0.7333 0.7333 0.8000
B 0.7333 0.7333 0.8000 0.8000
O 0.8000 0.7333 0.8667 0.8000
~ 0.8667 0.7333 0.9333 0.8000
~ 0.9333 0.7333 1.0000 0.8000
~ 0.0000 0.8000 0.0667 0.8667
~ 0.0667 0.8000 0.1333 0.8667
H 0.1333 0.8000 0.2000 0.8667
I 0.2000 0.8000 0.2667 0.8667
~ 0.2667 0.8000 0.3333 0.8667
~ 0.3333 0.8000 0.4000 0.8667
~ 0.4000 0.8000 0.4667 0.8667
Z 0.4667 0.8000 0.5333 0.8667
I 0.5333 0.8000 0.6000 0.8667
N 0.6000 0.8000 0.6667 0.8667
G 0.6667 0.8000 0.7333 0.8667
E 0.7333 0.8000 0.8000 0.8667
R 0.8000 0.8000 0.8667 0.8667
~ 0.8667 0.8000 0.9333 0.8667
~ 0.9333 0.8000 1.0000 0.8667
~ 0.0000 0.8667 0.0667 0.9333
M 0.0667 0.8667 0.1333 0.9333
U 0.1333 0.8667 0.2000 0.9333
D 0.2000 0.8667 0.2667 0.9333
~ 0.2667 0.8667 0.3333 0.9333
~ 0.3333 0.8667 0.4000 0.9333
Y 0.4000 0.8667 0.4667 0.9333
I 0.4667 0.8667 0.5333 0.9333
N 0.5333 0.8667 0.6000 0.9333
~ 0.6000 0.8667 0.6667 0.9333
~ 0.6667 0.8667 0.7333 0.9333
L 0.7333 0.8667 0.8000 0.9333
E 0.8000 0.8667 0.8667 0.9333
Y 0.8667 0.8667 0.9333 0.9333
~ 0.9333 0.8667 1.0000 0.9333
C 0.0000 0.9333 0.0667 1.0000
A 0.0667 0.9333 0.1333 1.0000
N 0.1333 0.9333 0.2000 1.0000
~ 0.2000 0.9333 0.2667 1.0000
A 0.2667 0.9333 0.3333 1.0000
L 0.3333 0.9333 0.4000 1.0000
O 0.4000 0.9333 0.4667 1.0000
E 0.4667 0.9333 0.5333 1.0000
~ 0.5333 0.9333 0.6000 1.0000
~ 0.6000 0.9333 0.6667 1.0000
~ 0.6667 0.9333 0.7333 1.0000
~ 0.7333 0.9333 0.8000 1.0000
~ 0.8000 0.9333 0.8667 1.0000
O 0.8667 0.9333 0.9333 1.0000
S 0.9333 0.9333 1.0000 1.0000
