~ 0.0000 0.0000 0.0667 0.0667
~ 0.0667 0.0000 0.1333 0.0667
~ 0.1333 0.0000 0.2000 0.0667
~ 0.2000 0.0000 0.2667 0.0667
~ 0.2667 0.0000 0.3333 0.0667
~ 0.3333 0.0000 0.4000 0.0667
~ 0.4000 0.0000 0.4667 0.0667
~ 0.4667 0.0000 0.5333 0.0667
~ 0.5333 0.0000 0.6000 0.0667
~ 0.6000 0.0000 0.6667 0.0667
~ 0.6667 0.0000 0.7333 0.0667
~ 0.7333 0.0000 0.8000 0.0667
~ 0.8000 0.0000 0.8667 0.0667
~ 0.8667 0.0000 0.9333 0.0667
N 0.9333 0.0000 1.0000 0.0667
~ 0.0000 0.0667 0.0667 0.1333
~ 0.0667 0.0667 0.1333 0.1333
~ 0.1333 0.0667 0.2000 0.1333
~ 0.2000 0.0667 0.2667 0.1333
~ 0.2667 0.0667 0.3333 0.1333
~ 0.3333 0.0667 0.4000 0.1333
~ 0.4000 0.0667 0.4667 0.1333
~ 0.4667 0.0667 0.5333 0.1333
~ 0.5333 0.0667 0.6000 0.1333
Z 0.6000 0.0667 0.6667 0.1333
~ 0.6667 0.0667 0.7333 0.1333
~ 0.7333 0.0667 0.8000 0.1333
~ 0.8000 0.0667 0.8667 0.1333
~ 0.8667 0.0667 0.9333 0.1333
I 0.9333 0.0667 1.0000 0.1333
~ 0.0000 0.1333 0.0667 0.2000
~ 0.0667 0.1333 0.1333 0.2000
~ 0.1333 0.1333 0.2000 0.2000
~ 0.2000 0.1333 0.2667 0.2000
~ 0.2667 0.1333 0.3333 0.2000
~ 0.3333 0.1333 0.4000 0.2000
~ 0.4000 0.1333 0.4667 0.2000
~ 0.4667 0.1333 0.5333 0.2000
R 0.5333 0.1333 0.6000 0.2000
A 0.6000 0.1333 0.6667 0.2000
M 0.6667 0.1333 0.7333 0.2000
~ 0.7333 0.1333 0.8000 0.2000
B 0.8000 0.1333 0.8667 0.2000
O 0.8667 0.1333 0.9333 0.2000
P 0.9333 0.1333 1.0000 0.2000
~ 0.0000 0.2000 0.0667 0.2667
~ 0.0667 0.2000 0.1333 0.2667
~ 0.1333 0.2000 0.2000 0.2667
~ 0.2000 0.2000 0.2667 0.2667
~ 0.2667 0.2000 0.3333 0.2667
~ 0.3333 0.2000 0.4000 0.2667
~ 0.4000 0.2000 0.4667 0.2667
~ 0.4667 0.2000 0.5333 0.2667
~ 0.5333 0.2000 0.6000 0.2667
G 0.6000 0.2000 0.6667 0.2667
A 0.6667 0.2000 0.7333 0.2667
N 0.7333 0.2000 0.8000 0.2667
O 0.8000 0.2000 0.8667 0.2667
F 0.8667 0.2000 0.9333 0.2667
~ 0.9333 0.2000 1.0000 0.2667
~ 0.0000 0.2667 0.0667 0.3333
~ 0.0667 0.2667 0.1333 0.3333
~ 0.1333 0.2667 0.2000 0.3333
~ 0.2000 0.2667 0.2667 0.3333
~ 0.2667 0.2667 0.3333 0.3333
~ 0.3333 0.2667 0.4000 0.3333
L 0.4000 0.2667 0.4667 0.3333
I 0.4667 0.2667 0.5333 0.3333
P 0.5333 0.2667 0.6000 0.3333
~ 0.6000 0.2667 0.6667 0.3333
K 0.6667 0.2667 0.7333 0.3333
A 0.7333 0.2667 0.8000 0.3333
Y 0.8000 0.2667 0.8667 0.3333
~ 0.8667 0.2667 0.9333 0.3333
G 0.9333 0.2667 1.0000 0.3333
~ 0.0000 0.3333 0.0667 0.4000
~ 0.0667 0.3333 0.1333 0.4000
~ 0.1333 0.3333 0.2000 0.4000
~ 0.2000 0.3333 0.2667 0.4000
~ 0.2667 0.3333 0.3333 0.4000
T 0.3333 0.3333 0.4000 0.4000
O 0.4000 0.3333 0.4667 0.4000
~ 0.4667 0.3333 0.5333 0.4000
E 0.5333 0.3333 0.6000 0.4000
W 0.6000 0.3333 0.6667 0.4000
E 0.6667 0.3333 0.7333 0.4000
~ 0.7333 0.3333 0.8000 0.4000
~ 0.8000 0.3333 0.8667 0.4000
~ 0.8667 0.3333 0.9333 0.4000
R 0.9333 0.3333 1.0000 0.4000
~ 0.0000 0.4000 0.0667 0.4667
~ 0.0667 0.4000 0.1333 0.4667
~ 0.1333 0.4000 0.2000 0.4667
~ 0.2000 0.4000 0.2667 0.4667
J 0.2667 0.4000 0.3333 0.4667
O 0.3333 0.4000 0.4000 0.4667
~ 0.4000 0.4000 0.4667 0.4667
B 0.4667 0.4000 0.5333 0.4667
A 0.5333 0.4000 0.6000 0.4667
H 0.6000 0.4000 0.6667 0.4667
~ 0.6667 0.4000 0.7333 0.4667
~ 0.7333 0.4000 0.8000 0.4667
D 0.8000 0.4000 0.8667 0.4667
~ 0.8667 0.4000 0.9333 0.4667
U 0.9333 0.4000 1.0000 0.4667
~ 0.0000 0.4667 0.0667 0.5333
~ 0.0667 0.4667 0.1333 0.5333
~ 0.1333 0.4667 0.2000 0.5333
R 0.2000 0.4667 0.2667 0.5333
O 0.2667 0.4667 0.3333 0.5333
E 0.3333 0.4667 0.4000 0.5333
~ 0.4000 0.4667 0.4667 0.5333
A 0.4667 0.4667 0.5333 0.5333
G 0.5333 0.4667 0.6000 0.5333
E 0.6000 0.4667 0.6667 0.5333
E 0.6667 0.4667 0.7333 0.5333
~ 0.7333 0.4667 0.8000 0.5333
I 0.8000 0.4667 0.8667 0.5333
C 0.8667 0.4667 0.9333 0.5333
E 0.9333 0.4667 1.0000 0.5333
~ 0.0000 0.5333 0.0667 0.6000
~ 0.0667 0.5333 0.1333 0.6000
~ 0.1333 0.5333 0.2000 0.6000
~ 0.2000 0.5333 0.2667 0.6000
~ 0.2667 0.5333 0.3333 0.6000
~ 0.3333 0.5333 0.4000 0.6000
~ 0.4000 0.5333 0.4667 0.6000
T 0.4667 0.5333 0.5333 0.6000
~ 0.5333 0.5333 0.6000 0.6000
A 0.6000 0.5333 0.6667 0.6000
H 0.6667 0.5333 0.7333 0.6000
I 0.7333 0.5333 0.8000 0.6000
S 0.8000 0.5333 0.8667 0.6000
~ 0.8667 0.5333 0.9333 0.6000
L 0.9333 0.5333 1.0000 0.6000
~ 0.0000 0.6000 0.0667 0.6667
~ 0.0667 0.6000 0.1333 0.6667
~ 0.1333 0.6000 0.2000 0.6667
~ 0.2000 0.6000 0.2667 0.6667
~ 0.2667 0.6000 0.3333 0.6667
V 0.3333 0.6000 0.4000 0.6667
~ 0.4000 0.6000 0.4667 0.6667
T 0.4667 0.6000 0.5333 0.6667
O 0.5333 0.6000 0.6000 0.6667
T 0.6000 0.6000 0.6667 0.6667
~ 0.6667 0.6000 0.7333 0.6667
~ 0.7333 0.6000 0.8000 0.6667
~ 0.8000 0.6000 0.8667 0.6667
F 0.8667 0.6000 0.9333 0.6667
~ 0.9333 0.6000 1.0000 0.6667
~ 0.0000 0.6667 0.0667 0.7333
~ 0.0667 0.6667 0.1333 0.7333
~ 0.1333 0.6667 0.2000 0.7333
~ 0.2000 0.6667 0.2667 0.7333
C 0.2667 0.6667 0.3333 0.7333
A 0.3333 0.6667 0.4000 0.7333
T 0.4000 0.6667 0.4667 0.7333
~ 0.4667 0.6667 0.5333 0.7333
I 0.5333 0.6667 0.6000 0.7333
S 0.6000 0.6667 0.6667 0.7333
M 0.6667 0.6667 0.7333 0.7333
~ 0.7333 0.6667 0.8000 0.7333
~ 0.8000 0.6667 0.8667 0.7333
A 0.8667 0.6667 0.9333 0.7333
L 0.9333 0.6667 1.0000 0.7333
~ 0.0000 0.7333 0.0667 0.8000
~ 0.0667 0.7333 0.1333 0.8000
Q 0.1333 0.7333 0.2000 0.8000
I 0.2000 0.7333 0.2667 0.8000
~ 0.2667 0.7333 0.3333 0.8000
N 0.3333 0.7333 0.4000 0.8000
U 0.4000 0.7333 0.4667 0.8000
R 0.4667 0.7333 0.5333 0.8000
L 0.5333 0.7333 0.6000 0.8000
~ 0.6000 0.7333 0.6667 0.8000
E 0.6667 0.7333 0.7333 0.8000
D 0.7333 0.7333 0.8000 0.8000
S 0.8000 0.7333 0.8667 0.8000
~ 0.8667 0.7333 0.9333 0.8000
E 0.9333 0.7333 1.0000 0.8000
~ 0.0000 0.8000 0.0667 0.8667
~ 0.0667 0.8000 0.1333 0.8667
I 0.1333 0.8000 0.2000 0.8667
N 0.2000 0.8000 0.2667 0.8667
D 0.2667 0.8000 0.3333 0.8667
E 0.3333 0.8000 0.4000 0.8667
X 0.4000 0.8000 0.4667 0.8667
~ 0.4667 0.8000 0.5333 0.8667
Y 0.5333 0.8000 0.6000 0.8667
O 0.6000 0.8000 0.6667 0.8667
D 0.6667 0.8000 0.7333 0.8667
~ 0.7333 0.8000 0.8000 0.8667
E 0.8000 0.8000 0.8667 0.8667
~ 0.8667 0.8000 0.9333 0.8667
I 0.9333 0.8000 1.0000 0.8667
~ 0.0000 0.8667 0.0667 0.9333
~ 0.0667 0.8667 0.1333 0.9333
~ 0.1333 0.8667 0.2000 0.9333
N 0.2000 0.8667 0.2667 0.9333
E 0.2667 0.8667 0.3333 0.9333
~ 0.3333 0.8667 0.4000 0.9333
~ 0.4000 0.8667 0.4667 0.9333
~ 0.4667 0.8667 0.5333 0.9333
~ 0.5333 0.8667 0.6000 0.9333
W 0.6000 0.8667 0.6667 0.9333
~ 0.6667 0.8667 0.7333 0.9333
~ 0.7333 0.8667 0.8000 0.9333
S 0.8000 0.8667 0.8667 0.9333
O 0.8667 0.8667 0.9333 0.9333
~ 0.9333 0.8667 1.0000 0.9333
~ 0.0000 0.9333 0.0667 1.0000
~ 0.0667 0.9333 0.1333 1.0000
~ 0.1333 0.9333 0.2000 1.0000
~ 0.2000 0.9333 0.2667 1.0000
V 0.2667 0.9333 0.3333 1.0000
I 0.3333 0.9333 0.4000 1.0000
R 0.4000 0.9333 0.4667 1.0000
T 0.4667 0.9333 0.5333 1.0000
U 0.5333 0.9333 0.6000 1.0000
E 0.6000 0.9333 0.6667 1.0000
~ 0.6667 0.9333 0.7333 1.0000
~ 0.7333 0.9333 0.8000 1.0000
~ 0.8000 0.9333 0.8667 1.0000
~ 0.8667 0.9333 0.9333 1.0000
~ 0.9333 0.9333 1.0000 1.0000
