V 0.0000 0.0000 0.0667 0.0667
E 0.0667 0.0000 0.1333 0.0667
R 0.1333 0.0000 0.2000 0.0667
T 0.2000 0.0000 0.2667 0.0667
~ 0.2667 0.0000 0.3333 0.0667
~ 0.3333 0.0000 0.4000 0.0667
~ 0.4000 0.0000 0.4667 0.0667
~ 0.4667 0.0000 0.5333 0.0667
~ 0.5333 0.0000 0.6000 0.0667
~ 0.6000 0.0000 0.6667 0.0667
~ 0.6667 0.0000 0.7333 0.0667
~ 0.7333 0.0000 0.8000 0.0667
~ 0.8000 0.0000 0.8667 0.0667
~ 0.8667 0.0000 0.9333 0.0667
~ 0.9333 0.0000 1.0000 0.0667
~ 0.0000 0.0667 0.0667 0.1333
~ 0.0667 0.0667 0.1333 0.1333
O 0.1333 0.0667 0.2000 0.1333
~ 0.2000 0.0667 0.2667 0.1333
~ 0.2667 0.0667 0.3333 0.1333
~ 0.3333 0.0667 0.4000 0.1333
~ 0.4000 0.0667 0.4667 0.1333
~ 0.4667 0.0667 0.5333 0.1333
~ 0.5333 0.0667 0.6000 0.1333
~ 0.6000 0.0667 0.6667 0.1333
~ 0.6667 0.0667 0.7333 0.1333
~ 0.7333 0.0667 0.8000 0.1333
~ 0.8000 0.0667 0.8667 0.1333
~ 0.8667 0.0667 0.9333 0.1333
~ 0.9333 0.0667 1.0000 0.1333
~ 0.0000 0.1333 0.0667 0.2000
~ 0.0667 0.1333 0.1333 0.2000
P 0.1333 0.1333 0.2000 0.2000
~ 0.2000 0.1333 0.2667 0.2000
~ 0.2667 0.1333 0.3333 0.2000
~ 0.3333 0.1333 0.4000 0.2000
~ 0.4000 0.1333 0.4667 0.2000
~ 0.4667 0.1333 0.5333 0.2000
~ 0.5333 0.1333 0.6000 0.2000
~ 0.6000 0.1333 0.6667 0.2000
~ 0.6667 0.1333 0.7333 0.2000
~ 0.7333 0.1333 0.8000 0.2000
D 0.8000 0.1333 0.8667 0.2000
~ 0.8667 0.1333 0.9333 0.2000
~ 0.9333 0.1333 1.0000 0.2000
~ 0.0000 0.2000 0.0667 0.2667
~ 0.0667 0.2000 0.1333 0.2667
E 0.1333 0.2000 0.2000 0.2667
T 0.2000 0.2000 0.2667 0.2667
A 0.2667 0.2000 0.3333 0.2667
~ 0.3333 0.2000 0.4000 0.2667
~ 0.4000 0.2000 0.4667 0.2667
~ 0.4667 0.2000 0.5333 0.2667
~ 0.5333 0.2000 0.6000 0.2667
~ 0.6000 0.2000 0.6667 0.2667
~ 0.6667 0.2000 0.7333 0.2667
G 0.7333 0.2000 0.8000 0.2667
I 0.8000 0.2000 0.8667 0.2667
R 0.8667 0.2000 0.9333 0.2667
N 0.9333 0.2000 1.0000 0.2667
~ 0.0000 0.2667 0.0667 0.3333
~ 0.0667 0.2667 0.1333 0.3333
D 0.1333 0.2667 0.2000 0.3333
A 0.2000 0.2667 0.2667 0.3333
M 0.2667 0.2667 0.3333 0.3333
E 0.3333 0.2667 0.4000 0.3333
~ 0.4000 0.2667 0.4667 0.3333
~ 0.4667 0.2667 0.5333 0.3333
~ 0.5333 0.2667 0.6000 0.3333
~ 0.6000 0.2667 0.6667 0.3333
~ 0.6667 0.2667 0.7333 0.3333
L 0.7333 0.2667 0.8000 0.3333
A 0.8000 0.2667 0.8667 0.3333
~ 0.8667 0.2667 0.9333 0.3333
~ 0.9333 0.2667 1.0000 0.3333
~ 0.0000 0.3333 0.0667 0.4000
~ 0.0667 0.3333 0.1333 0.4000
~ 0.1333 0.3333 0.2000 0.4000
D 0.2000 0.3333 0.2667 0.4000
I 0.2667 0.3333 0.3333 0.4000
S 0.3333 0.3333 0.4000 0.4000
~ 0.4000 0.3333 0.4667 0.4000
~ 0.4667 0.3333 0.5333 0.4000
T 0.5333 0.3333 0.6000 0.4000
I 0.6000 0.3333 0.6667 0.4000
~ 0.6667 0.3333 0.7333 0.4000
E 0.7333 0.3333 0.8000 0.4000
N 0.8000 0.3333 0.8667 0.4000
~ 0.8667 0.3333 0.9333 0.4000
~ 0.9333 0.3333 1.0000 0.4000
~ 0.0000 0.4000 0.0667 0.4667
~ 0.0667 0.4000 0.1333 0.4667
~ 0.1333 0.4000 0.2000 0.4667
~ 0.2000 0.4000 0.2667 0.4667
~ 0.2667 0.4000 0.3333 0.4667
T 0.3333 0.4000 0.4000 0.4667
~ 0.4000 0.4000 0.4667 0.4667
J 0.4667 0.4000 0.5333 0.4667
A 0.5333 0.4000 0.6000 0.4667
~ 0.6000 0.4000 0.6667 0.4667
B 0.6667 0.4000 0.7333 0.4667
E 0.7333 0.4000 0.8000 0.4667
E 0.8000 0.4000 0.8667 0.4667
F 0.8667 0.4000 0.9333 0.4667
~ 0.9333 0.4000 1.0000 0.4667
~ 0.0000 0.4667 0.0667 0.5333
~ 0.0667 0.4667 0.1333 0.5333
~ 0.1333 0.4667 0.2000 0.5333
F 0.2000 0.4667 0.2667 0.5333
E 0.2667 0.4667 0.3333 0.5333
R 0.3333 0.4667 0.4000 0.5333
R 0.4000 0.4667 0.4667 0.5333
I 0.4667 0.4667 0.5333 0.5333
C 0.5333 0.4667 0.6000 0.5333
~ 0.6000 0.4667 0.6667 0.5333
A 0.6667 0.4667 0.7333 0.5333
T 0.7333 0.4667 0.8000 0.5333
~ 0.8000 0.4667 0.8667 0.5333
~ 0.8667 0.4667 0.9333 0.5333
~ 0.9333 0.4667 1.0000 0.5333
~ 0.0000 0.5333 0.0667 0.6000
W 0.0667 0.5333 0.1333 0.6000
A 0.1333 0.5333 0.2000 0.6000
I 0.2000 0.5333 0.2667 0.6000
~ 0.2667 0.5333 0.3333 0.6000
O 0.3333 0.5333 0.4000 0.6000
~ 0.4000 0.5333 0.4667 0.6000
Z 0.4667 0.5333 0.5333 0.6000
O 0.5333 0.5333 0.6000 0.6000
O 0.6000 0.5333 0.6667 0.6000
T 0.6667 0.5333 0.7333 0.6000
~ 0.7333 0.5333 0.8000 0.6000
~ 0.8000 0.5333 0.8667 0.6000
~ 0.8667 0.5333 0.9333 0.6000
~ 0.9333 0.5333 1.0000 0.6000
G 0.0000 0.6000 0.0667 0.6667
O 0.0667 0.6000 0.1333 0.6667
~ 0.1333 0.6000 0.2000 0.6667
N 0.2000 0.6000 0.2667 0.6667
U 0.2667 0.6000 0.3333 0.6667
G 0.3333 0.6000 0.4000 0.6667
~ 0.4000 0.6000 0.4667 0.6667
~ 0.4667 0.6000 0.5333 0.6667
~ 0.5333 0.6000 0.6000 0.6667
H 0.6000 0.6000 0.6667 0.6667
A 0.6667 0.6000 0.7333 0.6667
N 0.7333 0.6000 0.8000 0.6667
K 0.8000 0.6000 0.8667 0.6667
Y 0.8667 0.6000 0.9333 0.6667
~ 0.9333 0.6000 1.0000 0.6667
~ 0.0000 0.6667 0.0667 0.7333
~ 0.0667 0.6667 0.1333 0.7333
O 0.1333 0.6667 0.2000 0.7333
C 0.2000 0.6667 0.2667 0.7333
H 0.2667 0.6667 0.3333 0.7333
E 0.3333 0.6667 0.4000 0.7333
~ 0.4000 0.6667 0.4667 0.7333
~ 0.4667 0.6667 0.5333 0.7333
~ 0.5333 0.6667 0.6000 0.7333
~ 0.6000 0.6667 0.6667 0.7333
V 0.6667 0.6667 0.7333 0.7333
~ 0.7333 0.6667 0.8000 0.7333
Y 0.8000 0.6667 0.8667 0.7333
U 0.8667 0.6667 0.9333 0.7333
P 0.9333 0.6667 1.0000 0.7333
~ 0.0000 0.7333 0.0667 0.8000
~ 0.0667 0.7333 0.1333 0.8000
M 0.1333 0.7333 0.2000 0.8000
A 0.2000 0.7333 0.2667 0.8000
~ 0.2667 0.7333 0.3333 0.8000
N 0.3333 0.7333 0.4000 0.8000
~ 0.4000 0.7333 0.4667 0.8000
~ 0.4667 0.7333 0.5333 0.8000
~ 0.5333 0.7333 0.6000 0.8000
Q 0.6000 0.7333 0.6667 0.8000
I 0.6667 0.7333 0.7333 0.8000
S 0.7333 0.7333 0.8000 0.8000
~ 0.8000 0.7333 0.8667 0.8000
~ 0.8667 0.7333 0.9333 0.8000
U 0.9333 0.7333 1.0000 0.8000
~ 0.0000 0.8000 0.0667 0.8667
~ 0.0667 0.8000 0.1333 0.8667
~ 0.1333 0.8000 0.2000 0.8667
~ 0.2000 0.8000 0.2667 0.8667
~ 0.2667 0.8000 0.3333 0.8667
~ 0.3333 0.8000 0.4000 0.8667
O 0.4000 0.8000 0.4667 0.8667
R 0.4667 0.8000 0.5333 0.8667
E 0.5333 0.8000 0.6000 0.8667
~ 0.6000 0.8000 0.6667 0.8667
~ 0.6667 0.8000 0.7333 0.8667
~ 0.7333 0.8000 0.8000 0.8667
~ 0.8000 0.8000 0.8667 0.8667
~ 0.8667 0.8000 0.9333 0.8667
D 0.9333 0.8000 1.0000 0.8667
~ 0.0000 0.8667 0.0667 0.9333
~ 0.0667 0.8667 0.1333 0.9333
~ 0.1333 0.8667 0.2000 0.9333
~ 0.2000 0.8667 0.2667 0.9333
B 0.2667 0.8667 0.3333 0.9333
E 0.3333 0.8667 0.4000 0.9333
W 0.4000 0.8667 0.4667 0.9333
A 0.4667 0.8667 0.5333 0.9333
R 0.5333 0.8667 0.6000 0.9333
E 0.6000 0.8667 0.6667 0.9333
~ 0.6667 0.8667 0.7333 0.9333
~ 0.7333 0.8667 0.8000 0.9333
~ 0.8000 0.8667 0.8667 0.9333
~ 0.8667 0.8667 0.9333 0.9333
U 0.9333 0.8667 1.0000 0.9333
~ 0.0000 0.9333 0.0667 1.0000
~ 0.0667 0.9333 0.1333 1.0000
I 0.1333 0.9333 0.2000 1.0000
S 0.2000 0.9333 0.2667 1.0000
O 0.2667 0.9333 0.3333 1.0000
L 0.3333 0.9333 0.4000 1.0000
E 0.4000 0.9333 0.4667 1.0000
X 0.4667 0.9333 0.5333 1.0000
~ 0.5333 0.9333 0.6000 1.0000
~ 0.6000 0.9333 0.6667 1.0000
~ 0.6667 0.9333 0.7333 1.0000
I 0.7333 0.9333 0.8000 1.0000
L 0.8000 0.9333 0.8667 1.0000
L 0.8667 0.9333 0.9333 1.0000
S 0.9333 0.9333 1.0000 1.0000
