~ 0.0000 0.0000 0.0667 0.0667
~ 0.0667 0.0000 0.1333 0.0667
~ 0.1333 0.0000 0.2000 0.0667
~ 0.2000 0.0000 0.2667 0.0667
~ 0.2667 0.0000 0.3333 0.0667
~ 0.3333 0.0000 0.4000 0.0667
~ 0.4000 0.0000 0.4667 0.0667
~ 0.4667 0.0000 0.5333 0.0667
~ 0.5333 0.0000 0.6000 0.0667
~ 0.6000 0.0000 0.6667 0.0667
B 0.6667 0.0000 0.7333 0.0667
~ 0.7333 0.0000 0.8000 0.0667
~ 0.8000 0.0000 0.8667 0.0667
~ 0.8667 0.0000 0.9333 0.0667
C 0.9333 0.0000 1.0000 0.0667
~ 0.0000 0.0667 0.0667 0.1333
~ 0.0667 0.0667 0.1333 0.1333
~ 0.1333 0.0667 0.2000 0.1333
~ 0.2000 0.0667 0.2667 0.1333
~ 0.2667 0.0667 0.3333 0.1333
~ 0.3333 0.0667 0.4000 0.1333
~ 0.4000 0.0667 0.4667 0.1333
~ 0.4667 0.0667 0.5333 0.1333
~ 0.5333 0.0667 0.6000 0.1333
Y 0.6000 0.0667 0.6667 0.1333
O 0.6667 0.0667 0.7333 0.1333
M 0.7333 0.0667 0.8000 0.1333
~ 0.8000 0.0667 0.8667 0.1333
W 0.8667 0.0667 0.9333 0.1333
O 0.9333 0.0667 1.0000 0.1333
~ 0.0000 0.1333 0.0667 0.2000
~ 0.0667 0.1333 0.1333 0.2000
~ 0.1333 0.1333 0.2000 0.2000
~ 0.2000 0.1333 0.2667 0.2000
~ 0.2667 0.1333 0.3333 0.2000
~ 0.3333 0.1333 0.4000 0.2000
~ 0.4000 0.1333 0.4667 0.2000
~ 0.4667 0.1333 0.5333 0.2000
~ 0.5333 0.1333 0.6000 0.2000
E 0.6000 0.1333 0.6667 0.2000
~ 0.6667 0.1333 0.7333 0.2000
O 0.7333 0.1333 0.8000 0.2000
~ 0.8000 0.1333 0.8667 0.2000
I 0.8667 0.1333 0.9333 0.2000
N 0.9333 0.1333 1.0000 0.2000
~ 0.0000 0.2000 0.0667 0.2667
~ 0.0667 0.2000 0.1333 0.2667
~ 0.1333 0.2000 0.2000 0.2667
~ 0.2000 0.2000 0.2667 0.2667
~ 0.2667 0.2000 0.3333 0.2667
~ 0.3333 0.2000 0.4000 0.2667
~ 0.4000 0.2000 0.4667 0.2667
~ 0.4667 0.2000 0.5333 0.2667
~ 0.5333 0.2000 0.6000 0.2667
A 0.6000 0.2000 0.6667 0.2667
M 0.6667 0.2000 0.7333 0.2667
A 0.7333 0.2000 0.8000 0.2667
~ 0.8000 0.2000 0.8667 0.2667
R 0.8667 0.2000 0.9333 0.2667
E 0.9333 0.2000 1.0000 0.2667
~ 0.0000 0.2667 0.0667 0.3333
~ 0.0667 0.2667 0.1333 0.3333
~ 0.1333 0.2667 0.2000 0.3333
~ 0.2000 0.2667 0.2667 0.3333
~ 0.2667 0.2667 0.3333 0.3333
~ 0.3333 0.2667 0.4000 0.3333
~ 0.4000 0.2667 0.4667 0.3333
~ 0.4667 0.2667 0.5333 0.3333
~ 0.5333 0.2667 0.6000 0.3333
~ 0.6000 0.2667 0.6667 0.3333
O 0.6667 0.2667 0.7333 0.3333
~ 0.7333 0.2667 0.8000 0.3333
~ 0.8000 0.2667 0.8667 0.3333
E 0.8667 0.2667 0.9333 0.3333
~ 0.9333 0.2667 1.0000 0.3333
~ 0.0000 0.3333 0.0667 0.4000
~ 0.0667 0.3333 0.1333 0.4000
~ 0.1333 0.3333 0.2000 0.4000
~ 0.2000 0.3333 0.2667 0.4000
~ 0.2667 0.3333 0.3333 0.4000
~ 0.3333 0.3333 0.4000 0.4000
~ 0.4000 0.3333 0.4667 0.4000
~ 0.4667 0.3333 0.5333 0.4000
P 0.5333 0.3333 0.6000 0.4000
I 0.6000 0.3333 0.6667 0.4000
V 0.6667 0.3333 0.7333 0.4000
O 0.7333 0.3333 0.8000 0.4000
T 0.8000 0.3333 0.8667 0.4000
S 0.8667 0.3333 0.9333 0.4000
~ 0.9333 0.3333 1.0000 0.4000
~ 0.0000 0.4000 0.0667 0.4667
~ 0.0667 0.4000 0.1333 0.4667
~ 0.1333 0.4000 0.2000 0.4667
~ 0.2000 0.4000 0.2667 0.4667
~ 0.2667 0.4000 0.3333 0.4667
~ 0.3333 0.4000 0.4000 0.4667
~ 0.4000 0.4000 0.4667 0.4667
~ 0.4667 0.4000 0.5333 0.4667
O 0.5333 0.4000 0.6000 0.4667
~ 0.6000 0.4000 0.6667 0.4667
I 0.6667 0.4000 0.7333 0.4667
~ 0.7333 0.4000 0.8000 0.4667
~ 0.8000 0.4000 0.8667 0.4667
~ 0.8667 0.4000 0.9333 0.4667
~ 0.9333 0.4000 1.0000 0.4667
~ 0.0000 0.4667 0.0667 0.5333
~ 0.0667 0.4667 0.1333 0.5333
~ 0.1333 0.4667 0.2000 0.5333
~ 0.2000 0.4667 0.2667 0.5333
~ 0.2667 0.4667 0.3333 0.5333
~ 0.3333 0.4667 0.4000 0.5333
~ 0.4000 0.4667 0.4667 0.5333
Q 0.4667 0.4667 0.5333 0.5333
I 0.5333 0.4667 0.6000 0.5333
~ 0.6000 0.4667 0.6667 0.5333
E 0.6667 0.4667 0.7333 0.5333
X 0.7333 0.4667 0.8000 0.5333
U 0.8000 0.4667 0.8667 0.5333
R 0.8667 0.4667 0.9333 0.5333
B 0.9333 0.4667 1.0000 0.5333
~ 0.0000 0.5333 0.0667 0.6000
~ 0.0667 0.5333 0.1333 0.6000
~ 0.1333 0.5333 0.2000 0.6000
C 0.2000 0.5333 0.2667 0.6000
~ 0.2667 0.5333 0.3333 0.6000
~ 0.3333 0.5333 0.4000 0.6000
K 0.4000 0.5333 0.4667 0.6000
A 0.4667 0.5333 0.5333 0.6000
S 0.5333 0.5333 0.6000 0.6000
~ 0.6000 0.5333 0.6667 0.6000
~ 0.6667 0.5333 0.7333 0.6000
I 0.7333 0.5333 0.8000 0.6000
N 0.8000 0.5333 0.8667 0.6000
~ 0.8667 0.5333 0.9333 0.6000
U 0.9333 0.5333 1.0000 0.6000
~ 0.0000 0.6000 0.0667 0.6667
~ 0.0667 0.6000 0.1333 0.6667
N 0.1333 0.6000 0.2000 0.6667
O 0.2000 0.6000 0.2667 0.6667
~ 0.2667 0.6000 0.3333 0.6667
H 0.3333 0.6000 0.4000 0.6667
A 0.4000 0.6000 0.4667 0.6667
T 0.4667 0.6000 0.5333 0.6667
E 0.5333 0.6000 0.6000 0.6667
D 0.6000 0.6000 0.6667 0.6667
~ 0.6667 0.6000 0.7333 0.6667
S 0.7333 0.6000 0.8000 0.6667
~ 0.8000 0.6000 0.8667 0.6667
~ 0.8667 0.6000 0.9333 0.6667
D 0.9333 0.6000 1.0000 0.6667
~ 0.0000 0.6667 0.0667 0.7333
T 0.0667 0.6667 0.1333 0.7333
A 0.1333 0.6667 0.2000 0.7333
L 0.2000 0.6667 0.2667 0.7333
L 0.2667 0.6667 0.3333 0.7333
~ 0.3333 0.6667 0.4000 0.7333
E 0.4000 0.6667 0.4667 0.7333
S 0.4667 0.6667 0.5333 0.7333
~ 0.5333 0.6667 0.6000 0.7333
~ 0.6000 0.6667 0.6667 0.7333
~ 0.6667 0.6667 0.7333 0.7333
~ 0.7333 0.6667 0.8000 0.7333
J 0.8000 0.6667 0.8667 0.7333
I 0.8667 0.6667 0.9333 0.7333
G 0.9333 0.6667 1.0000 0.7333
T 0.0000 0.7333 0.0667 0.8000
~ 0.0667 0.7333 0.1333 0.8000
Z 0.1333 0.7333 0.2000 0.8000
A 0.2000 0.7333 0.2667 0.8000
~ 0.2667 0.7333 0.3333 0.8000
E 0.3333 0.7333 0.4000 0.8000
~ 0.4000 0.7333 0.4667 0.8000
~ 0.4667 0.7333 0.5333 0.8000
A 0.5333 0.7333 0.6000 0.8000
V 0.6000 0.7333 0.6667 0.8000
I 0.6667 0.7333 0.7333 0.8000
D 0.7333 0.7333 0.8000 0.8000
~ 0.8000 0.7333 0.8667 0.8000
~ 0.8667 0.7333 0.9333 0.8000
E 0.9333 0.7333 1.0000 0.8000
E 0.0000 0.8000 0.0667 0.8667
~ 0.0667 0.8000 0.1333 0.8667
I 0.1333 0.8000 0.2000 0.8667
~ 0.2000 0.8000 0.2667 0.8667
~ 0.2667 0.8000 0.3333 0.8667
D 0.3333 0.8000 0.4000 0.8667
U 0.4000 0.8000 0.4667 0.8667
A 0.4667 0.8000 0.5333 0.8667
L 0.5333 0.8000 0.6000 0.8667
~ 0.6000 0.8000 0.6667 0.8667
F 0.6667 0.8000 0.7333 0.8667
E 0.7333 0.8000 0.8000 0.8667
N 0.8000 0.8000 0.8667 0.8667
~ 0.8667 0.8000 0.9333 0.8667
R 0.9333 0.8000 1.0000 0.8667
R 0.0000 0.8667 0.0667 0.9333
I 0.0667 0.8667 0.1333 0.9333
~ 0.1333 0.8667 0.2000 0.9333
E 0.2000 0.8667 0.2667 0.9333
R 0.2667 0.8667 0.3333 0.9333
~ 0.3333 0.8667 0.4000 0.9333
~ 0.4000 0.8667 0.4667 0.9333
W 0.4667 0.8667 0.5333 0.9333
~ 0.5333 0.8667 0.6000 0.9333
H 0.6000 0.8667 0.6667 0.9333
~ 0.6667 0.8667 0.7333 0.9333
F 0.7333 0.8667 0.8000 0.9333
U 0.8000 0.8667 0.8667 0.9333
G 0.8667 0.8667 0.9333 0.9333
~ 0.9333 0.8667 1.0000 0.9333
N 0.0000 0.9333 0.0667 1.0000
~ 0.0667 0.9333 0.1333 1.0000
~ 0.1333 0.9333 0.2000 1.0000
R 0.2000 0.9333 0.2667 1.0000
~ 0.2667 0.9333 0.3333 1.0000
~ 0.3333 0.9333 0.4000 1.0000
~ 0.4000 0.9333 0.4667 1.0000
L 0.4667 0.9333 0.5333 1.0000
E 0.5333 0.9333 0.6000 1.0000
A 0.6000 0.9333 0.6667 1.0000
P 0.6667 0.9333 0.7333 1.0000
T 0.7333 0.9333 0.8000 1.0000
~ 0.8000 0.9333 0.8667 1.0000
O 0.8667 0.9333 0.9333 1.0000
Y 0.9333 0.9333 1.0000 1.0000
