H 0.0000 0.0000 0.0667 0.0667
E 0.0667 0.0000 0.1333 0.0667
R 0.1333 0.0000 0.2000 0.0667
~ 0.2000 0.0000 0.2667 0.0667
~ 0.2667 0.0000 0.3333 0.0667
~ 0.3333 0.0000 0.4000 0.0667
~ 0.4000 0.0000 0.4667 0.0667
L 0.4667 0.0000 0.5333 0.0667
A 0.5333 0.0000 0.6000 0.0667
V 0.6000 0.0000 0.6667 0.0667
~ 0.6667 0.0000 0.7333 0.0667
~ 0.7333 0.0000 0.8000 0.0667
~ 0.8000 0.0000 0.8667 0.0667
~ 0.8667 0.0000 0.9333 0.0667
~ 0.9333 0.0000 1.0000 0.0667
~ 0.0000 0.0667 0.0667 0.1333
Q 0.0667 0.0667 0.1333 0.1333
~ 0.1333 0.0667 0.2000 0.1333
~ 0.2000 0.0667 0.2667 0.1333
~ 0.2667 0.0667 0.3333 0.1333
W 0.3333 0.0667 0.4000 0.1333
~ 0.4000 0.0667 0.4667 0.1333
~ 0.4667 0.0667 0.5333 0.1333
~ 0.5333 0.0667 0.6000 0.1333
I 0.6000 0.0667 0.6667 0.1333
D 0.6667 0.0667 0.7333 0.1333
~ 0.7333 0.0667 0.8000 0.1333
~ 0.8000 0.0667 0.8667 0.1333
~ 0.8667 0.0667 0.9333 0.1333
~ 0.9333 0.0667 1.0000 0.1333
~ 0.0000 0.1333 0.0667 0.2000
U 0.0667 0.1333 0.1333 0.2000
~ 0.1333 0.1333 0.2000 0.2000
~ 0.2000 0.1333 0.2667 0.2000
~ 0.2667 0.1333 0.3333 0.2000
E 0.3333 0.1333 0.4000 0.2000
~ 0.4000 0.1333 0.4667 0.2000
~ 0.4667 0.1333 0.5333 0.2000
~ 0.5333 0.1333 0.6000 0.2000
G 0.6000 0.1333 0.6667 0.2000
O 0.6667 0.1333 0.7333 0.2000
~ 0.7333 0.1333 0.8000 0.2000
~ 0.8000 0.1333 0.8667 0.2000
~ 0.8667 0.1333 0.9333 0.2000
~ 0.9333 0.1333 1.0000 0.2000
~ 0.0000 0.2000 0.0667 0.2667
~ 0.0667 0.2000 0.1333 0.2667
B 0.1333 0.2000 0.2000 0.2667
A 0.2000 0.2000 0.2667 0.2667
T 0.2667 0.2000 0.3333 0.2667
E 0.3333 0.2000 0.4000 0.2667
~ 0.4000 0.2000 0.4667 0.2667
~ 0.4667 0.2000 0.5333 0.2667
~ 0.5333 0.2000 0.6000 0.2667
~ 0.6000 0.2000 0.6667 0.2667
N 0.6667 0.2000 0.7333 0.2667
~ 0.7333 0.2000 0.8000 0.2667
~ 0.8000 0.2000 0.8667 0.2667
C 0.8667 0.2000 0.9333 0.2667
~ 0.9333 0.2000 1.0000 0.2667
~ 0.0000 0.2667 0.0667 0.3333
L 0.0667 0.2667 0.1333 0.3333
~ 0.1333 0.2667 0.2000 0.3333
G 0.2000 0.2667 0.2667 0.3333
O 0.2667 0.2667 0.3333 0.3333
~ 0.3333 0.2667 0.4000 0.3333
~ 0.4000 0.2667 0.4667 0.3333
~ 0.4667 0.2667 0.5333 0.3333
~ 0.5333 0.2667 0.6000 0.3333
~ 0.6000 0.2667 0.6667 0.3333
U 0.6667 0.2667 0.7333 0.3333
P 0.7333 0.2667 0.8000 0.3333
~ 0.8000 0.2667 0.8667 0.3333
L 0.8667 0.2667 0.9333 0.3333
~ 0.9333 0.2667 1.0000 0.3333
~ 0.0000 0.3333 0.0667 0.4000
~ 0.0667 0.3333 0.1333 0.4000
N 0.1333 0.3333 0.2000 0.4000
A 0.2000 0.3333 0.2667 0.4000
~ 0.2667 0.3333 0.3333 0.4000
J 0.3333 0.3333 0.4000 0.4000
~ 0.4000 0.3333 0.4667 0.4000
~ 0.4667 0.3333 0.5333 0.4000
~ 0.5333 0.3333 0.6000 0.4000
~ 0.6000 0.3333 0.6667 0.4000
T 0.6667 0.3333 0.7333 0.4000
A 0.7333 0.3333 0.8000 0.4000
~ 0.8000 0.3333 0.8667 0.4000
A 0.8667 0.3333 0.9333 0.4000
~ 0.9333 0.3333 1.0000 0.4000
~ 0.0000 0.4000 0.0667 0.4667
~ 0.0667 0.4000 0.1333 0.4667
A 0.1333 0.4000 0.2000 0.4667
I 0.2000 0.4000 0.2667 0.4667
~ 0.2667 0.4000 0.3333 0.4667
O 0.3333 0.4000 0.4000 0.4667
F 0.4000 0.4000 0.4667 0.4667
~ 0.4667 0.4000 0.5333 0.4667
~ 0.5333 0.4000 0.6000 0.4667
~ 0.6000 0.4000 0.6667 0.4667
~ 0.6667 0.4000 0.7333 0.4667
N 0.7333 0.4000 0.8000 0.4667
~ 0.8000 0.4000 0.8667 0.4667
M 0.8667 0.4000 0.9333 0.4667
~ 0.9333 0.4000 1.0000 0.4667
~ 0.0000 0.4667 0.0667 0.5333
R 0.0667 0.4667 0.1333 0.5333
I 0.1333 0.4667 0.2000 0.5333
N 0.2000 0.4667 0.2667 0.5333
S 0.2667 0.4667 0.3333 0.5333
E 0.3333 0.4667 0.4000 0.5333
R 0.4000 0.4667 0.4667 0.5333
S 0.4667 0.4667 0.5333 0.5333
~ 0.5333 0.4667 0.6000 0.5333
~ 0.6000 0.4667 0.6667 0.5333
~ 0.6667 0.4667 0.7333 0.5333
D 0.7333 0.4667 0.8000 0.5333
O 0.8000 0.4667 0.8667 0.5333
P 0.8667 0.4667 0.9333 0.5333
Y 0.9333 0.4667 1.0000 0.5333
D 0.0000 0.5333 0.0667 0.6000
I 0.0667 0.5333 0.1333 0.6000
F 0.1333 0.5333 0.2000 0.6000
~ 0.2000 0.5333 0.2667 0.6000
I 0.2667 0.5333 0.3333 0.6000
~ 0.3333 0.5333 0.4000 0.6000
O 0.4000 0.5333 0.4667 0.6000
Y 0.4667 0.5333 0.5333 0.6000
Y 0.5333 0.5333 0.6000 0.6000
Y 0.6000 0.5333 0.6667 0.6000
~ 0.6667 0.5333 0.7333 0.6000
E 0.7333 0.5333 0.8000 0.6000
~ 0.8000 0.5333 0.8667 0.6000
E 0.8667 0.5333 0.9333 0.6000
~ 0.9333 0.5333 1.0000 0.6000
A 0.0000 0.6000 0.0667 0.6667
B 0.0667 0.6000 0.1333 0.6667
~ 0.1333 0.6000 0.2000 0.6667
~ 0.2000 0.6000 0.2667 0.6667
R 0.2667 0.6000 0.3333 0.6667
E 0.3333 0.6000 0.4000 0.6667
T 0.4000 0.6000 0.4667 0.6667
O 0.4667 0.6000 0.5333 0.6667
O 0.5333 0.6000 0.6000 0.6667
K 0.6000 0.6000 0.6667 0.6667
S 0.6667 0.6000 0.7333 0.6667
R 0.7333 0.6000 0.8000 0.6667
~ 0.8000 0.6000 0.8667 0.6667
D 0.8667 0.6000 0.9333 0.6667
~ 0.9333 0.6000 1.0000 0.6667
I 0.0000 0.6667 0.0667 0.7333
~ 0.0667 0.6667 0.1333 0.7333
E 0.1333 0.6667 0.2000 0.7333
M 0.2000 0.6667 0.2667 0.7333
E 0.2667 0.6667 0.3333 0.7333
~ 0.3333 0.6667 0.4000 0.7333
H 0.4000 0.6667 0.4667 0.7333
~ 0.4667 0.6667 0.5333 0.7333
N 0.5333 0.6667 0.6000 0.7333
A 0.6000 0.6667 0.6667 0.7333
G 0.6667 0.6667 0.7333 0.7333
~ 0.7333 0.6667 0.8000 0.7333
~ 0.8000 0.6667 0.8667 0.7333
~ 0.8667 0.6667 0.9333 0.7333
~ 0.9333 0.6667 1.0000 0.7333
R 0.0000 0.7333 0.0667 0.8000
~ 0.0667 0.7333 0.1333 0.8000
X 0.1333 0.7333 0.2000 0.8000
U 0.2000 0.7333 0.2667 0.8000
~ 0.2667 0.7333 0.3333 0.8000
~ 0.3333 0.7333 0.4000 0.8000
~ 0.4000 0.7333 0.4667 0.8000
L 0.4667 0.7333 0.5333 0.8000
I 0.5333 0.7333 0.6000 0.8000
E 0.6000 0.7333 0.6667 0.8000
~ 0.6667 0.7333 0.7333 0.8000
~ 0.7333 0.7333 0.8000 0.8000
~ 0.8000 0.7333 0.8667 0.8000
~ 0.8667 0.7333 0.9333 0.8000
~ 0.9333 0.7333 1.0000 0.8000
I 0.0000 0.8000 0.0667 0.8667
~ 0.0667 0.8000 0.1333 0.8667
I 0.1333 0.8000 0.2000 0.8667
~ 0.2000 0.8000 0.2667 0.8667
~ 0.2667 0.8000 0.3333 0.8667
T 0.3333 0.8000 0.4000 0.8667
W 0.4000 0.8000 0.4667 0.8667
O 0.4667 0.8000 0.5333 0.8667
~ 0.5333 0.8000 0.6000 0.8667
~ 0.6000 0.8000 0.6667 0.8667
~ 0.6667 0.8000 0.7333 0.8667
~ 0.7333 0.8000 0.8000 0.8667
~ 0.8000 0.8000 0.8667 0.8667
~ 0.8667 0.8000 0.9333 0.8667
~ 0.9333 0.8000 1.0000 0.8667
E 0.0000 0.8667 0.0667 0.9333
~ 0.0667 0.8667 0.1333 0.9333
T 0.1333 0.8667 0.2000 0.9333
~ 0.2000 0.8667 0.2667 0.9333
~ 0.2667 0.8667 0.3333 0.9333
~ 0.3333 0.8667 0.4000 0.9333
~ 0.4000 0.8667 0.4667 0.9333
V 0.4667 0.8667 0.5333 0.9333
A 0.5333 0.8667 0.6000 0.9333
U 0.6000 0.8667 0.6667 0.9333
N 0.6667 0.8667 0.7333 0.9333
T 0.7333 0.8667 0.8000 0.9333
~ 0.8000 0.8667 0.8667 0.9333
~ 0.8667 0.8667 0.9333 0.9333
~ 0.9333 0.8667 1.0000 0.9333
S 0.0000 0.9333 0.0667 1.0000
~ 0.0667 0.9333 0.1333 1.0000
S 0.1333 0.9333 0.2000 1.0000
~ 0.2000 0.9333 0.2667 1.0000
~ 0.2667 0.9333 0.3333 1.0000
~ 0.3333 0.9333 0.4000 1.0000
~ 0.4000 0.9333 0.4667 1.0000
E 0.4667 0.9333 0.5333 1.0000
~ 0.5333 0.9333 0.6000 1.0000
~ 0.6000 0.9333 0.6667 1.0000
~ 0.6667 0.9333 0.7333 1.0000
~ 0.7333 0.9333 0.8000 1.0000
~ 0.8000 0.9333 0.8667 1.0000
~ 0.8667 0.9333 0.9333 1.0000
~ 0.9333 0.9333 1.0000 1.0000
