~ 0.0000 0.0000 0.0667 0.0667
~ 0.0667 0.0000 0.1333 0.0667
~ 0.1333 0.0000 0.2000 0.0667
~ 0.2000 0.0000 0.2667 0.0667
~ 0.2667 0.0000 0.3333 0.0667
~ 0.3333 0.0000 0.4000 0.0667
~ 0.4000 0.0000 0.4667 0.0667
G 0.4667 0.0000 0.5333 0.0667
R 0.5333 0.0000 0.6000 0.0667
A 0.6000 0.0000 0.6667 0.0667
T 0.6667 0.0000 0.7333 0.0667
E 0.7333 0.0000 0.8000 0.0667
R 0.8000 0.0000 0.8667 0.0667
~ 0.8667 0.0000 0.9333 0.0667
~ 0.9333 0.0000 1.0000 0.0667
~ 0.0000 0.0667 0.0667 0.1333
~ 0.0667 0.0667 0.1333 0.1333
~ 0.1333 0.0667 0.2000 0.1333
~ 0.2000 0.0667 0.2667 0.1333
~ 0.2667 0.0667 0.3333 0.1333
~ 0.3333 0.0667 0.4000 0.1333
~ 0.4000 0.0667 0.4667 0.1333
~ 0.4667 0.0667 0.5333 0.1333
~ 0.5333 0.0667 0.6000 0.1333
E 0.6000 0.0667 0.6667 0.1333
~ 0.6667 0.0667 0.7333 0.1333
~ 0.7333 0.0667 0.8000 0.1333
~ 0.8000 0.0667 0.8667 0.1333
~ 0.8667 0.0667 0.9333 0.1333
~ 0.9333 0.0667 1.0000 0.1333
~ 0.0000 0.1333 0.0667 0.2000
O 0.0667 0.1333 0.1333 0.2000
U 0.1333 0.1333 0.2000 0.2000
T 0.2000 0.1333 0.2667 0.2000
~ 0.2667 0.1333 0.3333 0.2000
~ 0.3333 0.1333 0.4000 0.2000
~ 0.4000 0.1333 0.4667 0.2000
~ 0.4667 0.1333 0.5333 0.2000
~ 0.5333 0.1333 0.6000 0.2000
D 0.6000 0.1333 0.6667 0.2000
I 0.6667 0.1333 0.7333 0.2000
G 0.7333 0.1333 0.8000 0.2000
I 0.8000 0.1333 0.8667 0.2000
T 0.8667 0.1333 0.9333 0.2000
~ 0.9333 0.1333 1.0000 0.2000
~ 0.0000 0.2000 0.0667 0.2667
~ 0.0667 0.2000 0.1333 0.2667
~ 0.1333 0.2000 0.2000 0.2667
U 0.2000 0.2000 0.2667 0.2667
~ 0.2667 0.2000 0.3333 0.2667
~ 0.3333 0.2000 0.4000 0.2667
~ 0.4000 0.2000 0.4667 0.2667
~ 0.4667 0.2000 0.5333 0.2667
Q 0.5333 0.2000 0.6000 0.2667
I 0.6000 0.2000 0.6667 0.2667
~ 0.6667 0.2000 0.7333 0.2667
I 0.7333 0.2000 0.8000 0.2667
N 0.8000 0.2000 0.8667 0.2667
~ 0.8667 0.2000 0.9333 0.2667
~ 0.9333 0.2000 1.0000 0.2667
~ 0.0000 0.2667 0.0667 0.3333
~ 0.0667 0.2667 0.1333 0.3333
~ 0.1333 0.2667 0.2000 0.3333
F 0.2000 0.2667 0.2667 0.3333
~ 0.2667 0.2667 0.3333 0.3333
~ 0.3333 0.2667 0.4000 0.3333
~ 0.4000 0.2667 0.4667 0.3333
M 0.4667 0.2667 0.5333 0.3333
I 0.5333 0.2667 0.6000 0.3333
L 0.6000 0.2667 0.6667 0.3333
D 0.6667 0.2667 0.7333 0.3333
E 0.7333 0.2667 0.8000 0.3333
N 0.8000 0.2667 0.8667 0.3333
~ 0.8667 0.2667 0.9333 0.3333
~ 0.9333 0.2667 1.0000 0.3333
~ 0.0000 0.3333 0.0667 0.4000
~ 0.0667 0.3333 0.1333 0.4000
L 0.1333 0.3333 0.2000 0.4000
A 0.2000 0.3333 0.2667 0.4000
M 0.2667 0.3333 0.3333 0.4000
B 0.3333 0.3333 0.4000 0.4000
~ 0.4000 0.3333 0.4667 0.4000
~ 0.4667 0.3333 0.5333 0.4000
~ 0.5333 0.3333 0.6000 0.4000
E 0.6000 0.3333 0.6667 0.4000
~ 0.6667 0.3333 0.7333 0.4000
~ 0.7333 0.3333 0.8000 0.4000
~ 0.8000 0.3333 0.8667 0.4000
~ 0.8667 0.3333 0.9333 0.4000
~ 0.9333 0.3333 1.0000 0.4000
~ 0.0000 0.4000 0.0667 0.4667
~ 0.0667 0.4000 0.1333 0.4667
~ 0.1333 0.4000 0.2000 0.4667
~ 0.2000 0.4000 0.2667 0.4667
~ 0.2667 0.4000 0.3333 0.4667
Z 0.3333 0.4000 0.4000 0.4667
A 0.4000 0.4000 0.4667 0.4667
A 0.4667 0.4000 0.5333 0.4667
N 0.5333 0.4000 0.6000 0.4667
S 0.6000 0.4000 0.6667 0.4667
~ 0.6667 0.4000 0.7333 0.4667
~ 0.7333 0.4000 0.8000 0.4667
A 0.8000 0.4000 0.8667 0.4667
~ 0.8667 0.4000 0.9333 0.4667
~ 0.9333 0.4000 1.0000 0.4667
~ 0.0000 0.4667 0.0667 0.5333
~ 0.0667 0.4667 0.1333 0.5333
~ 0.1333 0.4667 0.2000 0.5333
~ 0.2000 0.4667 0.2667 0.5333
~ 0.2667 0.4667 0.3333 0.5333
~ 0.3333 0.4667 0.4000 0.5333
~ 0.4000 0.4667 0.4667 0.5333
~ 0.4667 0.4667 0.5333 0.5333
~ 0.5333 0.4667 0.6000 0.5333
~ 0.6000 0.4667 0.6667 0.5333
~ 0.6667 0.4667 0.7333 0.5333
~ 0.7333 0.4667 0.8000 0.5333
G 0.8000 0.4667 0.8667 0.5333
Y 0.8667 0.4667 0.9333 0.5333
P 0.9333 0.4667 1.0000 0.5333
~ 0.0000 0.5333 0.0667 0.6000
~ 0.0667 0.5333 0.1333 0.6000
E 0.1333 0.5333 0.2000 0.6000
O 0.2000 0.5333 0.2667 0.6000
N 0.2667 0.5333 0.3333 0.6000
~ 0.3333 0.5333 0.4000 0.6000
N 0.4000 0.5333 0.4667 0.6000
~ 0.4667 0.5333 0.5333 0.6000
~ 0.5333 0.5333 0.6000 0.6000
~ 0.6000 0.5333 0.6667 0.6000
~ 0.6667 0.5333 0.7333 0.6000
X 0.7333 0.5333 0.8000 0.6000
I 0.8000 0.5333 0.8667 0.6000
~ 0.8667 0.5333 0.9333 0.6000
~ 0.9333 0.5333 1.0000 0.6000
~ 0.0000 0.6000 0.0667 0.6667
~ 0.0667 0.6000 0.1333 0.6667
~ 0.1333 0.6000 0.2000 0.6667
~ 0.2000 0.6000 0.2667 0.6667
~ 0.2667 0.6000 0.3333 0.6667
~ 0.3333 0.6000 0.4000 0.6667
C 0.4000 0.6000 0.4667 0.6667
~ 0.4667 0.6000 0.5333 0.6667
V 0.5333 0.6000 0.6000 0.6667
~ 0.6000 0.6000 0.6667 0.6667
~ 0.6667 0.6000 0.7333 0.6667
Y 0.7333 0.6000 0.8000 0.6667
O 0.8000 0.6000 0.8667 0.6667
B 0.8667 0.6000 0.9333 0.6667
~ 0.9333 0.6000 1.0000 0.6667
~ 0.0000 0.6667 0.0667 0.7333
~ 0.0667 0.6667 0.1333 0.7333
~ 0.1333 0.6667 0.2000 0.7333
~ 0.2000 0.6667 0.2667 0.7333
P 0.2667 0.6667 0.3333 0.7333
A 0.3333 0.6667 0.4000 0.7333
S 0.4000 0.6667 0.4667 0.7333
T 0.4667 0.6667 0.5333 0.7333
~ 0.5333 0.6667 0.6000 0.7333
R 0.6000 0.6667 0.6667 0.7333
N 0.6667 0.6667 0.7333 0.7333
S 0.7333 0.6667 0.8000 0.7333
~ 0.8000 0.6667 0.8667 0.7333
O 0.8667 0.6667 0.9333 0.7333
~ 0.9333 0.6667 1.0000 0.7333
~ 0.0000 0.7333 0.0667 0.8000
~ 0.0667 0.7333 0.1333 0.8000
~ 0.1333 0.7333 0.2000 0.8000
K 0.2000 0.7333 0.2667 0.8000
E 0.2667 0.7333 0.3333 0.8000
A 0.3333 0.7333 0.4000 0.8000
~ 0.4000 0.7333 0.4667 0.8000
~ 0.4667 0.7333 0.5333 0.8000
R 0.5333 0.7333 0.6000 0.8000
~ 0.6000 0.7333 0.6667 0.8000
~ 0.6667 0.7333 0.7333 0.8000
T 0.7333 0.7333 0.8000 0.8000
~ 0.8000 0.7333 0.8667 0.8000
C 0.8667 0.7333 0.9333 0.8000
~ 0.9333 0.7333 1.0000 0.8000
~ 0.0000 0.8000 0.0667 0.8667
W 0.0667 0.8000 0.1333 0.8667
E 0.1333 0.8000 0.2000 0.8667
A 0.2000 0.8000 0.2667 0.8667
R 0.2667 0.8000 0.3333 0.8667
~ 0.3333 0.8000 0.4000 0.8667
V 0.4000 0.8000 0.4667 0.8667
~ 0.4667 0.8000 0.5333 0.8667
T 0.5333 0.8000 0.6000 0.8667
~ 0.6000 0.8000 0.6667 0.8667
~ 0.6667 0.8000 0.7333 0.8667
~ 0.7333 0.8000 0.8000 0.8667
O 0.8000 0.8000 0.8667 0.8667
H 0.8667 0.8000 0.9333 0.8667
O 0.9333 0.8000 1.0000 0.8667
~ 0.0000 0.8667 0.0667 0.9333
~ 0.0667 0.8667 0.1333 0.9333
R 0.1333 0.8667 0.2000 0.9333
E 0.2000 0.8667 0.2667 0.9333
I 0.2667 0.8667 0.3333 0.9333
~ 0.3333 0.8667 0.4000 0.9333
I 0.4000 0.8667 0.4667 0.9333
E 0.4667 0.8667 0.5333 0.9333
S 0.5333 0.8667 0.6000 0.9333
~ 0.6000 0.8667 0.6667 0.9333
~ 0.6667 0.8667 0.7333 0.9333
~ 0.7333 0.8667 0.8000 0.9333
F 0.8000 0.8667 0.8667 0.9333
E 0.8667 0.8667 0.9333 0.9333
W 0.9333 0.8667 1.0000 0.9333
J 0.0000 0.9333 0.0667 1.0000
O 0.0667 0.9333 0.1333 1.0000
E 0.1333 0.9333 0.2000 1.0000
~ 0.2000 0.9333 0.2667 1.0000
~ 0.2667 0.9333 0.3333 1.0000
E 0.3333 0.9333 0.4000 1.0000
D 0.4000 0.9333 0.4667 1.0000
H 0.4667 0.9333 0.5333 1.0000
~ 0.5333 0.9333 0.6000 1.0000
~ 0.6000 0.9333 0.6667 1.0000
~ 0.6667 0.9333 0.7333 1.0000
~ 0.7333 0.9333 0.8000 1.0000
~ 0.8000 0.9333 0.8667 1.0000
~ 0.8667 0.9333 0.9333 1.0000
L 0.9333 0.9333 1.0000 1.0000
