N 0.0000 0.0000 0.0667 0.0667
O 0.0667 0.0000 0.1333 0.0667
T 0.1333 0.0000 0.2000 0.0667
A 0.2000 0.0000 0.2667 0.0667
B 0.2667 0.0000 0.3333 0.0667
L 0.3333 0.0000 0.4000 0.0667
~ 0.4000 0.0000 0.4667 0.0667
S 0.4667 0.0000 0.5333 0.0667
~ 0.5333 0.0000 0.6000 0.0667
~ 0.6000 0.0000 0.6667 0.0667
~ 0.6667 0.0000 0.7333 0.0667
B 0.7333 0.0000 0.8000 0.0667
L 0.8000 0.0000 0.8667 0.0667
E 0.8667 0.0000 0.9333 0.0667
T 0.9333 0.0000 1.0000 0.0667
E 0.0000 0.0667 0.0667 0.1333
M 0.0667 0.0667 0.1333 0.1333
~ 0.1333 0.0667 0.2000 0.1333
~ 0.2000 0.0667 0.2667 0.1333
O 0.2667 0.0667 0.3333 0.1333
~ 0.3333 0.0667 0.4000 0.1333
~ 0.4000 0.0667 0.4667 0.1333
T 0.4667 0.0667 0.5333 0.1333
~ 0.5333 0.0667 0.6000 0.1333
Z 0.6000 0.0667 0.6667 0.1333
O 0.6667 0.0667 0.7333 0.1333
O 0.7333 0.0667 0.8000 0.1333
I 0.8000 0.0667 0.8667 0.1333
D 0.8667 0.0667 0.9333 0.1333
~ 0.9333 0.0667 1.0000 0.1333
~ 0.0000 0.1333 0.0667 0.2000
~ 0.0667 0.1333 0.1333 0.2000
~ 0.1333 0.1333 0.2000 0.2000
V 0.2000 0.1333 0.2667 0.2000
I 0.2667 0.1333 0.3333 0.2000
N 0.3333 0.1333 0.4000 0.2000
T 0.4000 0.1333 0.4667 0.2000
A 0.4667 0.1333 0.5333 0.2000
G 0.5333 0.1333 0.6000 0.2000
E 0.6000 0.1333 0.6667 0.2000
~ 0.6667 0.1333 0.7333 0.2000
~ 0.7333 0.1333 0.8000 0.2000
A 0.8000 0.1333 0.8667 0.2000
~ 0.8667 0.1333 0.9333 0.2000
~ 0.9333 0.1333 1.0000 0.2000
~ 0.0000 0.2000 0.0667 0.2667
~ 0.0667 0.2000 0.1333 0.2667
~ 0.1333 0.2000 0.2000 0.2667
~ 0.2000 0.2000 0.2667 0.2667
N 0.2667 0.2000 0.3333 0.2667
~ 0.3333 0.2000 0.4000 0.2667
~ 0.4000 0.2000 0.4667 0.2667
R 0.4667 0.2000 0.5333 0.2667
~ 0.5333 0.2000 0.6000 0.2667
E 0.6000 0.2000 0.6667 0.2667
W 0.6667 0.2000 0.7333 0.2667
E 0.7333 0.2000 0.8000 0.2667
R 0.8000 0.2000 0.8667 0.2667
~ 0.8667 0.2000 0.9333 0.2667
~ 0.9333 0.2000 1.0000 0.2667
D 0.0000 0.2667 0.0667 0.3333
R 0.0667 0.2667 0.1333 0.3333
I 0.1333 0.2667 0.2000 0.3333
N 0.2000 0.2667 0.2667 0.3333
K 0.2667 0.2667 0.3333 0.3333
~ 0.3333 0.2667 0.4000 0.3333
~ 0.4000 0.2667 0.4667 0.3333
V 0.4667 0.2667 0.5333 0.3333
~ 0.5333 0.2667 0.6000 0.3333
~ 0.6000 0.2667 0.6667 0.3333
I 0.6667 0.2667 0.7333 0.3333
~ 0.7333 0.2667 0.8000 0.3333
~ 0.8000 0.2667 0.8667 0.3333
~ 0.8667 0.2667 0.9333 0.3333
~ 0.9333 0.2667 1.0000 0.3333
~ 0.0000 0.3333 0.0667 0.4000
~ 0.0667 0.3333 0.1333 0.4000
~ 0.1333 0.3333 0.2000 0.4000
~ 0.2000 0.3333 0.2667 0.4000
S 0.2667 0.3333 0.3333 0.4000
L 0.3333 0.3333 0.4000 0.4000
E 0.4000 0.3333 0.4667 0.4000
E 0.4667 0.3333 0.5333 0.4000
P 0.5333 0.3333 0.6000 0.4000
I 0.6000 0.3333 0.6667 0.4000
N 0.6667 0.3333 0.7333 0.4000
~ 0.7333 0.3333 0.8000 0.4000
~ 0.8000 0.3333 0.8667 0.4000
~ 0.8667 0.3333 0.9333 0.4000
~ 0.9333 0.3333 1.0000 0.4000
~ 0.0000 0.4000 0.0667 0.4667
~ 0.0667 0.4000 0.1333 0.4667
~ 0.1333 0.4000 0.2000 0.4667
~ 0.2000 0.4000 0.2667 0.4667
~ 0.2667 0.4000 0.3333 0.4667
~ 0.3333 0.4000 0.4000 0.4667
~ 0.4000 0.4000 0.4667 0.4667
~ 0.4667 0.4000 0.5333 0.4667
U 0.5333 0.4000 0.6000 0.4667
~ 0.6000 0.4000 0.6667 0.4667
~ 0.6667 0.4000 0.7333 0.4667
G 0.7333 0.4000 0.8000 0.4667
~ 0.8000 0.4000 0.8667 0.4667
~ 0.8667 0.4000 0.9333 0.4667
~ 0.9333 0.4000 1.0000 0.4667
~ 0.0000 0.4667 0.0667 0.5333
~ 0.0667 0.4667 0.1333 0.5333
~ 0.1333 0.4667 0.2000 0.5333
~ 0.2000 0.4667 0.2667 0.5333
~ 0.2667 0.4667 0.3333 0.5333
~ 0.3333 0.4667 0.4000 0.5333
A 0.4000 0.4667 0.4667 0.5333
U 0.4667 0.4667 0.5333 0.5333
R 0.5333 0.4667 0.6000 0.5333
A 0.6000 0.4667 0.6667 0.5333
E 0.6667 0.4667 0.7333 0.5333
~ 0.7333 0.4667 0.8000 0.5333
~ 0.8000 0.4667 0.8667 0.5333
~ 0.8667 0.4667 0.9333 0.5333
~ 0.9333 0.4667 1.0000 0.5333
~ 0.0000 0.5333 0.0667 0.6000
~ 0.0667 0.5333 0.1333 0.6000
~ 0.1333 0.5333 0.2000 0.6000
S 0.2000 0.5333 0.2667 0.6000
C 0.2667 0.5333 0.3333 0.6000
R 0.3333 0.5333 0.4000 0.6000
Y 0.4000 0.5333 0.4667 0.6000
~ 0.4667 0.5333 0.5333 0.6000
L 0.5333 0.5333 0.6000 0.6000
I 0.6000 0.5333 0.6667 0.6000
D 0.6667 0.5333 0.7333 0.6000
~ 0.7333 0.5333 0.8000 0.6000
~ 0.8000 0.5333 0.8667 0.6000
~ 0.8667 0.5333 0.9333 0.6000
~ 0.9333 0.5333 1.0000 0.6000
~ 0.0000 0.6000 0.0667 0.6667
~ 0.0667 0.6000 0.1333 0.6667
P 0.1333 0.6000 0.2000 0.6667
I 0.2000 0.6000 0.2667 0.6667
A 0.2667 0.6000 0.3333 0.6667
~ 0.3333 0.6000 0.4000 0.6667
~ 0.4000 0.6000 0.4667 0.6667
~ 0.4667 0.6000 0.5333 0.6667
~ 0.5333 0.6000 0.6000 0.6667
T 0.6000 0.6000 0.6667 0.6667
~ 0.6667 0.6000 0.7333 0.6667
~ 0.7333 0.6000 0.8000 0.6667
~ 0.8000 0.6000 0.8667 0.6667
~ 0.8667 0.6000 0.9333 0.6667
~ 0.9333 0.6000 1.0000 0.6667
~ 0.0000 0.6667 0.0667 0.7333
F 0.0667 0.6667 0.1333 0.7333
O 0.1333 0.6667 0.2000 0.7333
X 0.2000 0.6667 0.2667 0.7333
Y 0.2667 0.6667 0.3333 0.7333
~ 0.3333 0.6667 0.4000 0.7333
~ 0.4000 0.6667 0.4667 0.7333
W 0.4667 0.6667 0.5333 0.7333
A 0.5333 0.6667 0.6000 0.7333
S 0.6000 0.6667 0.6667 0.7333
H 0.6667 0.6667 0.7333 0.7333
~ 0.7333 0.6667 0.8000 0.7333
~ 0.8000 0.6667 0.8667 0.7333
~ 0.8667 0.6667 0.9333 0.7333
~ 0.9333 0.6667 1.0000 0.7333
~ 0.0000 0.7333 0.0667 0.8000
R 0.0667 0.7333 0.1333 0.8000
E 0.1333 0.7333 0.2000 0.8000
T 0.2000 0.7333 0.2667 0.8000
~ 0.2667 0.7333 0.3333 0.8000
~ 0.3333 0.7333 0.4000 0.8000
~ 0.4000 0.7333 0.4667 0.8000
~ 0.4667 0.7333 0.5333 0.8000
~ 0.5333 0.7333 0.6000 0.8000
~ 0.6000 0.7333 0.6667 0.8000
A 0.6667 0.7333 0.7333 0.8000
~ 0.7333 0.7333 0.8000 0.8000
~ 0.8000 0.7333 0.8667 0.8000
~ 0.8667 0.7333 0.9333 0.8000
~ 0.9333 0.7333 1.0000 0.8000
H 0.0000 0.8000 0.0667 0.8667
E 0.0667 0.8000 0.1333 0.8667
M 0.1333 0.8000 0.2000 0.8667
~ 0.2000 0.8000 0.2667 0.8667
~ 0.2667 0.8000 0.3333 0.8667
~ 0.3333 0.8000 0.4000 0.8667
~ 0.4000 0.8000 0.4667 0.8667
~ 0.4667 0.8000 0.5333 0.8667
~ 0.5333 0.8000 0.6000 0.8667
~ 0.6000 0.8000 0.6667 0.8667
J 0.6667 0.8000 0.7333 0.8667
E 0.7333 0.8000 0.8000 0.8667
U 0.8000 0.8000 0.8667 0.8667
~ 0.8667 0.8000 0.9333 0.8667
~ 0.9333 0.8000 1.0000 0.8667
A 0.0000 0.8667 0.0667 0.9333
E 0.0667 0.8667 0.1333 0.9333
~ 0.1333 0.8667 0.2000 0.9333
~ 0.2000 0.8667 0.2667 0.9333
G 0.2667 0.8667 0.3333 0.9333
O 0.3333 0.8667 0.4000 0.9333
O 0.4000 0.8667 0.4667 0.9333
N 0.4667 0.8667 0.5333 0.9333
~ 0.5333 0.8667 0.6000 0.9333
Q 0.6000 0.8667 0.6667 0.9333
I 0.6667 0.8667 0.7333 0.9333
~ 0.7333 0.8667 0.8000 0.9333
~ 0.8000 0.8667 0.8667 0.9333
~ 0.8667 0.8667 0.9333 0.9333
~ 0.9333 0.8667 1.0000 0.9333
O 0.0000 0.9333 0.0667 1.0000
~ 0.0667 0.9333 0.1333 1.0000
~ 0.1333 0.9333 0.2000 1.0000
~ 0.2000 0.9333 0.2667 1.0000
~ 0.2667 0.9333 0.3333 1.0000
~ 0.3333 0.9333 0.4000 1.0000
F 0.4000 0.9333 0.4667 1.0000
U 0.4667 0.9333 0.5333 1.0000
C 0.5333 0.9333 0.6000 1.0000
I 0.6000 0.9333 0.6667 1.0000
~ 0.6667 0.9333 0.7333 1.0000
~ 0.7333 0.9333 0.8000 1.0000
~ 0.8000 0.9333 0.8667 1.0000
~ 0.8667 0.9333 0.9333 1.0000
~ 0.9333 0.9333 1.0000 1.0000
