~ 0.0000 0.0000 0.0667 0.0667
~ 0.0667 0.0000 0.1333 0.0667
~ 0.1333 0.0000 0.2000 0.0667
~ 0.2000 0.0000 0.2667 0.0667
~ 0.2667 0.0000 0.3333 0.0667
N 0.3333 0.0000 0.4000 0.0667
~ 0.4000 0.0000 0.4667 0.0667
~ 0.4667 0.0000 0.5333 0.0667
~ 0.5333 0.0000 0.6000 0.0667
~ 0.6000 0.0000 0.6667 0.0667
~ 0.6667 0.0000 0.7333 0.0667
~ 0.7333 0.0000 0.8000 0.0667
~ 0.8000 0.0000 0.8667 0.0667
~ 0.8667 0.0000 0.9333 0.0667
B 0.9333 0.0000 1.0000 0.0667
~ 0.0000 0.0667 0.0667 0.1333
~ 0.0667 0.0667 0.1333 0.1333
~ 0.1333 0.0667 0.2000 0.1333
~ 0.2000 0.0667 0.2667 0.1333
~ 0.2667 0.0667 0.3333 0.1333
U 0.3333 0.0667 0.4000 0.1333
~ 0.4000 0.0667 0.4667 0.1333
~ 0.4667 0.0667 0.5333 0.1333
~ 0.5333 0.0667 0.6000 0.1333
H 0.6000 0.0667 0.6667 0.1333
~ 0.6667 0.0667 0.7333 0.1333
~ 0.7333 0.0667 0.8000 0.1333
V 0.8000 0.0667 0.8667 0.1333
~ 0.8667 0.0667 0.9333 0.1333
O 0.9333 0.0667 1.0000 0.1333
~ 0.0000 0.1333 0.0667 0.2000
~ 0.0667 0.1333 0.1333 0.2000
~ 0.1333 0.1333 0.2000 0.2000
~ 0.2000 0.1333 0.2667 0.2000
~ 0.2667 0.1333 0.3333 0.2000
N 0.3333 0.1333 0.4000 0.2000
~ 0.4000 0.1333 0.4667 0.2000
~ 0.4667 0.1333 0.5333 0.2000
C 0.5333 0.1333 0.6000 0.2000
O 0.6000 0.1333 0.6667 0.2000
Y 0.6667 0.1333 0.7333 0.2000
~ 0.7333 0.1333 0.8000 0.2000
A 0.8000 0.1333 0.8667 0.2000
~ 0.8667 0.1333 0.9333 0.2000
R 0.9333 0.1333 1.0000 0.2000
~ 0.0000 0.2000 0.0667 0.2667
~ 0.0667 0.2000 0.1333 0.2667
~ 0.1333 0.2000 0.2000 0.2667
Q 0.2000 0.2000 0.2667 0.2667
I 0.2667 0.2000 0.3333 0.2667
S 0.3333 0.2000 0.4000 0.2667
~ 0.4000 0.2000 0.4667 0.2667
~ 0.4667 0.2000 0.5333 0.2667
A 0.5333 0.2000 0.6000 0.2667
B 0.6000 0.2000 0.6667 0.2667
A 0.6667 0.2000 0.7333 0.2667
~ 0.7333 0.2000 0.8000 0.2667
U 0.8000 0.2000 0.8667 0.2667
~ 0.8667 0.2000 0.9333 0.2667
D 0.9333 0.2000 1.0000 0.2667
~ 0.0000 0.2667 0.0667 0.3333
~ 0.0667 0.2667 0.1333 0.3333
F 0.1333 0.2667 0.2000 0.3333
I 0.2000 0.2667 0.2667 0.3333
N 0.2667 0.2667 0.3333 0.3333
~ 0.3333 0.2667 0.4000 0.3333
~ 0.4000 0.2667 0.4667 0.3333
~ 0.4667 0.2667 0.5333 0.3333
N 0.5333 0.2667 0.6000 0.3333
~ 0.6000 0.2667 0.6667 0.3333
Y 0.6667 0.2667 0.7333 0.3333
O 0.7333 0.2667 0.8000 0.3333
N 0.8000 0.2667 0.8667 0.3333
~ 0.8667 0.2667 0.9333 0.3333
E 0.9333 0.2667 1.0000 0.3333
~ 0.0000 0.3333 0.0667 0.4000
~ 0.0667 0.3333 0.1333 0.4000
L 0.1333 0.3333 0.2000 0.4000
~ 0.2000 0.3333 0.2667 0.4000
D 0.2667 0.3333 0.3333 0.4000
~ 0.3333 0.3333 0.4000 0.4000
~ 0.4000 0.3333 0.4667 0.4000
F 0.4667 0.3333 0.5333 0.4000
~ 0.5333 0.3333 0.6000 0.4000
G 0.6000 0.3333 0.6667 0.4000
~ 0.6667 0.3333 0.7333 0.4000
I 0.7333 0.3333 0.8000 0.4000
T 0.8000 0.3333 0.8667 0.4000
~ 0.8667 0.3333 0.9333 0.4000
R 0.9333 0.3333 1.0000 0.4000
~ 0.0000 0.4000 0.0667 0.4667
~ 0.0667 0.4000 0.1333 0.4667
A 0.1333 0.4000 0.2000 0.4667
~ 0.2000 0.4000 0.2667 0.4667
R 0.2667 0.4000 0.3333 0.4667
~ 0.3333 0.4000 0.4000 0.4667
J 0.4000 0.4000 0.4667 0.4667
E 0.4667 0.4000 0.5333 0.4667
E 0.5333 0.4000 0.6000 0.4667
R 0.6000 0.4000 0.6667 0.4667
~ 0.6667 0.4000 0.7333 0.4667
L 0.7333 0.4000 0.8000 0.4667
~ 0.8000 0.4000 0.8667 0.4667
M 0.8667 0.4000 0.9333 0.4667
E 0.9333 0.4000 1.0000 0.4667
~ 0.0000 0.4667 0.0667 0.5333
~ 0.0667 0.4667 0.1333 0.5333
I 0.1333 0.4667 0.2000 0.5333
~ 0.2000 0.4667 0.2667 0.5333
A 0.2667 0.4667 0.3333 0.5333
~ 0.3333 0.4667 0.4000 0.5333
~ 0.4000 0.4667 0.4667 0.5333
U 0.4667 0.4667 0.5333 0.5333
~ 0.5333 0.4667 0.6000 0.5333
O 0.6000 0.4667 0.6667 0.5333
~ 0.6667 0.4667 0.7333 0.5333
I 0.7333 0.4667 0.8000 0.5333
C 0.8000 0.4667 0.8667 0.5333
E 0.8667 0.4667 0.9333 0.5333
D 0.9333 0.4667 1.0000 0.5333
~ 0.0000 0.5333 0.0667 0.6000
~ 0.0667 0.5333 0.1333 0.6000
R 0.1333 0.5333 0.2000 0.6000
~ 0.2000 0.5333 0.2667 0.6000
V 0.2667 0.5333 0.3333 0.6000
~ 0.3333 0.5333 0.4000 0.6000
~ 0.4000 0.5333 0.4667 0.6000
~ 0.4667 0.5333 0.5333 0.6000
K 0.5333 0.5333 0.6000 0.6000
I 0.6000 0.5333 0.6667 0.6000
N 0.6667 0.5333 0.7333 0.6000
E 0.7333 0.5333 0.8000 0.6000
~ 0.8000 0.5333 0.8667 0.6000
L 0.8667 0.5333 0.9333 0.6000
~ 0.9333 0.5333 1.0000 0.6000
~ 0.0000 0.6000 0.0667 0.6667
~ 0.0667 0.6000 0.1333 0.6667
~ 0.1333 0.6000 0.2000 0.6667
T 0.2000 0.6000 0.2667 0.6667
E 0.2667 0.6000 0.3333 0.6667
W 0.3333 0.6000 0.4000 0.6667
~ 0.4000 0.6000 0.4667 0.6667
~ 0.4667 0.6000 0.5333 0.6667
E 0.5333 0.6000 0.6000 0.6667
T 0.6000 0.6000 0.6667 0.6667
A 0.6667 0.6000 0.7333 0.6667
S 0.7333 0.6000 0.8000 0.6667
~ 0.8000 0.6000 0.8667 0.6667
T 0.8667 0.6000 0.9333 0.6667
~ 0.9333 0.6000 1.0000 0.6667
~ 0.0000 0.6667 0.0667 0.7333
P 0.0667 0.6667 0.1333 0.7333
I 0.1333 0.6667 0.2000 0.7333
A 0.2000 0.6667 0.2667 0.7333
~ 0.2667 0.6667 0.3333 0.7333
~ 0.3333 0.6667 0.4000 0.7333
~ 0.4000 0.6667 0.4667 0.7333
~ 0.4667 0.6667 0.5333 0.7333
G 0.5333 0.6667 0.6000 0.7333
~ 0.6000 0.6667 0.6667 0.7333
E 0.6667 0.6667 0.7333 0.7333
T 0.7333 0.6667 0.8000 0.7333
~ 0.8000 0.6667 0.8667 0.7333
~ 0.8667 0.6667 0.9333 0.7333
~ 0.9333 0.6667 1.0000 0.7333
~ 0.0000 0.7333 0.0667 0.8000
~ 0.0667 0.7333 0.1333 0.8000
D 0.1333 0.7333 0.2000 0.8000
E 0.2000 0.7333 0.2667 0.8000
A 0.2667 0.7333 0.3333 0.8000
L 0.3333 0.7333 0.4000 0.8000
~ 0.4000 0.7333 0.4667 0.8000
R 0.4667 0.7333 0.5333 0.8000
S 0.5333 0.7333 0.6000 0.8000
~ 0.6000 0.7333 0.6667 0.8000
~ 0.6667 0.7333 0.7333 0.8000
~ 0.7333 0.7333 0.8000 0.8000
H 0.8000 0.7333 0.8667 0.8000
~ 0.8667 0.7333 0.9333 0.8000
~ 0.9333 0.7333 1.0000 0.8000
~ 0.0000 0.8000 0.0667 0.8667
~ 0.0667 0.8000 0.1333 0.8667
~ 0.1333 0.8000 0.2000 0.8667
~ 0.2000 0.8000 0.2667 0.8667
X 0.2667 0.8000 0.3333 0.8667
I 0.3333 0.8000 0.4000 0.8667
~ 0.4000 0.8000 0.4667 0.8667
O 0.4667 0.8000 0.5333 0.8667
~ 0.5333 0.8000 0.6000 0.8667
~ 0.6000 0.8000 0.6667 0.8667
~ 0.6667 0.8000 0.7333 0.8667
~ 0.7333 0.8000 0.8000 0.8667
~ 0.8000 0.8000 0.8667 0.8667
~ 0.8667 0.8000 0.9333 0.8667
~ 0.9333 0.8000 1.0000 0.8667
~ 0.0000 0.8667 0.0667 0.9333
Z 0.0667 0.8667 0.1333 0.9333
O 0.1333 0.8667 0.2000 0.9333
O 0.2000 0.8667 0.2667 0.9333
~ 0.2667 0.8667 0.3333 0.9333
M 0.3333 0.8667 0.4000 0.9333
O 0.4000 0.8667 0.4667 0.9333
U 0.4667 0.8667 0.5333 0.9333
E 0.5333 0.8667 0.6000 0.9333
~ 0.6000 0.8667 0.6667 0.9333
~ 0.6667 0.8667 0.7333 0.9333
~ 0.7333 0.8667 0.8000 0.9333
~ 0.8000 0.8667 0.8667 0.9333
~ 0.8667 0.8667 0.9333 0.9333
~ 0.9333 0.8667 1.0000 0.9333
W 0.0000 0.9333 0.0667 1.0000
A 0.0667 0.9333 0.1333 1.0000
S 0.1333 0.9333 0.2000 1.0000
P 0.2000 0.9333 0.2667 1.0000
I 0.2667 0.9333 0.3333 1.0000
E 0.3333 0.9333 0.4000 1.0000
~ 0.4000 0.9333 0.4667 1.0000
T 0.4667 0.9333 0.5333 1.0000
~ 0.5333 0.9333 0.6000 1.0000
~ 0.6000 0.9333 0.6667 1.0000
~ 0.6667 0.9333 0.7333 1.0000
~ 0.7333 0.9333 0.8000 1.0000
~ 0.8000 0.9333 0.8667 1.0000
~ 0.8667 0.9333 0.9333 1.0000
~ 0.9333 0.9333 1.0000 1.0000
