W 0.0000 0.0000 0.0667 0.0667
A 0.0667 0.0000 0.1333 0.0667
I 0.1333 0.0000 0.2000 0.0667
~ 0.2000 0.0000 0.2667 0.0667
~ 0.2667 0.0000 0.3333 0.0667
~ 0.3333 0.0000 0.4000 0.0667
~ 0.4000 0.0000 0.4667 0.0667
J 0.4667 0.0000 0.5333 0.0667
~ 0.5333 0.0000 0.6000 0.0667
~ 0.6000 0.0000 0.6667 0.0667
~ 0.6667 0.0000 0.7333 0.0667
~ 0.7333 0.0000 0.8000 0.0667
~ 0.8000 0.0000 0.8667 0.0667
~ 0.8667 0.0000 0.9333 0.0667
~ 0.9333 0.0000 1.0000 0.0667
~ 0.0000 0.0667 0.0667 0.1333
N 0.0667 0.0667 0.1333 0.1333
~ 0.1333 0.0667 0.2000 0.1333
R 0.2000 0.0667 0.2667 0.1333
~ 0.2667 0.0667 0.3333 0.1333
~ 0.3333 0.0667 0.4000 0.1333
~ 0.4000 0.0667 0.4667 0.1333
A 0.4667 0.0667 0.5333 0.1333
A 0.5333 0.0667 0.6000 0.1333
H 0.6000 0.0667 0.6667 0.1333
~ 0.6667 0.0667 0.7333 0.1333
~ 0.7333 0.0667 0.8000 0.1333
~ 0.8000 0.0667 0.8667 0.1333
B 0.8667 0.0667 0.9333 0.1333
~ 0.9333 0.0667 1.0000 0.1333
~ 0.0000 0.1333 0.0667 0.2000
E 0.0667 0.1333 0.1333 0.2000
~ 0.1333 0.1333 0.2000 0.2000
E 0.2000 0.1333 0.2667 0.2000
~ 0.2667 0.1333 0.3333 0.2000
O 0.3333 0.1333 0.4000 0.2000
~ 0.4000 0.1333 0.4667 0.2000
~ 0.4667 0.1333 0.5333 0.2000
M 0.5333 0.1333 0.6000 0.2000
I 0.6000 0.1333 0.6667 0.2000
~ 0.6667 0.1333 0.7333 0.2000
~ 0.7333 0.1333 0.8000 0.2000
F 0.8000 0.1333 0.8667 0.2000
A 0.8667 0.1333 0.9333 0.2000
B 0.9333 0.1333 1.0000 0.2000
~ 0.0000 0.2000 0.0667 0.2667
W 0.0667 0.2000 0.1333 0.2667
A 0.1333 0.2000 0.2000 0.2667
X 0.2000 0.2000 0.2667 0.2667
~ 0.2667 0.2000 0.3333 0.2667
G 0.3333 0.2000 0.4000 0.2667
~ 0.4000 0.2000 0.4667 0.2667
I 0.4667 0.2000 0.5333 0.2667
N 0.5333 0.2000 0.6000 0.2667
N 0.6000 0.2000 0.6667 0.2667
A 0.6667 0.2000 0.7333 0.2667
T 0.7333 0.2000 0.8000 0.2667
E 0.8000 0.2000 0.8667 0.2667
L 0.8667 0.2000 0.9333 0.2667
Y 0.9333 0.2000 1.0000 0.2667
~ 0.0000 0.2667 0.0667 0.3333
~ 0.0667 0.2667 0.1333 0.3333
N 0.1333 0.2667 0.2000 0.3333
~ 0.2000 0.2667 0.2667 0.3333
T 0.2667 0.2667 0.3333 0.3333
E 0.3333 0.2667 0.4000 0.3333
~ 0.4000 0.2667 0.4667 0.3333
~ 0.4667 0.2667 0.5333 0.3333
I 0.5333 0.2667 0.6000 0.3333
~ 0.6000 0.2667 0.6667 0.3333
M 0.6667 0.2667 0.7333 0.3333
E 0.7333 0.2667 0.8000 0.3333
U 0.8000 0.2667 0.8667 0.3333
~ 0.8667 0.2667 0.9333 0.3333
~ 0.9333 0.2667 1.0000 0.3333
~ 0.0000 0.3333 0.0667 0.4000
U 0.0667 0.3333 0.1333 0.4000
T 0.1333 0.3333 0.2000 0.4000
~ 0.2000 0.3333 0.2667 0.4000
~ 0.2667 0.3333 0.3333 0.4000
E 0.3333 0.3333 0.4000 0.4000
~ 0.4000 0.3333 0.4667 0.4000
S 0.4667 0.3333 0.5333 0.4000
O 0.5333 0.3333 0.6000 0.4000
Z 0.6000 0.3333 0.6667 0.4000
~ 0.6667 0.3333 0.7333 0.4000
~ 0.7333 0.3333 0.8000 0.4000
~ 0.8000 0.3333 0.8667 0.4000
~ 0.8667 0.3333 0.9333 0.4000
~ 0.9333 0.3333 1.0000 0.4000
~ 0.0000 0.4000 0.0667 0.4667
T 0.0667 0.4000 0.1333 0.4667
A 0.1333 0.4000 0.2000 0.4667
~ 0.2000 0.4000 0.2667 0.4667
E 0.2667 0.4000 0.3333 0.4667
~ 0.3333 0.4000 0.4000 0.4667
~ 0.4000 0.4000 0.4667 0.4667
~ 0.4667 0.4000 0.5333 0.4667
T 0.5333 0.4000 0.6000 0.4667
O 0.6000 0.4000 0.6667 0.4667
~ 0.6667 0.4000 0.7333 0.4667
~ 0.7333 0.4000 0.8000 0.4667
~ 0.8000 0.4000 0.8667 0.4667
~ 0.8667 0.4000 0.9333 0.4667
~ 0.9333 0.4000 1.0000 0.4667
~ 0.0000 0.4667 0.0667 0.5333
~ 0.0667 0.4667 0.1333 0.5333
C 0.1333 0.4667 0.2000 0.5333
H 0.2000 0.4667 0.2667 0.5333
A 0.2667 0.4667 0.3333 0.5333
R 0.3333 0.4667 0.4000 0.5333
R 0.4000 0.4667 0.4667 0.5333
I 0.4667 0.4667 0.5333 0.5333
E 0.5333 0.4667 0.6000 0.5333
R 0.6000 0.4667 0.6667 0.5333
~ 0.6667 0.4667 0.7333 0.5333
Q 0.7333 0.4667 0.8000 0.5333
U 0.8000 0.4667 0.8667 0.5333
O 0.8667 0.4667 0.9333 0.5333
P 0.9333 0.4667 1.0000 0.5333
~ 0.0000 0.5333 0.0667 0.6000
~ 0.0667 0.5333 0.1333 0.6000
I 0.1333 0.5333 0.2000 0.6000
~ 0.2000 0.5333 0.2667 0.6000
T 0.2667 0.5333 0.3333 0.6000
~ 0.3333 0.5333 0.4000 0.6000
~ 0.4000 0.5333 0.4667 0.6000
~ 0.4667 0.5333 0.5333 0.6000
S 0.5333 0.5333 0.6000 0.6000
I 0.6000 0.5333 0.6667 0.6000
~ 0.6667 0.5333 0.7333 0.6000
U 0.7333 0.5333 0.8000 0.6000
~ 0.8000 0.5333 0.8667 0.6000
~ 0.8667 0.5333 0.9333 0.6000
~ 0.9333 0.5333 1.0000 0.6000
~ 0.0000 0.6000 0.0667 0.6667
~ 0.0667 0.6000 0.1333 0.6667
D 0.1333 0.6000 0.2000 0.6667
~ 0.2000 0.6000 0.2667 0.6667
~ 0.2667 0.6000 0.3333 0.6667
D 0.3333 0.6000 0.4000 0.6667
~ 0.4000 0.6000 0.4667 0.6667
~ 0.4667 0.6000 0.5333 0.6667
~ 0.5333 0.6000 0.6000 0.6667
L 0.6000 0.6000 0.6667 0.6667
I 0.6667 0.6000 0.7333 0.6667
E 0.7333 0.6000 0.8000 0.6667
F 0.8000 0.6000 0.8667 0.6667
~ 0.8667 0.6000 0.9333 0.6667
~ 0.9333 0.6000 1.0000 0.6667
~ 0.0000 0.6667 0.0667 0.7333
~ 0.0667 0.6667 0.1333 0.7333
~ 0.1333 0.6667 0.2000 0.7333
~ 0.2000 0.6667 0.2667 0.7333
N 0.2667 0.6667 0.3333 0.7333
O 0.3333 0.6667 0.4000 0.7333
~ 0.4000 0.6667 0.4667 0.7333
~ 0.4667 0.6667 0.5333 0.7333
~ 0.5333 0.6667 0.6000 0.7333
~ 0.6000 0.6667 0.6667 0.7333
~ 0.6667 0.6667 0.7333 0.7333
R 0.7333 0.6667 0.8000 0.7333
~ 0.8000 0.6667 0.8667 0.7333
V 0.8667 0.6667 0.9333 0.7333
~ 0.9333 0.6667 1.0000 0.7333
~ 0.0000 0.7333 0.0667 0.8000
~ 0.0667 0.7333 0.1333 0.8000
~ 0.1333 0.7333 0.2000 0.8000
E 0.2000 0.7333 0.2667 0.8000
G 0.2667 0.7333 0.3333 0.8000
O 0.3333 0.7333 0.4000 0.8000
~ 0.4000 0.7333 0.4667 0.8000
~ 0.4667 0.7333 0.5333 0.8000
~ 0.5333 0.7333 0.6000 0.8000
~ 0.6000 0.7333 0.6667 0.8000
~ 0.6667 0.7333 0.7333 0.8000
N 0.7333 0.7333 0.8000 0.8000
~ 0.8000 0.7333 0.8667 0.8000
~ 0.8667 0.7333 0.9333 0.8000
K 0.9333 0.7333 1.0000 0.8000
~ 0.0000 0.8000 0.0667 0.8667
~ 0.0667 0.8000 0.1333 0.8667
~ 0.1333 0.8000 0.2000 0.8667
V 0.2000 0.8000 0.2667 0.8667
~ 0.2667 0.8000 0.3333 0.8667
~ 0.3333 0.8000 0.4000 0.8667
~ 0.4000 0.8000 0.4667 0.8667
~ 0.4667 0.8000 0.5333 0.8667
C 0.5333 0.8000 0.6000 0.8667
O 0.6000 0.8000 0.6667 0.8667
R 0.6667 0.8000 0.7333 0.8667
S 0.7333 0.8000 0.8000 0.8667
A 0.8000 0.8000 0.8667 0.8667
G 0.8667 0.8000 0.9333 0.8667
E 0.9333 0.8000 1.0000 0.8667
~ 0.0000 0.8667 0.0667 0.9333
D 0.0667 0.8667 0.1333 0.9333
O 0.1333 0.8667 0.2000 0.9333
I 0.2000 0.8667 0.2667 0.9333
L 0.2667 0.8667 0.3333 0.9333
Y 0.3333 0.8667 0.4000 0.9333
~ 0.4000 0.8667 0.4667 0.9333
~ 0.4667 0.8667 0.5333 0.9333
~ 0.5333 0.8667 0.6000 0.9333
~ 0.6000 0.8667 0.6667 0.9333
~ 0.6667 0.8667 0.7333 0.9333
S 0.7333 0.8667 0.8000 0.9333
D 0.8000 0.8667 0.8667 0.9333
~ 0.8667 0.8667 0.9333 0.9333
E 0.9333 0.8667 1.0000 0.9333
~ 0.0000 0.9333 0.0667 1.0000
~ 0.0667 0.9333 0.1333 1.0000
~ 0.1333 0.9333 0.2000 1.0000
L 0.2000 0.9333 0.2667 1.0000
~ 0.2667 0.9333 0.3333 1.0000
~ 0.3333 0.9333 0.4000 1.0000
~ 0.4000 0.9333 0.4667 1.0000
~ 0.4667 0.9333 0.5333 1.0000
~ 0.5333 0.9333 0.6000 1.0000
~ 0.6000 0.9333 0.6667 1.0000
~ 0.6667 0.9333 0.7333 1.0000
~ 0.7333 0.9333 0.8000 1.0000
~ 0.8000 0.9333 0.8667 1.0000
~ 0.8667 0.9333 0.9333 1.0000
P 0.9333 0.9333 1.0000 1.0000
