~ 0.0000 0.0000 0.0667 0.0667
~ 0.0667 0.0000 0.1333 0.0667
~ 0.1333 0.0000 0.2000 0.0667
~ 0.2000 0.0000 0.2667 0.0667
~ 0.2667 0.0000 0.3333 0.0667
~ 0.3333 0.0000 0.4000 0.0667
~ 0.4000 0.0000 0.4667 0.0667
~ 0.4667 0.0000 0.5333 0.0667
~ 0.5333 0.0000 0.6000 0.0667
~ 0.6000 0.0000 0.6667 0.0667
~ 0.6667 0.0000 0.7333 0.0667
~ 0.7333 0.0000 0.8000 0.0667
~ 0.8000 0.0000 0.8667 0.0667
~ 0.8667 0.0000 0.9333 0.0667
~ 0.9333 0.0000 1.0000 0.0667
~ 0.0000 0.0667 0.0667 0.1333
~ 0.0667 0.0667 0.1333 0.1333
~ 0.1333 0.0667 0.2000 0.1333
~ 0.2000 0.0667 0.2667 0.1333
~ 0.2667 0.0667 0.3333 0.1333
~ 0.3333 0.0667 0.4000 0.1333
~ 0.4000 0.0667 0.4667 0.1333
~ 0.4667 0.0667 0.5333 0.1333
~ 0.5333 0.0667 0.6000 0.1333
~ 0.6000 0.0667 0.6667 0.1333
~ 0.6667 0.0667 0.7333 0.1333
V 0.7333 0.0667 0.8000 0.1333
~ 0.8000 0.0667 0.8667 0.1333
X 0.8667 0.0667 0.9333 0.1333
U 0.9333 0.0667 1.0000 0.1333
~ 0.0000 0.1333 0.0667 0.2000
~ 0.0667 0.1333 0.1333 0.2000
C 0.1333 0.1333 0.2000 0.2000
~ 0.2000 0.1333 0.2667 0.2000
~ 0.2667 0.1333 0.3333 0.2000
~ 0.3333 0.1333 0.4000 0.2000
~ 0.4000 0.1333 0.4667 0.2000
~ 0.4667 0.1333 0.5333 0.2000
~ 0.5333 0.1333 0.6000 0.2000
~ 0.6000 0.1333 0.6667 0.2000
~ 0.6667 0.1333 0.7333 0.2000
A 0.7333 0.1333 0.8000 0.2000
~ 0.8000 0.1333 0.8667 0.2000
I 0.8667 0.1333 0.9333 0.2000
N 0.9333 0.1333 1.0000 0.2000
~ 0.0000 0.2000 0.0667 0.2667
~ 0.0667 0.2000 0.1333 0.2667
U 0.1333 0.2000 0.2000 0.2667
~ 0.2000 0.2000 0.2667 0.2667
~ 0.2667 0.2000 0.3333 0.2667
~ 0.3333 0.2000 0.4000 0.2667
~ 0.4000 0.2000 0.4667 0.2667
L 0.4667 0.2000 0.5333 0.2667
U 0.5333 0.2000 0.6000 0.2667
G 0.6000 0.2000 0.6667 0.2667
~ 0.6667 0.2000 0.7333 0.2667
V 0.7333 0.2000 0.8000 0.2667
~ 0.8000 0.2000 0.8667 0.2667
~ 0.8667 0.2000 0.9333 0.2667
R 0.9333 0.2000 1.0000 0.2667
~ 0.0000 0.2667 0.0667 0.3333
~ 0.0667 0.2667 0.1333 0.3333
B 0.1333 0.2667 0.2000 0.3333
R 0.2000 0.2667 0.2667 0.3333
O 0.2667 0.2667 0.3333 0.3333
~ 0.3333 0.2667 0.4000 0.3333
L 0.4000 0.2667 0.4667 0.3333
A 0.4667 0.2667 0.5333 0.3333
P 0.5333 0.2667 0.6000 0.3333
E 0.6000 0.2667 0.6667 0.3333
L 0.6667 0.2667 0.7333 0.3333
S 0.7333 0.2667 0.8000 0.3333
~ 0.8000 0.2667 0.8667 0.3333
~ 0.8667 0.2667 0.9333 0.3333
E 0.9333 0.2667 1.0000 0.3333
~ 0.0000 0.3333 0.0667 0.4000
Z 0.0667 0.3333 0.1333 0.4000
E 0.1333 0.3333 0.2000 0.4000
E 0.2000 0.3333 0.2667 0.4000
~ 0.2667 0.3333 0.3333 0.4000
Q 0.3333 0.3333 0.4000 0.4000
I 0.4000 0.3333 0.4667 0.4000
~ 0.4667 0.3333 0.5333 0.4000
A 0.5333 0.3333 0.6000 0.4000
M 0.6000 0.3333 0.6667 0.4000
A 0.6667 0.3333 0.7333 0.4000
~ 0.7333 0.3333 0.8000 0.4000
~ 0.8000 0.3333 0.8667 0.4000
D 0.8667 0.3333 0.9333 0.4000
E 0.9333 0.3333 1.0000 0.4000
B 0.0000 0.4000 0.0667 0.4667
I 0.0667 0.4000 0.1333 0.4667
~ 0.1333 0.4000 0.2000 0.4667
~ 0.2000 0.4000 0.2667 0.4667
~ 0.2667 0.4000 0.3333 0.4667
U 0.3333 0.4000 0.4000 0.4667
N 0.4000 0.4000 0.4667 0.4667
~ 0.4667 0.4000 0.5333 0.4667
~ 0.5333 0.4000 0.6000 0.4667
~ 0.6000 0.4000 0.6667 0.4667
~ 0.6667 0.4000 0.7333 0.4667
~ 0.7333 0.4000 0.8000 0.4667
~ 0.8000 0.4000 0.8667 0.4667
A 0.8667 0.4000 0.9333 0.4667
L 0.9333 0.4000 1.0000 0.4667
I 0.0000 0.4667 0.0667 0.5333
N 0.0667 0.4667 0.1333 0.5333
~ 0.1333 0.4667 0.2000 0.5333
P 0.2000 0.4667 0.2667 0.5333
A 0.2667 0.4667 0.3333 0.5333
I 0.3333 0.4667 0.4000 0.5333
N 0.4000 0.4667 0.4667 0.5333
T 0.4667 0.4667 0.5333 0.5333
E 0.5333 0.4667 0.6000 0.5333
~ 0.6000 0.4667 0.6667 0.5333
~ 0.6667 0.4667 0.7333 0.5333
J 0.7333 0.4667 0.8000 0.5333
~ 0.8000 0.4667 0.8667 0.5333
W 0.8667 0.4667 0.9333 0.5333
S 0.9333 0.4667 1.0000 0.5333
~ 0.0000 0.5333 0.0667 0.6000
C 0.0667 0.5333 0.1333 0.6000
H 0.1333 0.5333 0.2000 0.6000
A 0.2000 0.5333 0.2667 0.6000
N 0.2667 0.5333 0.3333 0.6000
T 0.3333 0.5333 0.4000 0.6000
~ 0.4000 0.5333 0.4667 0.6000
O 0.4667 0.5333 0.5333 0.6000
F 0.5333 0.5333 0.6000 0.6000
~ 0.6000 0.5333 0.6667 0.6000
R 0.6667 0.5333 0.7333 0.6000
A 0.7333 0.5333 0.8000 0.6000
M 0.8000 0.5333 0.8667 0.6000
~ 0.8667 0.5333 0.9333 0.6000
~ 0.9333 0.5333 1.0000 0.6000
~ 0.0000 0.6000 0.0667 0.6667
Y 0.0667 0.6000 0.1333 0.6667
A 0.1333 0.6000 0.2000 0.6667
R 0.2000 0.6000 0.2667 0.6667
~ 0.2667 0.6000 0.3333 0.6667
~ 0.3333 0.6000 0.4000 0.6667
S 0.4000 0.6000 0.4667 0.6667
O 0.4667 0.6000 0.5333 0.6667
F 0.5333 0.6000 0.6000 0.6667
T 0.6000 0.6000 0.6667 0.6667
~ 0.6667 0.6000 0.7333 0.6667
G 0.7333 0.6000 0.8000 0.6667
~ 0.8000 0.6000 0.8667 0.6667
~ 0.8667 0.6000 0.9333 0.6667
~ 0.9333 0.6000 1.0000 0.6667
~ 0.0000 0.6667 0.0667 0.7333
~ 0.0667 0.6667 0.1333 0.7333
~ 0.1333 0.6667 0.2000 0.7333
D 0.2000 0.6667 0.2667 0.7333
O 0.2667 0.6667 0.3333 0.7333
G 0.3333 0.6667 0.4000 0.7333
E 0.4000 0.6667 0.4667 0.7333
~ 0.4667 0.6667 0.5333 0.7333
~ 0.5333 0.6667 0.6000 0.7333
O 0.6000 0.6667 0.6667 0.7333
W 0.6667 0.6667 0.7333 0.7333
E 0.7333 0.6667 0.8000 0.7333
D 0.8000 0.6667 0.8667 0.7333
~ 0.8667 0.6667 0.9333 0.7333
~ 0.9333 0.6667 1.0000 0.7333
~ 0.0000 0.7333 0.0667 0.8000
~ 0.0667 0.7333 0.1333 0.8000
~ 0.1333 0.7333 0.2000 0.8000
I 0.2000 0.7333 0.2667 0.8000
~ 0.2667 0.7333 0.3333 0.8000
O 0.3333 0.7333 0.4000 0.8000
R 0.4000 0.7333 0.4667 0.8000
E 0.4667 0.7333 0.5333 0.8000
~ 0.5333 0.7333 0.6000 0.8000
Y 0.6000 0.7333 0.6667 0.8000
O 0.6667 0.7333 0.7333 0.8000
R 0.7333 0.7333 0.8000 0.8000
E 0.8000 0.7333 0.8667 0.8000
~ 0.8667 0.7333 0.9333 0.8000
~ 0.9333 0.7333 1.0000 0.8000
~ 0.0000 0.8000 0.0667 0.8667
~ 0.0667 0.8000 0.1333 0.8667
K 0.1333 0.8000 0.2000 0.8667
E 0.2000 0.8000 0.2667 0.8667
N 0.2667 0.8000 0.3333 0.8667
T 0.3333 0.8000 0.4000 0.8667
~ 0.4000 0.8000 0.4667 0.8667
~ 0.4667 0.8000 0.5333 0.8667
D 0.5333 0.8000 0.6000 0.8667
O 0.6000 0.8000 0.6667 0.8667
E 0.6667 0.8000 0.7333 0.8667
~ 0.7333 0.8000 0.8000 0.8667
~ 0.8000 0.8000 0.8667 0.8667
~ 0.8667 0.8000 0.9333 0.8667
~ 0.9333 0.8000 1.0000 0.8667
~ 0.0000 0.8667 0.0667 0.9333
H 0.0667 0.8667 0.1333 0.9333
I 0.1333 0.8667 0.2000 0.9333
~ 0.2000 0.8667 0.2667 0.9333
~ 0.2667 0.8667 0.3333 0.9333
~ 0.3333 0.8667 0.4000 0.9333
~ 0.4000 0.8667 0.4667 0.9333
~ 0.4667 0.8667 0.5333 0.9333
~ 0.5333 0.8667 0.6000 0.9333
~ 0.6000 0.8667 0.6667 0.9333
~ 0.6667 0.8667 0.7333 0.9333
~ 0.7333 0.8667 0.8000 0.9333
~ 0.8000 0.8667 0.8667 0.9333
~ 0.8667 0.8667 0.9333 0.9333
~ 0.9333 0.8667 1.0000 0.9333
S 0.0000 0.9333 0.0667 1.0000
I 0.0667 0.9333 0.1333 1.0000
T 0.1333 0.9333 0.2000 1.0000
~ 0.2000 0.9333 0.2667 1.0000
~ 0.2667 0.9333 0.3333 1.0000
~ 0.3333 0.9333 0.4000 1.0000
~ 0.4000 0.9333 0.4667 1.0000
~ 0.4667 0.9333 0.5333 1.0000
~ 0.5333 0.9333 0.6000 1.0000
~ 0.6000 0.9333 0.6667 1.0000
~ 0.6667 0.9333 0.7333 1.0000
~ 0.7333 0.9333 0.8000 1.0000
~ 0.8000 0.9333 0.8667 1.0000
~ 0.8667 0.9333 0.9333 1.0000
~ 0.9333 0.9333 1.0000 1.0000
