~ 0.0000 0.0000 0.0667 0.0667
~ 0.0667 0.0000 0.1333 0.0667
~ 0.1333 0.0000 0.2000 0.0667
~ 0.2000 0.0000 0.2667 0.0667
~ 0.2667 0.0000 0.3333 0.0667
~ 0.3333 0.0000 0.4000 0.0667
~ 0.4000 0.0000 0.4667 0.0667
A 0.4667 0.0000 0.5333 0.0667
S 0.5333 0.0000 0.6000 0.0667
T 0.6000 0.0000 0.6667 0.0667
E 0.6667 0.0000 0.7333 0.0667
R 0.7333 0.0000 0.8000 0.0667
I 0.8000 0.0000 0.8667 0.0667
A 0.8667 0.0000 0.9333 0.0667
S 0.9333 0.0000 1.0000 0.0667
~ 0.0000 0.0667 0.0667 0.1333
~ 0.0667 0.0667 0.1333 0.1333
G 0.1333 0.0667 0.2000 0.1333
~ 0.2000 0.0667 0.2667 0.1333
~ 0.2667 0.0667 0.3333 0.1333
~ 0.3333 0.0667 0.4000 0.1333
~ 0.4000 0.0667 0.4667 0.1333
~ 0.4667 0.0667 0.5333 0.1333
~ 0.5333 0.0667 0.6000 0.1333
~ 0.6000 0.0667 0.6667 0.1333
~ 0.6667 0.0667 0.7333 0.1333
~ 0.7333 0.0667 0.8000 0.1333
~ 0.8000 0.0667 0.8667 0.1333
~ 0.8667 0.0667 0.9333 0.1333
A 0.9333 0.0667 1.0000 0.1333
~ 0.0000 0.1333 0.0667 0.2000
~ 0.0667 0.1333 0.1333 0.2000
O 0.1333 0.1333 0.2000 0.2000
W 0.2000 0.1333 0.2667 0.2000
~ 0.2667 0.1333 0.3333 0.2000
Q 0.3333 0.1333 0.4000 0.2000
~ 0.4000 0.1333 0.4667 0.2000
~ 0.4667 0.1333 0.5333 0.2000
~ 0.5333 0.1333 0.6000 0.2000
~ 0.6000 0.1333 0.6667 0.2000
~ 0.6667 0.1333 0.7333 0.2000
D 0.7333 0.1333 0.8000 0.2000
O 0.8000 0.1333 0.8667 0.2000
R 0.8667 0.1333 0.9333 0.2000
P 0.9333 0.1333 1.0000 0.2000
~ 0.0000 0.2000 0.0667 0.2667
~ 0.0667 0.2000 0.1333 0.2667
~ 0.1333 0.2000 0.2000 0.2667
A 0.2000 0.2000 0.2667 0.2667
~ 0.2667 0.2000 0.3333 0.2667
U 0.3333 0.2000 0.4000 0.2667
N 0.4000 0.2000 0.4667 0.2667
F 0.4667 0.2000 0.5333 0.2667
O 0.5333 0.2000 0.6000 0.2667
O 0.6000 0.2000 0.6667 0.2667
~ 0.6667 0.2000 0.7333 0.2667
E 0.7333 0.2000 0.8000 0.2667
D 0.8000 0.2000 0.8667 0.2667
~ 0.8667 0.2000 0.9333 0.2667
P 0.9333 0.2000 1.0000 0.2667
~ 0.0000 0.2667 0.0667 0.3333
~ 0.0667 0.2667 0.1333 0.3333
I 0.1333 0.2667 0.2000 0.3333
T 0.2000 0.2667 0.2667 0.3333
~ 0.2667 0.2667 0.3333 0.3333
I 0.3333 0.2667 0.4000 0.3333
~ 0.4000 0.2667 0.4667 0.3333
O 0.4667 0.2667 0.5333 0.3333
~ 0.5333 0.2667 0.6000 0.3333
U 0.6000 0.2667 0.6667 0.3333
~ 0.6667 0.2667 0.7333 0.3333
~ 0.7333 0.2667 0.8000 0.3333
~ 0.8000 0.2667 0.8667 0.3333
A 0.8667 0.2667 0.9333 0.3333
Y 0.9333 0.2667 1.0000 0.3333
~ 0.0000 0.3333 0.0667 0.4000
~ 0.0667 0.3333 0.1333 0.4000
N 0.1333 0.3333 0.2000 0.4000
~ 0.2000 0.3333 0.2667 0.4000
~ 0.2667 0.3333 0.3333 0.4000
T 0.3333 0.3333 0.4000 0.4000
A 0.4000 0.3333 0.4667 0.4000
G 0.4667 0.3333 0.5333 0.4000
~ 0.5333 0.3333 0.6000 0.4000
T 0.6000 0.3333 0.6667 0.4000
~ 0.6667 0.3333 0.7333 0.4000
~ 0.7333 0.3333 0.8000 0.4000
~ 0.8000 0.3333 0.8667 0.4000
Z 0.8667 0.3333 0.9333 0.4000
~ 0.9333 0.3333 1.0000 0.4000
~ 0.0000 0.4000 0.0667 0.4667
~ 0.0667 0.4000 0.1333 0.4667
V 0.1333 0.4000 0.2000 0.4667
~ 0.2000 0.4000 0.2667 0.4667
~ 0.2667 0.4000 0.3333 0.4667
~ 0.3333 0.4000 0.4000 0.4667
B 0.4000 0.4000 0.4667 0.4667
I 0.4667 0.4000 0.5333 0.4667
~ 0.5333 0.4000 0.6000 0.4667
L 0.6000 0.4000 0.6667 0.4667
~ 0.6667 0.4000 0.7333 0.4667
~ 0.7333 0.4000 0.8000 0.4667
K 0.8000 0.4000 0.8667 0.4667
O 0.8667 0.4000 0.9333 0.4667
I 0.9333 0.4000 1.0000 0.4667
F 0.0000 0.4667 0.0667 0.5333
R 0.0667 0.4667 0.1333 0.5333
O 0.1333 0.4667 0.2000 0.5333
G 0.2000 0.4667 0.2667 0.5333
~ 0.2667 0.4667 0.3333 0.5333
~ 0.3333 0.4667 0.4000 0.5333
Y 0.4000 0.4667 0.4667 0.5333
E 0.4667 0.4667 0.5333 0.5333
~ 0.5333 0.4667 0.6000 0.5333
I 0.6000 0.4667 0.6667 0.5333
~ 0.6667 0.4667 0.7333 0.5333
B 0.7333 0.4667 0.8000 0.5333
E 0.8000 0.4667 0.8667 0.5333
~ 0.8667 0.4667 0.9333 0.5333
W 0.9333 0.4667 1.0000 0.5333
U 0.0000 0.5333 0.0667 0.6000
~ 0.0667 0.5333 0.1333 0.6000
L 0.1333 0.5333 0.2000 0.6000
~ 0.2000 0.5333 0.2667 0.6000
~ 0.2667 0.5333 0.3333 0.6000
~ 0.3333 0.5333 0.4000 0.6000
E 0.4000 0.5333 0.4667 0.6000
~ 0.4667 0.5333 0.5333 0.6000
~ 0.5333 0.5333 0.6000 0.6000
E 0.6000 0.5333 0.6667 0.6000
~ 0.6667 0.5333 0.7333 0.6000
A 0.7333 0.5333 0.8000 0.6000
E 0.8000 0.5333 0.8667 0.6000
~ 0.8667 0.5333 0.9333 0.6000
I 0.9333 0.5333 1.0000 0.6000
M 0.0000 0.6000 0.0667 0.6667
~ 0.0667 0.6000 0.1333 0.6667
V 0.1333 0.6000 0.2000 0.6667
~ 0.2000 0.6000 0.2667 0.6667
~ 0.2667 0.6000 0.3333 0.6667
J 0.3333 0.6000 0.4000 0.6667
~ 0.4000 0.6000 0.4667 0.6667
~ 0.4667 0.6000 0.5333 0.6667
~ 0.5333 0.6000 0.6000 0.6667
R 0.6000 0.6000 0.6667 0.6667
~ 0.6667 0.6000 0.7333 0.6667
~ 0.7333 0.6000 0.8000 0.6667
N 0.8000 0.6000 0.8667 0.6667
O 0.8667 0.6000 0.9333 0.6667
S 0.9333 0.6000 1.0000 0.6667
E 0.0000 0.6667 0.0667 0.7333
~ 0.0667 0.6667 0.1333 0.7333
E 0.1333 0.6667 0.2000 0.7333
N 0.2000 0.6667 0.2667 0.7333
R 0.2667 0.6667 0.3333 0.7333
I 0.3333 0.6667 0.4000 0.7333
C 0.4000 0.6667 0.4667 0.7333
H 0.4667 0.6667 0.5333 0.7333
E 0.5333 0.6667 0.6000 0.7333
~ 0.6000 0.6667 0.6667 0.7333
~ 0.6667 0.6667 0.7333 0.7333
~ 0.7333 0.6667 0.8000 0.7333
~ 0.8000 0.6667 0.8667 0.7333
I 0.8667 0.6667 0.9333 0.7333
~ 0.9333 0.6667 1.0000 0.7333
~ 0.0000 0.7333 0.0667 0.8000
~ 0.0667 0.7333 0.1333 0.8000
~ 0.1333 0.7333 0.2000 0.8000
~ 0.2000 0.7333 0.2667 0.8000
~ 0.2667 0.7333 0.3333 0.8000
N 0.3333 0.7333 0.4000 0.8000
~ 0.4000 0.7333 0.4667 0.8000
E 0.4667 0.7333 0.5333 0.8000
~ 0.5333 0.7333 0.6000 0.8000
~ 0.6000 0.7333 0.6667 0.8000
~ 0.6667 0.7333 0.7333 0.8000
~ 0.7333 0.7333 0.8000 0.8000
~ 0.8000 0.7333 0.8667 0.8000
L 0.8667 0.7333 0.9333 0.8000
~ 0.9333 0.7333 1.0000 0.8000
~ 0.0000 0.8000 0.0667 0.8667
~ 0.0667 0.8000 0.1333 0.8667
T 0.1333 0.8000 0.2000 0.8667
H 0.2000 0.8000 0.2667 0.8667
E 0.2667 0.8000 0.3333 0.8667
N 0.3333 0.8000 0.4000 0.8667
~ 0.4000 0.8000 0.4667 0.8667
X 0.4667 0.8000 0.5333 0.8667
~ 0.5333 0.8000 0.6000 0.8667
~ 0.6000 0.8000 0.6667 0.8667
~ 0.6667 0.8000 0.7333 0.8667
~ 0.7333 0.8000 0.8000 0.8667
~ 0.8000 0.8000 0.8667 0.8667
~ 0.8667 0.8000 0.9333 0.8667
~ 0.9333 0.8000 1.0000 0.8667
T 0.0000 0.8667 0.0667 0.9333
R 0.0667 0.8667 0.1333 0.9333
A 0.1333 0.8667 0.2000 0.9333
M 0.2000 0.8667 0.2667 0.9333
~ 0.2667 0.8667 0.3333 0.9333
S 0.3333 0.8667 0.4000 0.9333
C 0.4000 0.8667 0.4667 0.9333
A 0.4667 0.8667 0.5333 0.9333
L 0.5333 0.8667 0.6000 0.9333
D 0.6000 0.8667 0.6667 0.9333
~ 0.6667 0.8667 0.7333 0.9333
~ 0.7333 0.8667 0.8000 0.9333
~ 0.8000 0.8667 0.8667 0.9333
~ 0.8667 0.8667 0.9333 0.9333
~ 0.9333 0.8667 1.0000 0.9333
~ 0.0000 0.9333 0.0667 1.0000
~ 0.0667 0.9333 0.1333 1.0000
~ 0.1333 0.9333 0.2000 1.0000
~ 0.2000 0.9333 0.2667 1.0000
~ 0.2667 0.9333 0.3333 1.0000
~ 0.3333 0.9333 0.4000 1.0000
~ 0.4000 0.9333 0.4667 1.0000
D 0.4667 0.9333 0.5333 1.0000
~ 0.5333 0.9333 0.6000 1.0000
~ 0.6000 0.9333 0.6667 1.0000
~ 0.6667 0.9333 0.7333 1.0000
~ 0.7333 0.9333 0.8000 1.0000
~ 0.8000 0.9333 0.8667 1.0000
~ 0.8667 0.9333 0.9333 1.0000
~ 0.9333 0.9333 1.0000 1.0000
