~ 0.0000 0.0000 0.0667 0.0667
~ 0.0667 0.0000 0.1333 0.0667
~ 0.1333 0.0000 0.2000 0.0667
~ 0.2000 0.0000 0.2667 0.0667
~ 0.2667 0.0000 0.3333 0.0667
~ 0.3333 0.0000 0.4000 0.0667
~ 0.4000 0.0000 0.4667 0.0667
~ 0.4667 0.0000 0.5333 0.0667
~ 0.5333 0.0000 0.6000 0.0667
~ 0.6000 0.0000 0.6667 0.0667
~ 0.6667 0.0000 0.7333 0.0667
~ 0.7333 0.0000 0.8000 0.0667
~ 0.8000 0.0000 0.8667 0.0667
~ 0.8667 0.0000 0.9333 0.0667
~ 0.9333 0.0000 1.0000 0.0667
~ 0.0000 0.0667 0.0667 0.1333
~ 0.0667 0.0667 0.1333 0.1333
~ 0.1333 0.0667 0.2000 0.1333
~ 0.2000 0.0667 0.2667 0.1333
~ 0.2667 0.0667 0.3333 0.1333
~ 0.3333 0.0667 0.4000 0.1333
~ 0.4000 0.0667 0.4667 0.1333
~ 0.4667 0.0667 0.5333 0.1333
~ 0.5333 0.0667 0.6000 0.1333
V 0.6000 0.0667 0.6667 0.1333
A 0.6667 0.0667 0.7333 0.1333
T 0.7333 0.0667 0.8000 0.1333
~ 0.8000 0.0667 0.8667 0.1333
~ 0.8667 0.0667 0.9333 0.1333
~ 0.9333 0.0667 1.0000 0.1333
~ 0.0000 0.1333 0.0667 0.2000
~ 0.0667 0.1333 0.1333 0.2000
~ 0.1333 0.1333 0.2000 0.2000
~ 0.2000 0.1333 0.2667 0.2000
~ 0.2667 0.1333 0.3333 0.2000
~ 0.3333 0.1333 0.4000 0.2000
~ 0.4000 0.1333 0.4667 0.2000
~ 0.4667 0.1333 0.5333 0.2000
B 0.5333 0.1333 0.6000 0.2000
~ 0.6000 0.1333 0.6667 0.2000
L 0.6667 0.1333 0.7333 0.2000
E 0.7333 0.1333 0.8000 0.2000
V 0.8000 0.1333 0.8667 0.2000
~ 0.8667 0.1333 0.9333 0.2000
~ 0.9333 0.1333 1.0000 0.2000
~ 0.0000 0.2000 0.0667 0.2667
~ 0.0667 0.2000 0.1333 0.2667
~ 0.1333 0.2000 0.2000 0.2667
~ 0.2000 0.2000 0.2667 0.2667
~ 0.2667 0.2000 0.3333 0.2667
~ 0.3333 0.2000 0.4000 0.2667
~ 0.4000 0.2000 0.4667 0.2667
~ 0.4667 0.2000 0.5333 0.2667
U 0.5333 0.2000 0.6000 0.2667
~ 0.6000 0.2000 0.6667 0.2667
~ 0.6667 0.2000 0.7333 0.2667
D 0.7333 0.2000 0.8000 0.2667
I 0.8000 0.2000 0.8667 0.2667
C 0.8667 0.2000 0.9333 0.2667
K 0.9333 0.2000 1.0000 0.2667
~ 0.0000 0.2667 0.0667 0.3333
~ 0.0667 0.2667 0.1333 0.3333
~ 0.1333 0.2667 0.2000 0.3333
~ 0.2000 0.2667 0.2667 0.3333
F 0.2667 0.2667 0.3333 0.3333
~ 0.3333 0.2667 0.4000 0.3333
~ 0.4000 0.2667 0.4667 0.3333
A 0.4667 0.2667 0.5333 0.3333
G 0.5333 0.2667 0.6000 0.3333
I 0.6000 0.2667 0.6667 0.3333
O 0.6667 0.2667 0.7333 0.3333
~ 0.7333 0.2667 0.8000 0.3333
N 0.8000 0.2667 0.8667 0.3333
~ 0.8667 0.2667 0.9333 0.3333
E 0.9333 0.2667 1.0000 0.3333
~ 0.0000 0.3333 0.0667 0.4000
~ 0.0667 0.3333 0.1333 0.4000
~ 0.1333 0.3333 0.2000 0.4000
~ 0.2000 0.3333 0.2667 0.4000
R 0.2667 0.3333 0.3333 0.4000
~ 0.3333 0.3333 0.4000 0.4000
~ 0.4000 0.3333 0.4667 0.4000
Q 0.4667 0.3333 0.5333 0.4000
~ 0.5333 0.3333 0.6000 0.4000
D 0.6000 0.3333 0.6667 0.4000
I 0.6667 0.3333 0.7333 0.4000
T 0.7333 0.3333 0.8000 0.4000
A 0.8000 0.3333 0.8667 0.4000
~ 0.8667 0.3333 0.9333 0.4000
R 0.9333 0.3333 1.0000 0.4000
~ 0.0000 0.4000 0.0667 0.4667
~ 0.0667 0.4000 0.1333 0.4667
F 0.1333 0.4000 0.2000 0.4667
L 0.2000 0.4000 0.2667 0.4667
O 0.2667 0.4000 0.3333 0.4667
P 0.3333 0.4000 0.4000 0.4667
~ 0.4000 0.4000 0.4667 0.4667
U 0.4667 0.4000 0.5333 0.4667
~ 0.5333 0.4000 0.6000 0.4667
~ 0.6000 0.4000 0.6667 0.4667
~ 0.6667 0.4000 0.7333 0.4667
~ 0.7333 0.4000 0.8000 0.4667
~ 0.8000 0.4000 0.8667 0.4667
~ 0.8667 0.4000 0.9333 0.4667
B 0.9333 0.4000 1.0000 0.4667
~ 0.0000 0.4667 0.0667 0.5333
~ 0.0667 0.4667 0.1333 0.5333
~ 0.1333 0.4667 0.2000 0.5333
~ 0.2000 0.4667 0.2667 0.5333
Z 0.2667 0.4667 0.3333 0.5333
A 0.3333 0.4667 0.4000 0.5333
~ 0.4000 0.4667 0.4667 0.5333
A 0.4667 0.4667 0.5333 0.5333
E 0.5333 0.4667 0.6000 0.5333
R 0.6000 0.4667 0.6667 0.5333
I 0.6667 0.4667 0.7333 0.5333
E 0.7333 0.4667 0.8000 0.5333
~ 0.8000 0.4667 0.8667 0.5333
~ 0.8667 0.4667 0.9333 0.5333
S 0.9333 0.4667 1.0000 0.5333
~ 0.0000 0.5333 0.0667 0.6000
~ 0.0667 0.5333 0.1333 0.6000
J 0.1333 0.5333 0.2000 0.6000
O 0.2000 0.5333 0.2667 0.6000
E 0.2667 0.5333 0.3333 0.6000
S 0.3333 0.5333 0.4000 0.6000
~ 0.4000 0.5333 0.4667 0.6000
~ 0.4667 0.5333 0.5333 0.6000
H 0.5333 0.5333 0.6000 0.6000
E 0.6000 0.5333 0.6667 0.6000
N 0.6667 0.5333 0.7333 0.6000
R 0.7333 0.5333 0.8000 0.6000
Y 0.8000 0.5333 0.8667 0.6000
~ 0.8667 0.5333 0.9333 0.6000
~ 0.9333 0.5333 1.0000 0.6000
~ 0.0000 0.6000 0.0667 0.6667
W 0.0667 0.6000 0.1333 0.6667
U 0.1333 0.6000 0.2000 0.6667
D 0.2000 0.6000 0.2667 0.6667
~ 0.2667 0.6000 0.3333 0.6667
~ 0.3333 0.6000 0.4000 0.6667
~ 0.4000 0.6000 0.4667 0.6667
~ 0.4667 0.6000 0.5333 0.6667
~ 0.5333 0.6000 0.6000 0.6667
X 0.6000 0.6000 0.6667 0.6667
~ 0.6667 0.6000 0.7333 0.6667
G 0.7333 0.6000 0.8000 0.6667
E 0.8000 0.6000 0.8667 0.6667
Y 0.8667 0.6000 0.9333 0.6667
~ 0.9333 0.6000 1.0000 0.6667
R 0.0000 0.6667 0.0667 0.7333
O 0.0667 0.6667 0.1333 0.7333
S 0.1333 0.6667 0.2000 0.7333
E 0.2000 0.6667 0.2667 0.7333
A 0.2667 0.6667 0.3333 0.7333
T 0.3333 0.6667 0.4000 0.7333
E 0.4000 0.6667 0.4667 0.7333
~ 0.4667 0.6667 0.5333 0.7333
~ 0.5333 0.6667 0.6000 0.7333
~ 0.6000 0.6667 0.6667 0.7333
M 0.6667 0.6667 0.7333 0.7333
O 0.7333 0.6667 0.8000 0.7333
N 0.8000 0.6667 0.8667 0.7333
~ 0.8667 0.6667 0.9333 0.7333
~ 0.9333 0.6667 1.0000 0.7333
I 0.0000 0.7333 0.0667 0.8000
~ 0.0667 0.7333 0.1333 0.8000
T 0.1333 0.7333 0.2000 0.8000
~ 0.2000 0.7333 0.2667 0.8000
W 0.2667 0.7333 0.3333 0.8000
~ 0.3333 0.7333 0.4000 0.8000
T 0.4000 0.7333 0.4667 0.8000
O 0.4667 0.7333 0.5333 0.8000
I 0.5333 0.7333 0.6000 0.8000
L 0.6000 0.7333 0.6667 0.8000
E 0.6667 0.7333 0.7333 0.8000
T 0.7333 0.7333 0.8000 0.8000
~ 0.8000 0.7333 0.8667 0.8000
~ 0.8667 0.7333 0.9333 0.8000
~ 0.9333 0.7333 1.0000 0.8000
C 0.0000 0.8000 0.0667 0.8667
~ 0.0667 0.8000 0.1333 0.8667
~ 0.1333 0.8000 0.2000 0.8667
~ 0.2000 0.8000 0.2667 0.8667
~ 0.2667 0.8000 0.3333 0.8667
~ 0.3333 0.8000 0.4000 0.8667
~ 0.4000 0.8000 0.4667 0.8667
H 0.4667 0.8000 0.5333 0.8667
~ 0.5333 0.8000 0.6000 0.8667
~ 0.6000 0.8000 0.6667 0.8667
~ 0.6667 0.8000 0.7333 0.8667
~ 0.7333 0.8000 0.8000 0.8667
A 0.8000 0.8000 0.8667 0.8667
P 0.8667 0.8000 0.9333 0.8667
O 0.9333 0.8000 1.0000 0.8667
I 0.0000 0.8667 0.0667 0.9333
D 0.0667 0.8667 0.1333 0.9333
~ 0.1333 0.8667 0.2000 0.9333
~ 0.2000 0.8667 0.2667 0.9333
~ 0.2667 0.8667 0.3333 0.9333
~ 0.3333 0.8667 0.4000 0.9333
~ 0.4000 0.8667 0.4667 0.9333
I 0.4667 0.8667 0.5333 0.9333
~ 0.5333 0.8667 0.6000 0.9333
~ 0.6000 0.8667 0.6667 0.9333
M 0.6667 0.8667 0.7333 0.9333
A 0.7333 0.8667 0.8000 0.9333
G 0.8000 0.8667 0.8667 0.9333
I 0.8667 0.8667 0.9333 0.9333
~ 0.9333 0.8667 1.0000 0.9333
N 0.0000 0.9333 0.0667 1.0000
E 0.0667 0.9333 0.1333 1.0000
~ 0.1333 0.9333 0.2000 1.0000
~ 0.2000 0.9333 0.2667 1.0000
~ 0.2667 0.9333 0.3333 1.0000
~ 0.3333 0.9333 0.4000 1.0000
~ 0.4000 0.9333 0.4667 1.0000
A 0.4667 0.9333 0.5333 1.0000
L 0.5333 0.9333 0.6000 1.0000
E 0.6000 0.9333 0.6667 1.0000
U 0.6667 0.9333 0.7333 1.0000
~ 0.7333 0.9333 0.8000 1.0000
O 0.8000 0.9333 0.8667 1.0000
N 0.8667 0.9333 0.9333 1.0000
S 0.9333 0.9333 1.0000 1.0000
