Photo_2007-07-04_022.jpg [[145, 78], [541, 58], [148, 478], [544, 478]]
Photo_2012-02-12T185728.jpg [[59, 99], [361, 58], [124, 432], [387, 447]]
Photo_2010-07-03T125302.jpg [[180, 27], [531, 27], [168, 473], [556, 463]]
Photo_2009-09-06_004.jpg [[166, 64], [515, 44], [117, 444], [555, 454]]
Photo_2016-07-10T151316.jpg [[104, 66], [394, 19], [143, 462], [420, 445]]
Photo_2011-12-23T163257.jpg [[230, 47], [501, 69], [220, 421], [555, 409]]
Photo_2011-09-18T190134.jpg [[289, 35], [582, 65], [285, 443], [601, 425]]
Photo_2012-12-29T183246.jpg [[145, 14], [507, 11], [145, 457], [514, 447]]
Photo_2011-07-01T221902.jpg [[244, 32], [505, 51], [260, 389], [555, 361]]
Photo_2010-07-04T161731.jpg [[50, 43], [418, 28], [77, 454], [410, 471]]
Photo_2006-09-10_001.jpg [[131, 39], [498, 48], [103, 450], [517, 457]]
Photo_2012-11-13T211407.jpg [[185, 17], [510, 9], [181, 424], [541, 416]]
Photo_2011-06-07T181300.jpg [[247, 25], [572, 20], [261, 451], [610, 419]]
Photo_2012-11-11T221411.jpg [[180, 19], [530, 18], [174, 462], [557, 453]]
Photo_2008-04-05_069.jpg [[182, 24], [541, 45], [173, 429], [542, 427]]
Photo_2011-07-03T154228.jpg [[149, 7], [511, 1], [133, 447], [528, 449]]
Photo_2011-02-08T200215.jpg [[263, 52], [579, 49], [274, 454], [597, 434]]
Photo_2009-09-06_010.jpg [[135, 52], [486, 41], [102, 446], [520, 436]]
Photo_2011-02-13T174628.jpg [[276, 52], [565, 63], [280, 445], [576, 423]]
Photo_2012-11-17T151025.jpg [[70, 65], [396, 15], [99, 444], [417, 455]]
Photo_2011-01-30T130134.jpg [[179, 10], [529, 5], [164, 454], [568, 445]]
Photo_2008-04-05_041.jpg [[140, 22], [513, 40], [140, 460], [520, 430]]
Photo_2012-12-11T215558.jpg [[134, 9], [496, 7], [118, 459], [515, 465]]
Photo_2011-03-15T190346.jpg [[79, 52], [428, 23], [98, 462], [444, 456]]
Photo_2013-05-21T210357.jpg [[226, 11], [546, 34], [228, 443], [541, 413]]
Photo_2010-04-11T100835.jpg [[146, 22], [511, 11], [130, 477], [545, 469]]
Photo_2012-05-20T133841.jpg [[163, 34], [493, 28], [141, 453], [529, 451]]
Photo_2011-05-10T190836.jpg [[51, 44], [397, 18], [73, 446], [404, 454]]
Photo_2012-09-25T200308.jpg [[229, 12], [540, 24], [236, 438], [597, 409]]
Photo_2009-11-08_013.jpg [[182, 49], [455, 90], [183, 412], [485, 390]]
Photo_2009-11-08_007.jpg [[158, 70], [483, 60], [114, 424], [498, 435]]
Photo_2012-09-11T192435.jpg [[270, 67], [563, 51], [297, 429], [559, 383]]
Photo_2018-03-10T123323.jpg [[97, 97], [439, 93], [134, 458], [422, 452]]
Photo_2011-07-09T102432.jpg [[293, 63], [574, 68], [309, 463], [607, 430]]
Photo_2010-08-17T215612.jpg [[178, 17], [535, 32], [171, 477], [559, 464]]
Photo_2011-10-22T121639.jpg [[171, 30], [521, 27], [150, 463], [538, 473]]
Photo_2008-04-05_055.jpg [[159, 28], [531, 37], [148, 445], [551, 437]]
Photo_2016-03-26T110327.jpg [[119, 132], [382, 68], [131, 457], [417, 463]]
Photo_2011-01-02T111538.jpg [[259, 38], [556, 60], [252, 433], [561, 422]]
Photo_2018-06-22T184800.jpg [[91, 19], [488, 16], [87, 453], [497, 453]]
Photo_2008-06-26_004.jpg [[138, 23], [548, 12], [111, 428], [548, 445]]
Photo_2012-06-03T174315.jpg [[160, 21], [507, 11], [130, 447], [529, 462]]
Photo_2008-02-16_002.jpg [[93, 35], [534, 21], [142, 455], [518, 438]]
Photo_2008-11-15_016.jpg [[171, 45], [555, 54], [178, 476], [557, 454]]
Photo_2010-12-31T154640.jpg [[138, 12], [496, 10], [129, 462], [517, 454]]
Photo_2010-09-07T210454.jpg [[212, 21], [556, 29], [215, 459], [572, 443]]
Photo_2009-08-04_019.jpg [[171, 47], [542, 28], [114, 446], [557, 478]]
Photo_2008-04-05_009A.jpg [[121, 11], [531, 8], [130, 426], [514, 442]]
Photo_2007-06-30_015.jpg [[132, 2], [524, 11], [116, 443], [547, 436]]
Photo_2011-09-16T202959.jpg [[144, 28], [496, 11], [120, 476], [544, 467]]
Photo_2012-09-09T190302.jpg [[255, 21], [511, 59], [264, 402], [527, 374]]
Photo_2008-11-15_002.jpg [[154, 26], [541, 34], [123, 458], [567, 464]]
Photo_2018-10-06T164408.jpg [[103, 34], [482, 30], [95, 459], [504, 452]]
Photo_2012-09-11T210303.jpg [[62, 56], [414, 14], [99, 473], [445, 454]]
Photo_2017-05-21T142724.jpg [[187, 31], [507, 12], [189, 449], [584, 407]]
Photo_2007-04-15_001.jpg [[116, 39], [498, 35], [75, 465], [525, 472]]
Photo_2011-04-26T205001.jpg [[42, 56], [385, 34], [65, 451], [393, 463]]
Photo_2013-04-27T161301.jpg [[80, 79], [427, 32], [132, 453], [446, 467]]
Photo_2011-09-10T133316.jpg [[36, 35], [360, 1], [62, 416], [374, 417]]
Photo_2015-09-26T124825.jpg [[241, 3], [567, 53], [217, 453], [568, 449]]
Photo_2012-11-02T231058.jpg [[267, 49], [554, 58], [271, 423], [573, 405]]
Photo_2012-12-09T171608.jpg [[219, 44], [511, 47], [222, 435], [564, 412]]
Photo_2011-12-26T162206.jpg [[41, 81], [421, 45], [122, 446], [423, 451]]
Photo_2010-01-30T175422.jpg [[171, 16], [525, 1], [156, 451], [557, 450]]
Photo_2013-08-11T135625.jpg [[95, 122], [364, 85], [138, 434], [387, 467]]
Photo_2017-09-02T122131.jpg [[172, 40], [489, 30], [133, 437], [540, 439]]
Photo_2010-10-30T193542.jpg [[134, 18], [496, 18], [113, 465], [509, 474]]
Photo_2012-12-09T132043.jpg [[96, 102], [435, 42], [168, 452], [460, 444]]
Photo_2011-11-06T144636.jpg [[278, 46], [559, 66], [270, 423], [569, 414]]
Photo_2009-07-12_001.jpg [[132, 56], [493, 54], [95, 463], [519, 463]]
Photo_2017-01-08T164420.jpg [[167, 35], [492, 26], [141, 437], [522, 442]]
Photo_2012-11-03T110452.jpg [[54, 39], [392, 47], [62, 426], [373, 458]]
Photo_2009-08-04_031.jpg [[153, 34], [529, 30], [132, 460], [560, 456]]
Photo_2011-03-19T123450.jpg [[224, 62], [539, 78], [214, 460], [539, 455]]
Photo_2006-07-04_010.jpg [[150, 26], [516, 28], [140, 417], [509, 432]]
Photo_2012-10-16T192420.jpg [[236, 13], [567, 37], [226, 452], [586, 441]]
Photo_2011-02-22T200913.jpg [[52, 50], [375, 26], [67, 431], [386, 430]]
Photo_2011-09-06T181700.jpg [[48, 32], [394, 29], [54, 430], [383, 448]]
Photo_2013-03-28T202041.jpg [[172, 38], [532, 37], [167, 436], [528, 444]]
Photo_2009-11-22_037.jpg [[130, 39], [471, 41], [104, 421], [509, 411]]
Photo_2017-12-30T003746.jpg [[230, 60], [503, 88], [232, 452], [524, 420]]
Photo_2010-09-28T204717.jpg [[178, 32], [513, 31], [189, 455], [529, 434]]
Photo_2007-07-08_004.jpg [[110, 41], [485, 47], [80, 466], [505, 463]]
Photo_2012-12-31T160200.jpg [[171, 17], [473, 43], [173, 436], [539, 403]]
Photo_2010-01-30T180326.jpg [[216, 69], [513, 53], [148, 403], [547, 421]]
Photo_2014-01-12T130717.jpg [[186, 27], [497, 23], [192, 439], [559, 404]]
Photo_2011-01-25T190128.jpg [[68, 40], [417, 29], [86, 444], [420, 442]]
Photo_2007-09-29_103.jpg [[107, 33], [491, 36], [69, 461], [500, 473]]
Photo_2011-05-29T184735.jpg [[207, 23], [539, 20], [192, 435], [564, 433]]
Photo_2011-09-10T123449.jpg [[61, 58], [384, 25], [91, 450], [403, 448]]
Photo_2013-01-27T125404.jpg [[158, 17], [515, 7], [145, 459], [536, 464]]
Photo_2010-03-01T211901.jpg [[191, 25], [541, 22], [181, 456], [559, 462]]
Photo_2011-09-18T135952.jpg [[228, 23], [557, 20], [257, 464], [591, 409]]
Photo_2011-06-07T195611.jpg [[246, 39], [568, 42], [252, 463], [596, 436]]
Photo_2010-02-01T155844.jpg [[209, 40], [513, 43], [232, 400], [606, 373]]
Photo_2009-09-07_001.jpg [[172, 24], [541, 38], [140, 440], [570, 448]]
Photo_2012-10-13T115402.jpg [[175, 21], [502, 15], [157, 435], [529, 433]]
Photo_2011-02-05T161240.jpg [[53, 33], [424, 30], [78, 453], [417, 462]]
Photo_2007-07-08_010.jpg [[147, 26], [521, 44], [129, 461], [540, 448]]
Photo_2015-12-19T164503.jpg [[215, 55], [539, 34], [150, 437], [569, 477]]
Photo_2009-11-22_023.jpg [[194, 54], [485, 50], [203, 383], [525, 356]]
Photo_2011-09-10T172612.jpg [[115, 33], [457, 26], [111, 430], [448, 449]]
Photo_2013-10-13T161322.jpg [[167, 19], [503, 15], [146, 443], [540, 444]]
Photo_2011-05-24T195001.jpg [[256, 48], [555, 59], [262, 440], [580, 426]]
Photo_2011-12-26T130959.jpg [[281, 3], [584, 54], [275, 456], [586, 425]]
Photo_2011-09-18T191014.jpg [[54, 64], [359, 11], [94, 421], [389, 418]]
Photo_2016-07-23T120021.jpg [[146, 13], [475, 18], [113, 441], [528, 426]]
Photo_2012-03-18T160123.jpg [[43, 54], [377, 12], [102, 412], [393, 425]]
Photo_2012-05-20T114742.jpg [[246, 22], [532, 59], [221, 405], [541, 416]]
Photo_2011-06-14T203734.jpg [[156, 20], [497, 11], [146, 452], [536, 434]]
Photo_2010-07-05T140803.jpg [[116, 38], [465, 40], [129, 446], [458, 436]]
Photo_2011-07-01T211355.jpg [[111, 45], [472, 43], [139, 444], [461, 439]]
Photo_2010-09-26T110338.jpg [[140, 30], [481, 20], [134, 450], [493, 445]]
Photo_2013-05-19T150231.jpg [[173, 28], [509, 16], [148, 441], [531, 457]]
Photo_2010-02-21T161450.jpg [[185, 20], [523, 23], [166, 460], [560, 447]]
Photo_2017-03-11T161027.jpg [[82, 62], [473, 26], [148, 466], [465, 467]]
Photo_2013-10-13T134323.jpg [[205, 19], [449, 53], [238, 387], [517, 345]]
Photo_2013-06-01T104209.jpg [[141, 107], [412, 66], [151, 436], [428, 449]]
Photo_2011-01-31T160155.jpg [[97, 64], [450, 62], [123, 456], [434, 451]]
Photo_2013-04-27T150309.jpg [[102, 102], [443, 68], [162, 451], [451, 466]]
Photo_2010-07-05T140817.jpg [[225, 28], [572, 30], [252, 476], [599, 436]]
Photo_2009-11-19_002.jpg [[189, 48], [536, 41], [138, 431], [603, 430]]
Photo_2011-11-06T174534.jpg [[82, 74], [338, 34], [101, 391], [353, 403]]
Photo_2012-12-09T190637.jpg [[191, 13], [481, 48], [183, 417], [527, 397]]
Photo_2011-02-13T124547.jpg [[76, 63], [368, 54], [86, 399], [364, 423]]
Photo_2009-08-05_008.jpg [[193, 36], [518, 43], [167, 396], [554, 400]]
Photo_2008-02-17_013.jpg [[101, 43], [462, 14], [106, 423], [480, 430]]
Photo_2008-07-13_022.jpg [[137, 18], [520, 18], [97, 437], [536, 458]]
Photo_2014-07-22T204922.jpg [[114, 111], [435, 59], [182, 440], [459, 469]]
Photo_2013-11-24T180850.jpg [[99, 96], [411, 68], [165, 405], [418, 448]]
Photo_2010-04-10T121908.jpg [[219, 18], [528, 36], [217, 432], [569, 415]]
Photo_2011-12-06T210557.jpg [[61, 59], [378, 4], [100, 428], [409, 419]]
Photo_2011-03-20T142100.jpg [[259, 78], [551, 85], [267, 458], [560, 434]]
Photo_2006-05-30_001.jpg [[154, 25], [489, 7], [111, 387], [525, 381]]
Photo_2012-11-29T224050.jpg [[181, 10], [539, 23], [196, 464], [539, 433]]
Photo_2008-06-27_001.jpg [[107, 38], [518, 32], [99, 439], [520, 453]]
Photo_2011-01-30T110025.jpg [[155, 19], [515, 1], [148, 456], [535, 461]]
Photo_2012-12-04T203609.jpg [[224, 29], [551, 35], [237, 455], [572, 430]]
Photo_2008-02-17_007.jpg [[144, 38], [512, 47], [118, 459], [536, 457]]
Photo_2011-09-02T214735.jpg [[167, 30], [519, 20], [148, 478], [563, 477]]
Photo_2011-01-01T163836.jpg [[161, 7], [525, 2], [140, 459], [548, 466]]
Photo_2011-02-22T191526.jpg [[95, 80], [403, 48], [118, 440], [420, 434]]
Photo_2013-04-20T191917.jpg [[153, 23], [497, 15], [144, 437], [507, 445]]
Photo_2012-04-22T175501.jpg [[51, 86], [363, 62], [105, 417], [371, 448]]
Photo_2012-05-20T155905.jpg [[82, 54], [386, 7], [92, 428], [405, 434]]
Photo_2006-07-15_001.jpg [[107, 51], [448, 53], [94, 438], [467, 427]]
Photo_2014-05-07T203045.jpg [[152, 21], [495, 22], [118, 444], [512, 460]]
Photo_2009-07-03_010.jpg [[164, 52], [522, 55], [130, 448], [546, 454]]
Photo_2013-08-11T171503.jpg [[209, 35], [457, 85], [196, 398], [494, 390]]
Photo_2009-08-08_003.jpg [[171, 43], [519, 51], [123, 430], [533, 454]]
Photo_2006-05-06_003.jpg [[121, 59], [494, 57], [100, 472], [509, 477]]
Photo_2018-10-06T174431.jpg [[141, 57], [496, 42], [142, 444], [517, 438]]
Photo_2012-11-06T211120.jpg [[176, 18], [525, 16], [164, 443], [541, 449]]
Photo_2009-07-03_004.jpg [[155, 69], [498, 68], [118, 452], [533, 453]]
Photo_2013-04-21T124520.jpg [[229, 40], [479, 75], [231, 406], [526, 385]]
Photo_2016-01-10T190805.jpg [[159, 23], [511, 5], [123, 454], [541, 471]]
Photo_2011-02-05T140517.jpg [[153, 12], [500, 16], [134, 443], [520, 447]]
Photo_2009-08-18_003.jpg [[123, 33], [515, 37], [107, 423], [522, 436]]
Photo_2009-08-05_020.jpg [[76, 27], [425, 11], [32, 409], [436, 415]]
Photo_2011-09-10T172835.jpg [[233, 10], [565, 12], [238, 464], [598, 436]]
Photo_2015-10-24T132716.jpg [[231, 19], [497, 51], [251, 413], [529, 375]]
Photo_2010-01-30T150503.jpg [[177, 20], [528, 17], [152, 465], [568, 462]]
Photo_2008-05-18_026.jpg [[134, 52], [468, 65], [139, 438], [468, 407]]
Photo_2013-09-15T125900.jpg [[189, 63], [447, 91], [168, 415], [493, 408]]
Photo_2013-02-10T140110.jpg [[142, 18], [466, 9], [140, 437], [522, 404]]
Photo_2008-08-10_023.jpg [[150, 45], [521, 45], [122, 468], [559, 464]]
Photo_2012-11-13T203407.jpg [[94, 49], [420, 28], [108, 429], [426, 438]]
Photo_2016-01-24T213600.jpg [[187, 21], [520, 12], [147, 425], [542, 441]]
Photo_2016-04-30T163357.jpg [[243, 34], [485, 50], [282, 399], [547, 350]]
Photo_2007-07-10_002.jpg [[120, 30], [502, 20], [114, 456], [533, 441]]
Photo_2005-08-21_002.jpg [[145, 39], [499, 26], [80, 442], [541, 452]]
Photo_2015-05-24T102153.jpg [[152, 56], [427, 31], [147, 380], [407, 451]]
Photo_2010-07-04T161335.jpg [[260, 11], [578, 20], [250, 423], [606, 419]]
Photo_2009-09-12_024.jpg [[173, 42], [502, 52], [173, 427], [548, 405]]
Photo_2007-07-10_016.jpg [[153, 46], [516, 60], [114, 460], [548, 463]]
Photo_2012-12-29T153113.jpg [[159, 89], [513, 66], [202, 439], [495, 449]]
Photo_2008-05-18_032.jpg [[118, 44], [496, 40], [97, 476], [527, 468]]
Photo_2010-07-03T163753.jpg [[200, 16], [537, 42], [181, 449], [540, 450]]
Photo_2008-01-13_029.jpg [[119, 43], [500, 37], [97, 472], [534, 467]]
Photo_2010-03-21T155116.jpg [[231, 15], [522, 43], [233, 421], [538, 392]]
Photo_2013-10-13T134519.jpg [[234, 64], [474, 115], [217, 445], [470, 419]]
Photo_2008-08-10_037.jpg [[115, 27], [503, 14], [101, 466], [550, 449]]
Photo_2012-11-13T202043.jpg [[167, 22], [515, 23], [176, 466], [533, 433]]
Photo_2010-03-21T105709.jpg [[128, 64], [446, 49], [135, 427], [437, 455]]
Photo_2014-10-28T102425.jpg [[164, 11], [514, 6], [141, 450], [545, 452]]
Photo_2008-01-13_001.jpg [[174, 50], [535, 51], [136, 451], [564, 467]]
Photo_2006-02-04_001.jpg [[140, 54], [521, 50], [123, 442], [539, 445]]
Photo_2011-03-20T110915.jpg [[86, 38], [388, 30], [84, 391], [376, 419]]
Photo_2009-09-29_005.jpg [[137, 74], [438, 25], [140, 397], [458, 401]]
Photo_2011-07-12T175804.jpg [[170, 28], [506, 25], [151, 449], [522, 450]]
Photo_2011-06-14T213335.jpg [[233, 30], [556, 43], [232, 457], [589, 436]]
Photo_2012-05-20T123924.jpg [[205, 17], [510, 29], [230, 447], [575, 396]]
Photo_2015-12-19T163456.jpg [[200, 19], [524, 30], [211, 463], [566, 426]]
Photo_2012-04-22T191724.jpg [[55, 60], [370, 24], [85, 423], [374, 451]]
Photo_2009-09-12_018.jpg [[120, 38], [474, 33], [102, 427], [495, 423]]
Photo_2010-03-16T181347.jpg [[175, 11], [524, 16], [181, 448], [536, 428]]
Photo_2006-11-17_001.jpg [[126, 26], [518, 32], [91, 462], [524, 474]]
Photo_2014-08-08T124911.jpg [[162, 27], [494, 9], [122, 433], [522, 447]]
Photo_2014-07-22T190916.jpg [[144, 34], [474, 26], [114, 450], [502, 454]]
Photo_2011-07-02T145407.jpg [[230, 30], [537, 46], [229, 451], [575, 419]]
Photo_2011-12-27T203823.jpg [[98, 23], [521, 18], [142, 468], [490, 468]]
Photo_2010-02-18T163909.jpg [[201, 23], [552, 25], [184, 453], [568, 467]]
Photo_2011-05-24T194519.jpg [[146, 6], [508, 7], [121, 461], [529, 462]]
Photo_2010-09-25T160202.jpg [[109, 77], [438, 69], [117, 451], [429, 476]]
Photo_2015-04-18T124145.jpg [[179, 53], [452, 66], [208, 440], [475, 381]]
Photo_2015-02-07T210922.jpg [[220, 8], [543, 45], [205, 451], [555, 437]]
Photo_2010-09-24T120528.jpg [[225, 24], [516, 49], [195, 389], [523, 403]]
Photo_2013-05-19T175847.jpg [[156, 31], [493, 21], [151, 467], [539, 441]]
Photo_2014-09-20T151009.jpg [[83, 86], [427, 57], [133, 452], [429, 475]]
Photo_2012-02-12T175949.jpg [[69, 52], [381, 36], [76, 416], [374, 457]]
Photo_2011-07-03T154604.jpg [[157, 15], [506, 3], [149, 464], [552, 445]]
Photo_2008-01-13_015.jpg [[129, 88], [486, 78], [147, 440], [476, 466]]
Photo_2011-03-04T085359.jpg [[196, 15], [537, 20], [187, 450], [558, 440]]
Photo_2015-02-24T222439.jpg [[163, 11], [514, 22], [130, 475], [560, 462]]
Photo_2012-11-04T153322.jpg [[110, 25], [497, 13], [136, 445], [475, 457]]
Photo_2009-11-21_043.jpg [[195, 53], [536, 53], [145, 422], [564, 440]]
Photo_2010-05-08T160926.jpg [[222, 22], [519, 48], [215, 421], [527, 405]]
Photo_2012-10-10T221301.jpg [[153, 22], [508, 25], [133, 466], [530, 472]]
Photo_2013-02-10T174510.jpg [[124, 94], [420, 44], [147, 441], [439, 458]]
Photo_2014-06-15T174320.jpg [[198, 39], [516, 33], [146, 415], [514, 471]]
Photo_2012-11-17T161247.jpg [[115, 48], [459, 8], [129, 444], [472, 455]]
Photo_2010-12-14T215723.jpg [[229, 58], [541, 66], [229, 453], [550, 436]]
Photo_2007-06-29_002.jpg [[111, 1], [509, 9], [93, 458], [543, 442]]
Photo_2010-01-14_001.jpg [[112, 29], [501, 26], [52, 457], [564, 457]]
Photo_2018-01-01T122815.jpg [[107, 47], [501, 56], [137, 456], [460, 458]]
Photo_2016-04-02T183852.jpg [[188, 21], [517, 23], [159, 436], [555, 436]]
Photo_2010-04-13T210140.jpg [[160, 29], [501, 18], [182, 469], [536, 422]]
Photo_2011-01-16T114453.jpg [[132, 18], [493, 13], [122, 465], [508, 456]]
Photo_2011-03-20T120815.jpg [[260, 52], [556, 49], [278, 434], [577, 398]]
Photo_2012-02-12T175746.jpg [[249, 33], [531, 61], [258, 440], [541, 397]]
Photo_2012-11-02T220545.jpg [[221, 59], [502, 98], [202, 449], [504, 440]]
Photo_2010-06-13T132622.jpg [[228, 38], [531, 52], [239, 445], [551, 409]]
Photo_2011-07-03T145906.jpg [[245, 63], [558, 76], [253, 479], [580, 447]]
Photo_2012-12-11T221548.jpg [[208, 17], [555, 20], [222, 462], [572, 428]]
Photo_2013-08-04T190147.jpg [[169, 34], [449, 35], [197, 431], [512, 369]]
Photo_2010-12-19T171430.jpg [[137, 20], [502, 5], [133, 479], [538, 461]]
Photo_2011-07-01T221335.jpg [[250, 41], [543, 64], [252, 434], [557, 418]]
Photo_2011-07-04T141911.jpg [[73, 49], [376, 36], [85, 401], [374, 421]]
Photo_2013-11-24T165758.jpg [[128, 52], [518, 59], [152, 479], [485, 474]]
Photo_2011-01-01T105345.jpg [[93, 90], [418, 95], [109, 455], [403, 462]]
Photo_2018-04-07T173109.jpg [[191, 18], [532, 9], [156, 448], [578, 449]]
Photo_2014-03-19T203951.jpg [[199, 10], [546, 30], [205, 476], [562, 438]]
Photo_2011-09-06T191103.jpg [[31, 73], [378, 61], [53, 471], [379, 475]]
Photo_2013-09-15T125733.jpg [[104, 92], [379, 78], [106, 422], [364, 478]]
Photo_2017-03-18T174454.jpg [[262, 55], [556, 6], [223, 386], [520, 477]]
Photo_2008-04-06_041A.jpg [[135, 15], [535, 27], [107, 468], [552, 477]]
Photo_2011-09-18T125823.jpg [[273, 21], [584, 55], [258, 454], [606, 447]]
Photo_2016-12-10T161341.jpg [[239, 61], [507, 9], [203, 377], [491, 430]]
Photo_2013-10-13T115919.jpg [[242, 1], [503, 48], [258, 413], [529, 369]]
